231	1893
6	1532
492	1849
670	1773
424	1692
309	1825
898	1882
512	1135
834	1111
537	1452
180	1278
435	1130
655	1303
695	1088
175	1258
109	1029
412	1155
481	1718
893	1813
110	1104
599	1775
378	1610
22	1482
307	1865
913	1760
114	1047
810	1442
613	1316
262	1862
906	1441
178	1451
919	1906
652	1575
420	1620
726	1050
380	1605
219	1750
293	1205
603	1592
234	1082
136	1031
94	1954
106	1581
921	1246
687	1643
821	1613
340	1684
948	1814
37	1607
334	1387
809	1143
103	1180
314	1702
457	1213
830	1798
51	1134
201	1016
471	1556
565	1072
460	1196
236	1516
411	1432
325	1187
56	1765
673	1283
912	998
132	1875
522	1563
634	1810
134	1164
164	1041
63	1619
330	1242
152	1411
543	1722
216	1341
672	1757
901	1247
952	1795
918	1358
259	1312
622	1578
364	1602
889	1625
461	1827
304	1171
949	1277
416	1710
495	1726
230	1461
550	1632
363	1638
195	1742
900	1174
617	1300
618	1898
321	1868
680	1781
265	1156
449	1593
342	1427
349	1688
203	1852
732	1711
122	1751
955	1745
391	1739
247	1075
502	1385
857	1744
10	1714
526	1818
646	1958
48	1888
624	1396
594	1481
639	1873
413	1845
421	1717
693	1477
354	1829
555	1631
521	1817
441	1260
40	1788
910	1748
558	1554
352	1754
217	1456
641	1004
389	1096
847	1526
890	990
681	1091
696	1522
684	996
601	1668
703	1332
769	1493
869	1362
500	1105
261	1154
499	1772
355	1192
318	1732
740	1200
97	1177
858	1960
665	1314
669	1049
950	1665
812	1518
570	1152
153	1133
674	1002
278	1860
595	1210
713	1700
709	1315
566	1570
183	1521
313	1704
257	1349
407	1191
707	1809
733	1564
892	1055
677	1598
686	1673
640	1173
238	1430
767	1935
93	1251
150	1110
322	1930
30	1720
824	1380
425	1392
702	1606
651	1731
546	1956
579	1059
786	1339
119	1100
795	1330
819	1891
716	1706
426	1549
817	1266
772	1215
801	1572
856	1815
282	1462
387	1920
399	1646
458	1737
90	1170
764	1696
73	1597
448	1095
842	1472
722	1778
897	1203
553	1656
976	1099
394	1263
581	1899
385	1238
882	1683
513	1222
133	1733
719	1548
562	1323
475	1333
373	1837
459	1498
351	1657
837	1372
560	1367
957	1157
315	1291
933	1904
965	1228
442	1604
973	992
790	1734
182	1066
886	1756
614	1163
200	1624
222	1122
179	1397
472	1406
255	1505
292	1515
662	1165
872	1112
120	1085
574	1712
582	1035
524	1876
403	1113
286	1584
277	1058
295	1484
888	1528
485	1793
544	1846
843	1897
68	1318
430	1184
482	1450
929	1019
963	1220
908	1389
151	1254
479	1391
126	1463
496	1941
251	1233
229	1652
15	1137
434	1919
818	1267
290	1240
905	1812
316	1360
85	1674
774	1081
700	1145
538	1273
859	1540
510	1948
104	1591
45	1178
571	1404
978	1828
26	1198
207	1101
735	1434
312	1149
883	1780
332	1092
853	1408
832	1188
666	1541
0	1787
65	1343
11	1305
121	1293
887	1801
453	1335
718	1576
250	1880
654	1347
763	1588
226	1062
831	1963
241	1835
796	1501
727	1723
691	1443
454	1701
88	987
20	1596
214	1934
867	1826
630	1884
683	1289
724	1053
807	1033
456	1086
604	1503
28	1939
397	1691
799	1681
741	1352
211	1225
863	1089
462	1262
78	1414
393	1297
463	1357
659	1116
971	1296
586	1353
779	1928
731	1799
552	1483
557	1764
590	1573
266	1418
506	1214
98	1326
372	1626
861	1915
592	1074
907	1336
967	1398
23	1368
38	1344
186	1363
689	1495
267	1490
508	1569
9	1509
529	1301
49	1119
980	1907
931	1776
729	1512
8	1819
169	1028
690	1106
717	1659
956	1753
840	1468
765	1499
484	1218
213	1491
737	1565
147	1429
704	1614
778	1473
208	1651
102	1762
361	1895
375	1048
540	1052
291	1926
637	1771
505	1440
253	1227
757	1902
954	1677
431	1855
341	1415
968	1774
160	1327
3	1395
50	1438
620	1265
237	1132
564	1256
21	1703
899	1786
177	1146
107	1687
548	1369
611	1889
723	1231
408	1566
711	1844
204	1159
67	1856
33	1044
233	1034
146	1221
388	1186
653	1568
616	1182
775	1444
600	1328
192	1675
345	1230
701	1458
503	1243
923	1777
584	1136
678	1755
162	1068
621	1552
920	1364
271	1428
946	1560
494	1026
423	1658
915	1057
738	1377
486	1946
138	1539
781	1008
433	1721
609	1374
519	1808
194	1649
712	1107
54	1288
580	1627
52	1858
577	1784
862	1821
660	1929
490	1141
386	1864
116	1471
785	1938
705	1241
13	1854
509	1645
962	1885
814	1018
273	1121
720	1037
327	1208
173	1139
105	1697
483	1648
62	1402
627	1705
296	1337
77	1311
773	1176
877	997
129	1025
390	1586
645	1952
822	1877
762	1160
607	1144
802	1179
605	1792
800	1313
930	1579
493	1797
567	999
92	1465
329	1032
838	1236
554	1370
142	1078
911	1043
125	1194
383	1271
725	1832
324	1076
514	1709
80	1309
249	1910
469	1275
671	1953
497	1324
758	1730
339	1207
451	1087
768	1219
961	1886
635	1689
436	1655
941	1637
87	1894
730	1474
734	1216
755	988
770	1410
891	1870
682	1909
663	1295
379	1331
868	1022
568	1097
360	1843
771	1361
871	1642
532	1212
974	1761
369	1453
748	1802
75	1527
533	1448
648	1698
876	1736
59	1346
197	1562
589	1743
836	1878
501	1470
1	1280
297	1425
124	1209
909	1866
131	1508
115	1382
596	1051
766	1195
806	1010
539	1489
84	1084
270	1759
148	1129
835	1393
269	1903
396	1366
400	1796
878	1334
969	1694
336	1281
865	1693
966	1320
753	1223
784	1690
417	1719
42	1738
245	1686
157	1931
516	1811
942	1229
159	1538
488	1945
445	1103
176	1007
181	1148
443	1150
534	1848
598	1454
70	1853
977	1485
750	1654
398	1469
225	1040
335	1067
118	1009
504	1725
922	1944
597	1892
885	1069
587	1506
917	1841
338	1073
715	984
71	1381
698	1783
117	1961
945	1479
833	1268
749	1932
223	1046
643	1881
825	1847
608	1650
657	1611
344	1708
745	1555
246	1571
428	1206
619	1924
365	1419
805	1117
404	1226
928	1042
64	1629
123	993
578	1785
452	1822
631	1639
377	1716
710	1109
32	1168
258	1317
287	1401
235	1115
165	1108
141	1715
530	1834
47	1379
970	1460
263	1439
367	1735
381	1917
937	1874
95	1724
783	1274
478	1901
450	1126
694	1294
168	1500
409	1752
139	1535
437	1202
747	1680
429	1371
326	1142
642	1245
528	1118
331	1507
185	1307
531	1628
260	1287
535	1769
419	1169
593	1872
782	1079
320	1023
284	1494
507	1543
415	1520
470	1580
541	1340
981	1949
572	1399
926	1437
573	1478
31	986
708	1282
111	1120
551	1510
17	1679
780	1921
155	1000
323	1388
228	1587
308	1185
14	1615
477	1861
480	1583
947	1204
382	1217
576	1670
154	1559
311	1672
215	1027
300	1905
960	1383
166	1094
536	1466
184	1476
803	1248
870	1820
943	1125
547	1467
108	1936
656	1304
549	1138
191	1286
940	1183
846	1359
137	1123
875	1308
224	1746
455	1644
466	1911
112	1536
357	1850
632	1172
422	1544
793	1435
498	1302
675	1390
401	1234
174	1255
761	1803
849	1083
100	1519
752	1770
348	1839
156	1947
19	1014
467	1279
301	1039
243	1342
736	1249
972	1127
274	1497
936	1782
16	1235
61	985
248	1259
242	1678
667	1290
706	1190
944	1662
89	1913
280	1685
69	1319
149	1417
829	1695
714	1447
72	1600
756	1504
776	1093
158	1487
525	1077
636	1914
25	983
34	1842
193	1789
18	1269
161	1475
410	1666
188	1661
298	991
303	1959
36	1102
46	1758
2	1582
792	1537
697	1634
692	1640
515	1502
252	1790
27	989
57	1912
925	1024
227	1063
145	1012
317	1431
343	1623
140	1001
366	1386
938	1823
55	1124
465	1617
904	1908
585	1524
559	1354
244	1590
86	1804
815	1351
299	1545
418	1416
347	1616
668	1422
254	1436
239	1667
563	1577
371	1310
561	1567
128	1090
81	1896
511	1805
896	1175
440	1158
144	1863
172	1816
676	1574
350	1013
855	1633
789	1542
924	1595
759	1199
953	1257
520	1660
787	1923
623	1671
625	1201
74	1128
517	1779
279	1830
113	1421
333	1741
198	1833
288	1239
823	1618
777	1426
5	1653
979	1791
760	1766
392	1070
438	1433
591	1322
368	1325
797	1403
202	1017
664	1015
101	1394
432	1420
583	1036
414	1550
218	1647
7	1942
268	1806
841	1455
914	1728
83	1676
199	1763
487	1957
99	1298
476	1557
610	1824
276	1488
406	1140
626	1883
143	1054
474	1561
894	1060
402	1940
826	1511
615	1925
688	1151
370	1599
839	1348
35	1071
939	1635
866	1166
916	1211
289	1713
746	1630
285	1189
294	1321
41	994
356	1021
628	1413
337	1338
959	1329
523	1922
556	1181
638	1836
206	1355
647	1496
275	1517
319	1292
958	1423
256	1663
699	1664
754	1951
240	1838
798	1457
43	1890
96	1006
864	1197
491	1153
464	1011
76	1284
527	1350
489	1459
189	1003
187	1193
854	1446
91	1547
808	1955
446	1857
644	1232
518	1407
658	1887
468	1065
721	1405
612	1375
305	1167
281	1365
264	1523
346	1621
24	1098
932	1768
163	1492
79	1534
728	1244
629	1285
794	1276
879	1376
53	1529
679	1064
804	1699
791	1609
811	1727
633	1162
650	1918
964	1005
816	1900
272	1585
283	1020
827	1933
844	1533
82	1636
934	1869
60	1345
902	1264
362	1131
135	1807
66	1851
788	1261
205	1486
649	1937
743	1916
927	1794
353	1589
306	1424
975	1558
29	1513
358	1943
851	1740
588	1879
444	1056
210	1224
39	1603
661	1400
602	1551
439	1601
232	1867
190	1859
880	1270
873	1384
447	1030
739	1412
850	1641
820	1927
395	1373
813	1114
170	1669
874	1707
845	1831
130	1525
951	1767
127	1800
742	1161
209	995
359	1622
542	1356
545	1299
220	1608
405	1530
895	1061
935	1553
473	1682
848	1546
427	1272
58	1594
167	1480
685	982
860	1747
196	1252
903	1514
212	1531
328	1749
606	1250
828	1729
171	1409
751	1147
310	1612
302	1045
384	1378
744	1306
852	1950
12	1237
575	1449
221	1464
881	1038
374	1445
44	1871
376	1253
884	1840
569	1962
4	1080
