982	1	983
984	1	985
986	1	987
988	1	989
990	1	983
991	1	987
992	1	993
994	0	995
996	1	989
997	1	985
998	0	999
1000	0	1001
1002	1	1003
1004	1	985
1005	1	993
1006	1	1007
1008	1	1009
1010	1	993
1011	1	1012
1013	1	1014
1015	1	985
1016	1	1017
1018	1	989
1019	0	1020
1021	1	993
1022	0	1023
1024	1	993
1025	1	1014
1026	1	1027
1028	1	1029
1030	1	987
1031	0	987
1032	1	1029
1033	1	989
1034	1	987
1035	1	1036
1037	1	983
1038	1	993
1039	0	1040
1041	1	1014
1042	1	993
1043	0	1044
1045	1	987
1046	1	1047
1048	1	985
1049	1	1017
1050	1	989
1051	1	1003
1052	1	987
1053	1	1054
1055	1	1003
1056	1	989
1057	1	1058
1059	1	993
1060	0	1061
1062	0	1063
1064	1	1065
1066	0	1067
1068	0	1014
1069	1	1070
1071	1	1014
1072	1	1047
1073	1	1027
1074	1	1054
1075	1	1012
1076	1	1047
1077	1	985
1078	1	1054
1079	1	989
1080	0	1017
1081	1	993
1082	0	1040
1083	1	985
1084	1	1085
1086	1	1012
1087	1	1047
1088	1	989
1089	1	1007
1090	1	985
1091	1	993
1092	1	983
1093	1	993
1094	1	1047
1095	1	1096
1097	1	1096
1098	1	983
1099	1	1003
1100	1	989
1101	1	985
1102	1	1047
1103	1	993
1104	1	1012
1105	1	1054
1106	1	989
1107	0	1044
1108	1	985
1109	1	989
1110	1	987
1111	1	993
1112	1	1070
1113	1	1017
1114	1	985
1115	0	1085
1116	1	1027
1117	1	1029
1118	1	1007
1119	1	1027
1120	0	1012
1121	1	1054
1122	1	1014
1123	0	1047
1124	0	1012
1125	0	1126
1127	1	993
1128	1	987
1129	1	989
1130	1	1085
1131	1	1017
1132	1	1047
1133	1	1134
1135	1	1047
1136	1	1137
1138	1	1139
1140	1	1047
1141	1	987
1142	1	983
1143	1	1003
1144	1	1047
1145	1	1047
1146	0	1014
1147	1	1009
1148	1	1040
1149	1	1009
1150	1	1017
1151	1	1047
1152	1	985
1153	0	1023
1154	1	987
1155	1	1137
1156	1	1137
1157	1	1158
1159	1	1085
1160	0	1023
1161	1	983
1162	1	987
1163	1	1047
1164	1	1047
1165	1	1014
1166	1	1134
1167	1	989
1168	0	1044
1169	1	995
1170	1	995
1171	0	1137
1172	1	995
1173	0	1020
1174	1	993
1175	0	1063
1176	1	985
1177	0	1047
1178	0	1012
1179	0	1023
1180	0	989
1181	0	1182
1183	1	993
1184	1	1012
1185	1	1040
1186	0	1096
1187	1	1017
1188	0	1189
1190	1	987
1191	1	995
1192	1	1001
1193	1	1001
1194	1	1054
1195	1	985
1196	1	1036
1197	1	993
1198	1	989
1199	1	1003
1200	1	983
1201	1	1003
1202	1	995
1203	1	983
1204	0	1205
1206	0	1207
1208	0	1023
1209	0	1054
1210	1	985
1211	1	993
1212	1	987
1213	1	1054
1214	1	1012
1215	1	989
1216	0	1217
1218	0	1067
1219	0	1063
1220	0	999
1221	1	983
1222	1	995
1223	1	1054
1224	0	1225
1226	1	1058
1227	1	1012
1228	0	1229
1230	1	1009
1231	1	1047
1232	1	1001
1233	1	1047
1234	0	1137
1235	0	987
1236	0	1023
1237	0	1085
1238	1	1054
1239	1	1029
1240	1	987
1241	1	1001
1242	1	1012
1243	1	985
1244	1	1047
1245	1	989
1246	0	1063
1247	1	993
1248	1	993
1249	1	993
1250	1	1012
1251	0	1012
1252	1	1012
1253	1	995
1254	0	1014
1255	1	1012
1256	1	987
1257	1	993
1258	0	1259
1260	1	1047
1261	0	1262
1263	1	989
1264	0	1265
1266	0	1267
1268	1	993
1269	1	1014
1270	1	985
1271	1	987
1272	1	989
1273	1	1017
1274	1	985
1275	1	989
1276	1	1009
1277	1	983
1278	0	1040
1279	1	1065
1280	1	1067
1281	1	1054
1282	0	1283
1284	1	1047
1285	1	987
1286	1	1014
1287	1	989
1288	1	1014
1289	1	1007
1290	1	985
1291	1	993
1292	0	1023
1293	1	1012
1294	1	1058
1295	1	1054
1296	1	1003
1297	1	1054
1298	0	1085
1299	1	985
1300	1	989
1301	1	1137
1302	1	987
1303	0	1304
1305	1	989
1306	1	1009
1307	1	1047
1308	1	1007
1309	0	1054
1310	1	1054
1311	1	1012
1312	0	1050
1313	1	993
1314	1	985
1315	1	985
1316	1	1047
1317	1	987
1318	0	1319
1320	1	993
1321	1	987
1322	1	989
1323	1	993
1324	1	1047
1325	1	1054
1326	1	1047
1327	1	1054
1328	1	1003
1329	0	1187
1330	0	1023
1331	1	1012
1332	0	1023
1333	1	1054
1334	1	1134
1335	1	1017
1336	0	1337
1338	1	1012
1339	0	1044
1340	1	993
1341	1	987
1342	1	1012
1343	1	1047
1344	1	987
1345	1	985
1346	1	987
1347	1	989
1348	1	989
1349	1	1014
1350	1	989
1351	0	1052
1352	1	1139
1353	1	1007
1354	1	1047
1265	1	1029
1355	1	1012
1356	1	1012
1357	1	1012
1358	1	983
1359	1	993
1360	1	987
1361	1	993
1362	1	1027
1363	0	1001
1364	0	1063
1365	1	1047
1366	0	1225
1367	1	1085
1368	1	1040
1369	1	1085
1370	0	1096
1371	1	987
1372	1	1058
1373	0	1337
1374	1	995
1375	1	1027
1376	1	993
1377	0	1044
1378	0	1054
1379	1	987
1380	1	989
1381	0	995
1382	1	1047
1383	1	983
1384	0	1020
1385	1	1017
1386	1	1014
1387	1	1096
1388	1	989
1389	1	993
1390	1	1012
1391	1	1070
1392	1	1067
1393	1	985
1394	0	1040
1395	1	985
1396	1	1003
1397	1	989
1398	0	1399
1400	1	1017
1401	1	1085
1402	1	1047
1403	1	1065
1404	0	1399
1405	1	989
1406	1	1014
1407	1	985
1408	1	1070
1409	0	1017
1410	1	1070
1411	0	1047
1412	1	1070
1413	1	985
1414	0	1054
1415	1	987
1416	0	1337
1417	0	987
1418	1	1047
1419	1	1012
1420	1	995
1421	1	1047
1422	1	985
1423	0	1023
1424	1	987
1425	1	1027
1426	1	993
1427	1	1047
1428	1	1047
1429	1	993
1430	1	1047
1431	1	1012
1432	0	1040
1433	1	1014
1434	1	1058
1435	1	1058
1436	0	1012
1437	1	985
1438	1	1134
1439	1	1029
1440	1	1009
1441	0	1023
1442	1	1001
1443	1	1017
1444	1	1003
1445	1	1047
1446	0	1335
1447	1	1047
1448	1	1001
1449	0	1020
1450	1	1029
1451	0	1017
1452	0	1017
1453	1	1027
1454	1	1017
1455	1	1007
1456	0	1302
1457	1	1003
1458	1	1012
1459	1	987
1460	1	1058
1461	1	987
1462	0	1020
1463	0	1017
1464	1	989
1465	1	1085
1466	1	1012
1467	1	989
1468	1	993
1469	1	1047
1470	0	1385
1471	1	1012
1472	1	993
1473	1	983
1474	1	1029
1475	1	989
1476	1	1054
1477	1	1012
1478	1	989
1479	1	983
1480	1	989
1481	0	987
1482	0	1040
1225	1	987
1483	1	1137
1484	0	1337
1485	1	1003
1486	1	987
1487	1	985
1488	1	1058
1489	1	1047
1490	1	985
1491	1	989
1492	1	1014
1493	1	1054
1494	0	1189
1495	0	1189
1496	1	993
1497	0	1137
1498	0	1036
1499	0	1337
1500	0	1029
1501	1	993
1502	1	1047
1503	1	1027
1504	1	1003
1505	0	1506
1507	1	989
1508	1	1012
1509	1	1012
1510	1	1054
1511	1	1027
1512	0	1474
1513	1	1047
1514	0	1020
1515	1	995
1516	1	1085
1517	1	1137
1518	1	1027
1519	1	1085
1520	1	1047
1521	1	1067
1522	1	993
1523	0	1137
1524	1	995
1525	1	1047
1526	1	985
1527	0	1047
1528	0	1529
1530	1	985
1531	1	1047
1532	0	1029
1533	1	1070
1534	1	1054
1535	1	1001
1536	1	1012
1537	1	1047
1538	0	1054
1539	1	1047
1540	0	1044
1541	1	1054
1542	1	1134
1543	1	987
1544	1	1067
1545	0	1029
1546	1	1058
1547	0	1085
1548	1	987
1549	1	1085
1550	0	1126
1551	1	1009
1552	1	1047
1553	0	1554
1555	1	1137
1556	1	989
1557	1	989
1558	0	1283
1559	1	989
1560	0	1561
1562	1	1067
1563	1	1029
1564	0	1529
1565	1	1085
1566	1	1029
1567	1	1029
1568	1	987
1569	1	987
1570	0	999
1571	1	1047
1572	0	1256
1573	1	1014
1574	1	993
1575	1	1014
1576	1	987
1577	1	995
1578	1	987
1579	1	993
1580	0	1581
1582	0	985
1583	1	989
1584	0	1085
1585	1	987
1586	1	989
1587	1	1012
1588	1	983
1589	0	1020
1590	1	993
1591	1	989
1592	1	1137
1593	1	989
1594	0	987
1595	0	1454
1596	0	1014
1597	0	987
1598	1	995
1599	1	989
1600	1	995
1601	1	1158
1602	1	987
1603	0	1012
1604	1	1012
1605	1	1017
1606	1	993
1607	0	987
1608	0	1275
1609	0	1443
1610	1	1137
1611	1	1029
1612	1	995
1613	0	1014
1614	1	985
1615	1	1137
1616	1	989
1617	1	985
1618	1	985
1619	1	989
1620	1	1012
1621	1	989
1622	1	985
1623	1	987
1624	1	1047
1625	1	985
1626	1	989
1627	1	1047
1628	1	1047
1629	0	1047
1630	1	1054
1631	1	1085
1632	1	987
1633	1	983
1634	1	989
1635	0	1020
1636	0	1085
1637	0	1229
1638	0	1602
1639	1	1040
1640	1	985
1641	1	1134
1642	1	993
1643	1	993
1644	1	1012
1645	0	1632
1646	1	1047
1647	1	987
1648	1	987
1649	0	987
1650	1	989
1651	1	995
1652	1	989
1653	1	1017
1654	1	1065
1655	1	989
1656	1	1047
1657	0	1658
1659	0	1020
1660	1	1003
1661	1	1003
1662	1	1134
1663	1	989
1664	1	993
1665	0	1020
1666	1	1012
1667	0	1012
1668	1	1003
1669	1	987
1670	1	1003
1671	1	1070
1672	0	1009
1673	1	985
1674	1	989
1675	0	1001
1676	1	1085
1677	0	1283
1678	0	1017
1679	1	987
1680	1	1067
1681	1	1003
1682	0	1561
1683	0	1023
1684	1	995
1685	1	1047
1126	1	987
1686	1	989
1687	0	1012
1688	1	993
1689	1	1014
1690	1	1007
1691	1	1012
1692	0	1067
1693	1	993
1694	0	1695
1696	0	1647
1697	1	985
1698	1	983
1699	1	983
1700	0	1701
1702	1	1007
1703	1	1014
1704	1	1014
1705	1	989
1706	1	989
1707	1	1054
1708	0	1009
1709	1	1134
1710	1	1014
1711	1	1158
1712	1	995
1713	0	1067
1714	0	1650
1715	1	989
1716	1	1009
1717	1	1047
1718	1	1003
1719	0	1520
1720	0	987
1721	1	1047
1267	1	1017
1722	1	1054
1723	0	1205
1724	1	1054
1581	1	989
1725	1	1017
1726	0	1023
1727	1	1012
1728	1	983
1729	0	1695
1730	1	1065
1731	1	983
1732	1	1001
1733	0	1040
1734	1	993
1735	1	1047
1736	1	1070
1737	1	1003
1738	1	995
1739	1	1070
1740	0	1283
1741	0	1096
1207	1	987
1742	1	987
1743	1	985
1744	1	1003
1745	0	1337
1746	1	989
1747	1	993
1748	0	1749
1750	1	1085
1751	1	993
1752	1	995
1753	0	1044
1754	1	987
1755	1	1065
1756	0	1063
1757	0	1283
1758	1	1012
1759	0	1040
1760	0	1529
1761	1	985
1762	1	1040
1763	1	1040
1764	1	985
1765	0	1096
1766	1	983
1767	0	991
1768	1	993
1769	1	1027
1770	0	1771
1772	1	1027
1773	1	1029
1774	1	1058
1775	1	1009
1776	1	1003
1777	1	983
1778	1	993
1779	1	1054
1780	1	993
1781	0	1271
1506	1	989
1782	1	993
1783	1	987
1784	1	989
1785	0	1020
1786	0	1262
1787	0	1067
1788	1	1012
1789	1	1012
1790	1	1007
1791	1	993
1792	1	985
1554	1	1017
1793	1	1067
1794	0	1182
1795	0	1283
1796	1	989
1797	1	1007
1798	0	1337
1799	0	1800
1801	1	993
1802	1	993
1803	1	1009
1804	1	989
1805	1	989
1806	1	989
1807	1	1012
1808	1	1047
1809	1	985
1810	1	985
1811	1	985
1812	0	1337
1813	1	985
1814	1	983
1815	1	1047
1816	0	1139
1817	1	1047
1182	1	987
1818	0	1397
1819	0	1012
1820	1	985
1821	1	1070
1822	1	985
1823	1	1134
1824	1	989
1825	1	1047
1826	1	993
1771	1	1017
1827	0	1262
1828	0	999
1829	1	1009
1830	1	989
1831	1	993
1259	1	989
1832	1	995
1833	0	1040
1834	1	989
1835	1	1014
1836	0	1337
1837	0	1096
1838	1	1012
1658	1	987
1839	1	1054
1840	1	993
1841	1	985
1842	0	1014
1843	0	1001
1844	1	1058
1845	1	1137
1846	1	1047
1319	1	987
1847	1	993
1848	1	1067
1849	1	989
1850	1	1058
1851	1	1040
1852	0	1085
1853	1	1027
1854	1	1085
1855	1	1067
1856	1	987
1857	0	1131
1858	0	1529
1859	1	985
1860	1	987
1861	1	987
1862	0	987
1863	1	1012
1864	1	1012
1865	0	1040
1866	1	983
1867	1	985
1868	1	993
1869	0	1283
1870	1	1007
1871	1	989
1872	1	993
1873	1	1014
1874	1	1003
1800	1	1017
1875	1	993
1876	1	1054
1877	0	1044
1878	1	1007
1879	1	1139
1880	1	995
1881	1	995
1882	0	1337
1883	1	1003
1749	1	987
1884	1	1029
1885	1	993
1886	0	1754
1887	1	1047
1888	0	1027
1889	1	1139
1890	0	1586
1891	1	983
1892	1	985
1893	1	1012
1894	1	987
1895	1	1001
1896	1	1054
1897	1	985
1898	1	1054
1899	0	1023
1900	1	993
1901	1	1137
1902	1	1003
1903	1	993
1904	0	1023
1905	1	989
1906	1	1003
1907	0	1229
1908	0	1686
1909	1	993
1910	0	995
1911	1	1054
1912	1	1096
1913	0	995
1914	0	1771
1915	1	1065
1701	1	987
1916	1	989
1917	1	989
1918	1	987
1919	1	1017
1217	1	987
1920	0	1023
1921	1	993
1922	1	987
1923	1	993
1924	1	1007
1925	1	1047
1926	0	995
1205	1	987
1927	1	1158
1928	1	1003
1929	1	1012
1930	1	993
1931	1	987
1932	0	999
1933	1	1003
1934	1	989
1935	1	985
1936	1	1012
1937	0	1919
1938	1	985
1939	0	1047
1940	0	1017
1941	1	983
1399	1	1017
1942	1	1029
1943	1	987
1944	0	1044
1945	1	1014
1946	1	987
1947	1	1001
1948	0	1040
1949	1	993
1950	1	989
1951	0	988
1952	1	1007
1953	1	1070
1954	1	1012
1955	1	985
1956	0	1137
1957	1	985
1958	1	1067
1959	1	985
1960	0	1044
1961	1	1009
1962	1	995
1963	1	993
