0	0	1
2	0	3
4	0	5
6	0	7
8	0	9
10	0	11
12	0	13
14	1	15
16	0	17
18	1	19
20	0	21
22	0	23
24	1	25
26	1	27
28	0	29
30	0	31
32	0	33
34	0	35
28	0	36
37	0	38
39	0	40
41	0	42
43	0	44
45	0	46
30	0	47
48	0	49
50	1	51
52	0	53
34	0	54
55	0	9
56	0	57
58	0	59
60	1	61
28	0	62
43	0	63
64	0	65
22	0	66
37	0	67
68	0	69
48	0	70
71	0	72
73	0	74
75	0	76
8	0	77
78	0	79
80	0	81
82	0	83
12	0	84
85	1	27
28	0	65
10	0	86
87	1	88
89	0	90
91	0	92
93	0	94
78	0	95
12	0	96
97	0	98
99	0	100
101	0	102
103	0	104
105	1	61
103	0	106
107	0	108
8	0	40
7	1	109
45	0	110
111	0	112
82	0	13
113	1	114
64	0	115
8	0	116
117	1	118
10	0	119
82	0	120
111	0	121
122	1	123
124	0	125
126	0	127
128	1	61
129	1	19
97	0	130
55	0	131
132	1	123
133	0	66
75	0	134
107	0	135
136	0	74
137	0	130
28	0	138
139	1	140
10	0	141
142	1	143
144	1	145
146	1	25
147	1	123
148	1	27
149	0	150
151	0	35
152	0	29
153	1	51
103	0	154
155	0	156
136	0	157
2	0	158
159	0	160
43	0	161
162	0	163
164	1	19
165	1	61
97	0	166
43	0	167
168	0	169
30	0	170
171	0	127
172	0	173
174	1	145
175	0	11
96	1	176
177	0	129
178	0	127
179	1	27
180	0	181
182	0	183
80	0	184
137	0	185
186	0	187
188	1	189
2	0	190
20	0	191
192	0	187
193	1	145
194	0	195
111	0	196
182	0	197
198	0	199
97	0	200
201	1	202
203	0	204
37	0	205
55	0	206
2	0	207
208	1	209
39	0	121
210	0	211
152	0	212
213	1	27
175	0	214
48	0	215
35	1	19
30	0	216
217	0	218
12	0	219
220	0	221
177	0	222
97	0	223
224	1	27
2	0	128
66	1	225
226	0	227
2	0	60
45	0	228
103	0	229
230	1	88
107	0	231
232	1	61
30	0	233
234	0	66
166	1	114
92	1	120
235	0	236
152	0	237
64	0	238
239	0	240
151	0	241
242	0	5
69	1	88
8	0	243
244	1	123
219	1	120
10	0	245
93	0	145
43	0	154
152	0	246
111	0	247
248	1	27
249	0	250
152	0	251
238	1	114
12	0	252
111	0	253
254	0	243
255	0	256
135	1	145
151	0	257
258	1	88
259	0	260
73	0	261
107	0	247
262	0	233
6	0	263
254	0	174
0	0	197
160	1	143
264	0	265
239	0	228
266	1	114
254	0	112
2	0	267
101	0	66
268	1	27
269	1	123
270	0	199
271	1	114
178	0	272
45	0	9
99	0	13
124	0	273
274	0	275
94	1	145
276	1	277
107	0	9
58	0	278
255	0	279
28	0	280
75	0	281
8	0	174
282	0	283
203	0	84
284	0	285
28	0	98
99	0	84
286	0	287
6	0	288
289	0	183
177	0	163
290	1	88
291	0	292
58	0	272
293	1	88
194	0	294
295	0	296
297	1	215
58	0	298
299	0	109
10	0	300
301	0	23
58	0	302
2	0	303
304	0	265
34	0	19
75	0	29
305	1	27
73	0	306
307	0	308
239	0	247
97	0	309
291	0	310
311	0	312
151	0	313
314	1	176
315	1	123
136	0	316
107	0	317
58	0	47
186	0	318
301	0	66
93	0	46
319	0	320
321	1	123
28	0	113
239	0	135
239	0	9
322	1	123
103	0	323
324	1	114
4	0	325
93	0	112
326	1	25
327	0	320
178	0	328
299	0	329
39	0	330
254	0	9
254	0	135
10	0	331
64	0	200
152	0	134
43	0	221
332	1	25
97	0	134
333	0	334
183	1	335
136	0	278
336	1	143
254	0	337
338	1	215
178	0	339
58	0	195
73	0	230
291	0	340
58	0	341
28	0	342
37	0	343
344	0	345
103	0	346
43	0	347
162	0	18
137	0	134
348	1	143
349	1	123
239	0	317
45	0	135
64	0	280
177	0	350
351	0	352
89	0	42
111	0	116
78	0	160
353	0	283
344	0	354
58	0	69
0	0	335
64	0	251
355	1	140
356	1	123
357	1	277
37	0	358
2	0	359
360	0	361
312	1	118
11	1	27
55	0	330
10	0	26
159	0	79
362	1	202
363	0	364
254	0	365
111	0	174
20	0	366
126	0	5
75	0	367
43	0	279
368	1	143
369	1	215
43	0	370
58	0	218
270	0	66
159	0	371
10	0	372
373	0	334
64	0	374
239	0	46
375	1	61
376	1	209
377	1	118
8	0	135
274	0	378
107	0	379
242	0	380
10	0	381
151	0	164
151	0	191
382	1	88
43	0	346
383	1	88
384	0	385
39	0	386
387	0	320
388	0	389
10	0	390
159	0	273
391	1	392
64	0	212
234	0	308
93	0	337
393	1	143
394	1	27
162	0	366
1	1	335
395	0	265
396	0	290
111	0	397
137	0	398
137	0	399
10	0	400
182	0	335
401	0	14
402	0	403
404	1	277
2	0	405
64	0	406
71	0	407
239	0	108
408	1	109
89	0	409
328	1	88
58	0	343
289	0	197
55	0	410
299	0	169
411	0	225
93	0	116
401	0	412
103	0	305
152	0	281
91	0	83
274	0	413
98	1	114
240	1	145
414	0	302
28	0	415
360	0	355
177	0	416
239	0	330
417	0	415
418	0	296
71	0	419
137	0	374
168	0	7
136	0	67
59	1	88
111	0	420
234	0	181
104	1	27
138	1	114
137	0	421
289	0	422
351	0	423
262	0	230
178	0	298
424	0	425
286	0	426
103	0	427
45	0	108
428	0	429
430	1	145
431	1	335
249	0	432
152	0	433
111	0	46
103	0	370
178	0	202
99	0	83
434	1	202
177	0	18
71	0	208
235	0	435
323	1	27
103	0	436
89	0	437
177	0	438
249	0	376
439	1	440
97	0	441
133	0	199
39	0	131
8	0	442
402	0	443
444	1	27
192	0	140
93	0	386
445	1	123
446	0	201
45	0	330
73	0	67
58	0	447
235	0	100
149	0	339
93	0	430
34	0	350
249	0	409
56	0	448
10	0	449
396	0	450
91	0	219
115	1	114
64	0	451
75	0	130
452	1	61
4	0	453
58	0	454
55	0	455
58	0	150
239	0	456
384	0	457
458	1	189
73	0	316
459	0	460
103	0	268
461	0	462
45	0	463
126	0	202
107	0	464
465	1	61
55	0	108
177	0	257
45	0	240
80	0	466
175	0	85
161	1	27
75	0	280
467	1	468
10	0	469
470	0	471
472	1	19
473	0	474
62	1	114
78	0	475
396	0	69
111	0	463
8	0	430
192	0	139
10	0	476
154	1	27
37	0	477
178	0	211
197	1	335
270	0	181
395	0	478
479	1	392
103	0	480
239	0	144
481	1	189
6	0	482
37	0	483
93	0	456
384	0	336
484	0	485
58	0	486
487	1	61
58	0	293
414	0	483
162	0	488
482	1	109
107	0	456
136	0	489
45	0	456
58	0	490
30	0	328
159	0	385
491	0	320
8	0	247
78	0	143
239	0	463
492	1	27
493	1	176
494	1	215
495	0	320
39	0	455
496	1	25
384	0	184
184	1	143
137	0	497
311	0	117
178	0	498
48	0	499
170	1	88
178	0	490
124	0	500
152	0	398
333	0	448
501	0	502
503	1	61
45	0	112
384	0	500
101	0	23
168	0	482
504	1	202
217	0	383
311	0	505
107	0	506
152	0	441
178	0	507
30	0	508
80	0	273
45	0	144
10	0	346
254	0	40
107	0	144
509	0	302
510	0	102
510	0	199
254	0	464
45	0	247
30	0	477
64	0	98
43	0	511
111	0	430
137	0	512
71	0	513
514	1	51
178	0	261
515	1	114
428	0	339
2	0	516
517	1	143
8	0	317
518	1	61
93	0	144
103	0	179
124	0	368
307	0	225
64	0	519
520	1	189
28	0	309
64	0	521
168	0	522
523	1	88
384	0	524
239	0	112
20	0	129
37	0	31
43	0	469
186	0	140
397	1	145
121	1	145
525	1	61
137	0	309
526	0	527
528	1	176
304	0	529
530	1	27
531	1	114
16	0	532
192	0	533
447	1	88
162	0	54
180	0	66
186	0	361
534	1	335
48	0	535
45	0	317
111	0	536
537	0	538
75	0	309
28	0	238
75	0	539
262	0	540
470	0	106
541	1	123
8	0	542
93	0	506
80	0	543
544	1	114
545	1	61
546	0	529
428	0	507
75	0	433
73	0	523
39	0	456
103	0	547
12	0	548
172	0	549
550	1	88
10	0	471
262	0	258
384	0	551
264	0	552
39	0	536
270	0	225
152	0	553
111	0	542
554	0	334
301	0	199
103	0	511
555	1	120
0	0	183
537	0	443
89	0	310
75	0	238
41	0	72
556	0	507
2	0	557
558	1	202
417	0	559
91	0	560
6	0	561
182	0	422
43	0	256
370	1	27
43	0	179
75	0	544
562	1	123
73	0	489
71	0	563
103	0	492
529	1	15
239	0	131
73	0	564
152	0	565
566	0	567
254	0	121
568	1	389
28	0	114
254	0	193
537	0	504
99	0	287
254	0	330
291	0	569
570	1	61
137	0	406
43	0	106
159	0	143
10	0	492
239	0	455
55	0	112
8	0	108
571	0	572
360	0	139
573	1	27
8	0	536
75	0	266
41	0	574
575	0	283
576	1	189
178	0	483
255	0	577
578	0	283
579	1	123
178	0	325
580	1	114
39	0	506
58	0	523
137	0	114
538	1	202
581	0	320
582	1	583
4	0	127
584	1	15
41	0	585
586	1	176
37	0	216
255	0	587
75	0	237
483	1	88
172	0	588
207	1	61
37	0	230
254	0	430
124	0	79
75	0	374
2	0	589
162	0	590
171	0	325
194	0	341
103	0	591
554	0	57
220	0	148
124	0	592
126	0	453
30	0	532
384	0	592
45	0	455
133	0	102
457	1	143
12	0	314
10	0	427
593	1	123
546	0	552
152	0	65
137	0	223
254	0	456
407	1	209
178	0	453
442	1	145
55	0	379
594	0	532
595	1	61
103	0	161
596	1	189
103	0	587
78	0	125
133	0	225
55	0	463
546	0	584
2	0	597
152	0	309
55	0	240
228	1	145
239	0	337
30	0	507
564	1	88
16	0	88
537	0	598
136	0	38
20	0	241
311	0	599
360	0	318
600	1	189
10	0	106
601	1	189
8	0	379
602	1	118
304	0	603
48	0	604
605	1	61
39	0	606
304	0	14
43	0	381
216	1	88
75	0	607
378	1	15
43	0	608
217	0	498
609	1	209
137	0	166
192	0	361
43	0	260
401	0	552
259	0	610
172	0	611
612	1	215
41	0	376
395	0	603
75	0	613
137	0	614
137	0	615
2	0	61
22	0	181
294	1	88
103	0	148
97	0	433
203	0	548
58	0	616
175	0	617
414	0	450
159	0	618
137	0	29
619	1	176
6	0	620
78	0	336
411	0	308
252	1	176
82	0	435
43	0	591
58	0	352
97	0	251
8	0	464
621	1	114
30	0	339
178	0	622
159	0	543
623	1	392
624	1	189
43	0	141
594	0	258
625	1	189
626	1	189
43	0	449
298	1	88
262	0	31
10	0	347
627	1	27
2	0	628
594	0	629
93	0	253
299	0	630
178	0	352
301	0	631
249	0	632
37	0	633
291	0	250
199	1	225
151	0	472
634	1	61
20	0	635
636	0	637
168	0	620
638	0	296
177	0	639
107	0	196
640	0	283
103	0	608
366	1	19
111	0	464
133	0	23
543	1	143
45	0	430
89	0	419
386	1	145
43	0	573
41	0	90
641	1	61
642	1	27
554	0	389
107	0	420
78	0	466
263	1	109
291	0	643
58	0	88
22	0	631
360	0	644
159	0	500
175	0	248
645	1	176
396	0	523
635	1	19
401	0	15
203	0	555
350	1	19
75	0	451
45	0	606
93	0	131
37	0	298
484	0	646
647	1	123
648	1	25
39	0	397
649	0	434
203	0	13
58	0	650
111	0	9
175	0	323
137	0	115
651	1	25
30	0	294
177	0	652
177	0	472
178	0	653
39	0	464
58	0	328
159	0	348
150	1	88
291	0	208
175	0	654
73	0	258
546	0	603
365	1	145
655	0	656
396	0	59
2	0	634
111	0	456
657	1	109
262	0	17
594	0	17
203	0	426
152	0	658
48	0	659
58	0	483
107	0	253
137	0	65
162	0	21
388	0	568
73	0	17
175	0	370
111	0	660
37	0	316
152	0	76
178	0	383
446	0	661
152	0	115
43	0	148
254	0	116
270	0	102
20	0	662
384	0	663
484	0	431
351	0	88
75	0	342
12	0	287
37	0	233
2	0	664
178	0	69
10	0	248
64	0	515
665	1	61
245	1	27
149	0	550
137	0	113
384	0	143
43	0	471
178	0	302
64	0	134
198	0	308
177	0	191
610	1	27
55	0	365
107	0	110
124	0	666
55	0	386
401	0	378
2	0	667
668	1	61
152	0	113
498	1	88
71	0	310
2	0	232
571	0	669
89	0	632
71	0	292
71	0	209
670	1	109
249	0	42
107	0	116
111	0	317
78	0	618
671	1	392
424	0	431
388	0	57
274	0	552
396	0	616
291	0	90
178	0	508
141	1	27
672	0	673
674	1	189
93	0	675
107	0	228
64	0	658
477	1	88
516	1	61
611	1	173
28	0	658
41	0	419
198	0	102
152	0	521
255	0	300
82	0	204
510	0	225
124	0	142
676	1	123
249	0	677
55	0	456
151	0	416
152	0	374
178	0	429
73	0	328
594	0	278
93	0	193
678	1	468
178	0	150
679	1	468
186	0	156
93	0	121
180	0	23
8	0	94
247	1	145
339	1	88
28	0	324
628	1	61
10	0	154
289	0	646
58	0	622
86	1	27
680	0	429
34	0	21
177	0	590
137	0	539
681	1	123
203	0	100
178	0	550
682	1	123
80	0	368
683	1	176
103	0	471
103	0	684
149	0	272
344	0	312
103	0	527
103	0	610
159	0	184
28	0	580
99	0	92
299	0	288
644	1	140
685	1	25
311	0	345
10	0	167
16	0	629
686	1	61
10	0	161
687	1	123
358	1	88
0	0	425
688	1	114
304	0	478
505	1	118
75	0	113
20	0	164
689	0	285
93	0	463
20	0	163
93	0	135
286	0	236
80	0	551
103	0	26
73	0	447
307	0	199
28	0	553
259	0	161
168	0	561
137	0	237
103	0	690
286	0	560
137	0	658
55	0	542
242	0	691
547	1	27
2	0	692
22	0	225
658	1	114
152	0	613
162	0	652
171	0	453
48	0	338
34	0	18
107	0	693
45	0	193
80	0	618
45	0	131
55	0	442
39	0	46
274	0	15
249	0	72
546	0	378
405	1	61
30	0	88
126	0	325
75	0	421
414	0	423
384	0	517
694	1	277
194	0	447
34	0	163
124	0	551
58	0	629
10	0	104
99	0	548
136	0	17
55	0	536
10	0	695
73	0	629
696	1	123
58	0	423
10	0	697
698	1	88
182	0	534
699	1	123
58	0	383
41	0	292
43	0	213
136	0	88
254	0	131
137	0	281
424	0	197
82	0	560
20	0	438
136	0	258
91	0	287
58	0	216
239	0	193
55	0	675
151	0	18
310	1	209
384	0	618
218	1	88
262	0	364
64	0	544
206	1	145
137	0	451
152	0	280
107	0	206
97	0	700
360	0	140
58	0	157
210	0	489
500	1	143
75	0	580
58	0	87
64	0	185
55	0	701
702	1	123
416	1	19
43	0	642
703	0	320
17	1	88
396	0	483
395	0	296
6	0	408
2	0	704
395	0	529
542	1	145
151	0	19
304	0	412
89	0	292
110	1	145
347	1	27
93	0	379
39	0	108
254	0	701
64	0	607
192	0	355
75	0	200
259	0	400
254	0	196
8	0	397
97	0	138
185	1	114
124	0	81
155	0	705
58	0	706
58	0	17
178	0	380
137	0	280
45	0	337
178	0	382
152	0	531
10	0	654
93	0	206
707	1	61
344	0	505
124	0	457
107	0	77
8	0	386
264	0	584
588	1	173
45	0	77
151	0	163
286	0	83
507	1	88
406	1	114
103	0	372
708	0	673
159	0	466
149	0	429
34	0	191
75	0	251
97	0	580
239	0	536
340	1	209
194	0	629
2	0	709
97	0	62
396	0	211
259	0	710
30	0	352
711	1	277
2	0	525
28	0	497
712	0	33
157	1	88
713	0	216
111	0	145
180	0	631
354	1	118
149	0	706
103	0	213
2	0	665
264	0	378
304	0	584
91	0	120
97	0	415
152	0	714
124	0	184
402	0	362
715	1	61
552	1	15
254	0	253
64	0	166
37	0	294
71	0	250
43	0	716
80	0	336
45	0	542
717	0	283
274	0	265
37	0	718
239	0	77
37	0	261
75	0	614
384	0	125
2	0	668
8	0	228
58	0	719
82	0	219
720	1	25
371	1	143
137	0	519
10	0	721
177	0	313
722	1	123
58	0	258
75	0	723
45	0	536
395	0	275
75	0	98
80	0	724
71	0	725
162	0	635
344	0	377
152	0	497
159	0	142
75	0	441
43	0	726
727	0	293
718	1	88
30	0	306
587	1	27
28	0	406
97	0	728
125	1	143
178	0	74
151	0	54
39	0	77
43	0	476
239	0	430
254	0	693
152	0	399
729	0	730
731	0	202
239	0	542
732	1	440
37	0	540
254	0	94
733	0	53
133	0	308
561	1	109
37	0	306
734	0	150
20	0	19
6	0	522
235	0	92
455	1	145
151	0	590
111	0	240
43	0	372
64	0	613
34	0	635
291	0	437
107	0	442
10	0	85
239	0	442
239	0	606
75	0	138
287	1	120
735	1	277
379	1	145
111	0	193
690	1	27
736	1	123
178	0	691
239	0	121
395	0	584
618	1	143
43	0	695
149	0	423
235	0	560
45	0	701
425	1	335
374	1	114
390	1	27
220	0	469
64	0	138
235	0	737
8	0	121
352	1	88
738	0	33
291	0	563
162	0	313
152	0	621
739	1	392
194	0	706
519	1	114
20	0	257
198	0	181
39	0	365
37	0	486
58	0	550
221	1	27
55	0	397
175	0	167
261	1	88
740	1	25
41	0	632
30	0	423
8	0	365
55	0	193
172	0	741
77	1	145
159	0	125
103	0	221
45	0	442
58	0	294
80	0	500
742	1	25
80	0	663
71	0	90
64	0	553
73	0	88
58	0	532
159	0	524
743	1	27
744	1	118
680	0	59
511	1	27
401	0	745
37	0	616
10	0	221
137	0	621
633	1	88
680	0	508
180	0	102
73	0	233
10	0	726
30	0	341
78	0	746
41	0	250
2	0	595
155	0	533
211	1	88
747	1	335
28	0	565
748	1	123
80	0	746
749	0	567
414	0	454
91	0	204
750	1	468
168	0	288
401	0	529
344	0	751
39	0	94
706	1	88
97	0	36
643	1	209
424	0	335
137	0	515
262	0	170
73	0	352
274	0	745
36	1	114
752	0	502
149	0	382
75	0	36
241	1	19
41	0	409
475	1	143
97	0	559
10	0	627
56	0	568
345	1	118
124	0	753
75	0	714
424	0	183
198	0	23
9	1	145
75	0	406
37	0	339
195	1	88
10	0	394
155	0	355
78	0	592
75	0	515
178	0	661
384	0	371
80	0	95
754	0	755
540	1	88
75	0	62
756	1	189
456	1	145
373	0	448
480	1	27
753	1	143
757	1	189
126	0	661
311	0	602
613	1	114
30	0	343
137	0	544
10	0	716
725	1	209
22	0	102
758	1	468
152	0	114
677	1	209
167	1	27
42	1	209
162	0	164
152	0	723
412	1	15
304	0	15
107	0	337
527	1	27
759	1	189
760	1	25
249	0	407
111	0	379
488	1	19
28	0	621
761	1	118
137	0	607
178	0	290
762	0	320
186	0	644
181	1	225
168	0	730
103	0	469
151	0	438
39	0	240
97	0	367
124	0	371
56	0	334
152	0	512
182	0	1
763	1	25
55	0	94
162	0	350
20	0	313
58	0	290
212	1	114
448	1	389
764	0	87
301	0	308
37	0	69
93	0	660
765	0	296
270	0	23
2	0	766
2	0	767
768	0	227
254	0	144
262	0	195
80	0	769
770	1	392
771	1	123
177	0	19
58	0	230
28	0	714
55	0	231
6	0	169
299	0	408
304	0	552
484	0	183
64	0	266
363	0	294
103	0	167
37	0	157
453	1	202
175	0	63
106	1	27
41	0	432
30	0	498
8	0	46
177	0	21
103	0	772
565	1	114
99	0	435
2	0	773
20	0	472
37	0	74
45	0	94
8	0	196
262	0	698
559	1	114
103	0	710
28	0	614
89	0	725
774	1	123
239	0	116
37	0	450
775	1	189
484	0	425
45	0	365
267	1	61
776	1	123
102	1	225
75	0	271
669	1	202
162	0	639
194	0	698
509	0	633
28	0	515
64	0	559
124	0	466
777	1	123
149	0	298
41	0	513
220	0	427
58	0	489
778	1	25
617	1	27
510	0	66
259	0	690
291	0	419
779	1	189
254	0	247
80	0	393
80	0	385
259	0	347
780	1	123
344	0	781
289	0	747
37	0	211
10	0	591
103	0	782
239	0	94
603	1	15
155	0	361
45	0	116
37	0	195
149	0	88
537	0	403
97	0	271
136	0	523
2	0	783
152	0	406
784	1	176
168	0	630
124	0	143
782	1	27
329	1	109
168	0	263
82	0	236
2	0	785
242	0	127
198	0	631
786	0	33
291	0	376
239	0	231
39	0	243
152	0	36
787	1	123
788	0	462
367	1	114
789	1	51
10	0	755
55	0	693
80	0	160
178	0	358
103	0	755
75	0	223
137	0	98
790	1	123
43	0	394
316	1	88
791	0	691
242	0	661
12	0	560
136	0	532
151	0	222
792	1	114
75	0	615
264	0	603
793	1	277
78	0	517
58	0	564
101	0	225
311	0	794
608	1	27
795	0	320
28	0	613
192	0	644
133	0	631
8	0	206
235	0	13
100	1	120
111	0	135
510	0	181
58	0	306
99	0	204
103	0	260
299	0	7
796	1	123
797	1	468
2	0	452
325	1	202
93	0	231
45	0	231
93	0	228
37	0	278
93	0	410
466	1	143
137	0	76
772	1	27
274	0	14
64	0	324
103	0	141
159	0	769
55	0	243
662	1	19
411	0	199
798	1	189
799	1	189
800	1	123
301	0	102
64	0	723
526	0	305
75	0	512
270	0	631
103	0	86
234	0	23
75	0	565
43	0	245
97	0	342
801	0	564
73	0	294
111	0	442
802	0	320
661	1	202
39	0	463
8	0	253
30	0	293
280	1	114
97	0	607
384	0	475
803	1	123
159	0	368
2	0	570
71	0	643
262	0	294
396	0	205
78	0	142
396	0	358
804	1	25
97	0	421
152	0	614
177	0	54
0	0	646
28	0	615
299	0	805
38	1	88
58	0	540
257	1	19
43	0	690
97	0	688
28	0	223
58	0	698
806	1	123
364	1	88
64	0	130
20	0	18
55	0	660
64	0	342
807	1	27
28	0	433
734	0	382
808	1	61
396	0	38
137	0	367
30	0	650
178	0	316
171	0	691
126	0	691
783	1	61
446	0	504
64	0	76
569	1	209
159	0	753
39	0	193
137	0	324
37	0	564
45	0	121
30	0	550
28	0	451
723	1	114
75	0	531
39	0	247
97	0	723
249	0	563
12	0	83
71	0	585
178	0	205
239	0	701
459	0	582
97	0	658
20	0	54
152	0	367
713	0	272
809	1	189
178	0	454
384	0	753
124	0	475
89	0	574
93	0	365
152	0	324
137	0	36
97	0	613
781	1	118
55	0	40
71	0	437
107	0	243
149	0	532
103	0	214
254	0	675
403	1	202
55	0	116
524	1	143
177	0	35
64	0	114
810	1	140
235	0	555
45	0	675
152	0	342
289	0	425
8	0	811
812	1	215
254	0	397
384	0	273
594	0	170
741	1	173
39	0	135
28	0	792
813	1	61
152	0	185
73	0	216
103	0	245
256	1	27
180	0	225
752	0	637
99	0	219
37	0	650
422	1	335
726	1	27
620	1	109
814	1	27
373	0	57
10	0	690
39	0	317
178	0	719
291	0	677
137	0	521
815	0	706
548	1	120
6	0	730
396	0	67
137	0	342
8	0	193
37	0	88
816	1	123
73	0	507
817	0	818
344	0	761
192	0	810
546	0	412
73	0	358
97	0	544
4	0	380
55	0	337
155	0	644
506	1	145
43	0	627
239	0	675
97	0	515
8	0	606
37	0	653
37	0	364
137	0	613
446	0	403
28	0	115
819	1	25
2	0	686
794	1	118
34	0	366
111	0	110
152	0	792
820	1	440
10	0	547
64	0	415
89	0	376
124	0	663
43	0	224
80	0	592
111	0	606
254	0	46
821	0	19
64	0	512
149	0	258
37	0	59
254	0	145
124	0	543
37	0	352
41	0	643
10	0	511
75	0	559
64	0	614
30	0	17
39	0	196
28	0	521
384	0	95
41	0	563
401	0	265
124	0	618
8	0	145
203	0	219
137	0	792
289	0	431
41	0	209
28	0	212
152	0	451
632	1	209
239	0	365
43	0	610
64	0	539
691	1	202
751	1	118
0	0	534
103	0	347
308	1	225
654	1	27
360	0	810
194	0	88
264	0	529
28	0	398
73	0	87
436	1	27
101	0	199
37	0	290
497	1	114
822	0	33
464	1	145
2	0	465
194	0	17
55	0	121
235	0	548
111	0	811
75	0	399
2	0	165
262	0	343
137	0	415
8	0	240
43	0	547
178	0	450
89	0	209
532	1	88
509	0	550
37	0	498
344	0	599
823	1	61
152	0	238
2	0	545
255	0	476
80	0	143
411	0	23
103	0	824
75	0	115
93	0	110
137	0	62
384	0	769
254	0	240
234	0	631
162	0	129
0	0	747
825	1	123
48	0	826
599	1	118
512	1	114
306	1	88
446	0	362
171	0	380
28	0	251
133	0	181
360	0	533
299	0	670
411	0	66
415	1	114
169	1	109
510	0	631
28	0	559
152	0	415
78	0	348
249	0	569
37	0	622
71	0	432
262	0	706
372	1	27
827	1	189
828	0	829
137	0	238
12	0	236
249	0	208
75	0	688
75	0	114
152	0	539
254	0	660
97	0	324
152	0	62
8	0	455
71	0	376
64	0	237
830	0	296
831	1	123
454	1	88
344	0	794
93	0	701
631	1	225
334	1	389
58	0	653
333	0	389
103	0	248
721	1	27
58	0	364
44	1	27
235	0	287
832	0	285
30	0	706
103	0	695
152	0	515
526	0	642
695	1	27
182	0	431
64	0	113
833	1	123
137	0	138
30	0	447
89	0	407
39	0	253
149	0	17
158	1	61
396	0	489
330	1	145
834	1	123
835	1	61
12	0	836
75	0	246
837	1	277
39	0	379
37	0	698
337	1	145
838	0	320
236	1	120
254	0	536
178	0	477
30	0	258
502	1	202
73	0	211
64	0	29
43	0	839
39	0	693
71	0	609
840	1	123
424	0	1
446	0	538
841	1	176
23	1	225
37	0	550
12	0	586
842	1	123
16	0	278
152	0	559
137	0	580
556	0	69
843	1	61
63	1	27
12	0	120
97	0	539
844	1	392
107	0	112
845	1	123
311	0	377
239	0	506
259	0	547
97	0	615
846	1	123
91	0	13
2	0	503
249	0	574
182	0	646
299	0	730
311	0	118
242	0	202
103	0	716
58	0	507
64	0	615
39	0	174
10	0	213
307	0	181
111	0	701
414	0	622
291	0	574
43	0	214
186	0	139
2	0	847
75	0	553
37	0	328
546	0	745
848	1	277
192	0	705
73	0	170
2	0	849
249	0	513
151	0	366
254	0	206
37	0	490
556	0	653
175	0	772
28	0	723
137	0	531
311	0	744
93	0	77
299	0	657
10	0	782
73	0	31
37	0	508
55	0	145
299	0	263
152	0	688
824	1	27
8	0	410
80	0	142
116	1	145
8	0	456
180	0	199
45	0	506
43	0	492
58	0	429
850	1	51
402	0	598
178	0	489
43	0	390
851	0	673
10	0	852
93	0	108
97	0	621
10	0	610
107	0	40
396	0	718
853	1	392
854	0	661
29	1	114
299	0	561
175	0	154
159	0	393
450	1	88
37	0	454
409	1	209
344	0	117
64	0	688
45	0	379
111	0	228
20	0	590
811	1	145
99	0	236
103	0	726
709	1	61
451	1	114
58	0	633
291	0	42
97	0	714
37	0	447
136	0	170
93	0	9
6	0	805
111	0	365
137	0	714
103	0	839
546	0	265
55	0	420
103	0	617
693	1	145
855	1	25
30	0	382
43	0	654
45	0	243
99	0	120
37	0	150
194	0	532
272	1	88
28	0	421
159	0	336
64	0	565
97	0	856
64	0	792
857	1	189
521	1	114
152	0	519
20	0	639
93	0	442
30	0	629
159	0	95
28	0	374
159	0	475
10	0	256
178	0	650
513	1	209
37	0	489
858	0	33
423	1	88
411	0	181
239	0	379
28	0	700
203	0	120
203	0	435
168	0	329
307	0	23
78	0	551
414	0	490
103	0	27
137	0	723
6	0	670
859	0	33
37	0	383
198	0	66
274	0	584
560	1	120
860	1	123
168	0	657
178	0	59
28	0	237
97	0	65
249	0	340
291	0	209
861	1	468
288	1	109
639	1	19
235	0	426
239	0	243
411	0	631
862	1	392
200	1	114
93	0	464
136	0	290
490	1	88
152	0	421
311	0	354
484	0	422
863	1	176
864	1	123
865	1	123
78	0	724
663	1	143
536	1	145
262	0	341
239	0	693
45	0	253
8	0	420
28	0	271
103	0	381
360	0	156
43	0	852
866	1	51
178	0	216
867	1	123
178	0	293
80	0	475
64	0	421
73	0	343
75	0	324
13	1	120
868	0	320
869	1	215
93	0	693
124	0	95
64	0	700
8	0	330
299	0	482
701	1	145
124	0	385
58	0	498
97	0	531
2	0	870
43	0	721
396	0	719
28	0	688
89	0	208
43	0	617
196	1	145
8	0	506
2	0	375
78	0	393
313	1	19
680	0	383
675	1	145
64	0	621
39	0	144
178	0	47
396	0	653
58	0	74
28	0	246
83	1	120
871	1	123
93	0	542
103	0	256
872	1	392
155	0	139
80	0	348
48	0	494
203	0	560
700	1	114
178	0	67
360	0	187
526	0	710
152	0	615
78	0	753
2	0	518
873	0	283
103	0	394
239	0	40
97	0	519
318	1	140
43	0	11
175	0	716
424	0	422
874	1	143
111	0	330
852	1	27
43	0	85
428	0	272
745	1	15
301	0	181
73	0	718
259	0	346
535	1	215
194	0	540
39	0	9
73	0	341
875	1	176
103	0	697
876	1	392
159	0	592
274	0	412
546	0	275
264	0	275
103	0	852
28	0	441
239	0	145
137	0	441
37	0	272
2	0	877
242	0	325
8	0	660
28	0	399
75	0	621
162	0	35
8	0	144
64	0	728
107	0	397
168	0	670
426	1	120
64	0	281
22	0	199
41	0	310
163	1	19
8	0	110
45	0	40
235	0	120
45	0	660
75	0	212
103	0	300
12	0	92
249	0	419
124	0	769
341	1	88
233	1	88
469	1	27
311	0	761
71	0	632
108	1	145
264	0	15
107	0	463
97	0	115
149	0	47
152	0	544
76	1	114
556	0	59
45	0	196
286	0	737
311	0	781
400	1	27
103	0	44
80	0	457
446	0	453
45	0	410
103	0	85
220	0	684
45	0	145
396	0	383
39	0	675
80	0	666
20	0	35
254	0	317
124	0	874
162	0	662
152	0	856
55	0	174
175	0	394
424	0	534
30	0	364
289	0	1
152	0	607
10	0	224
291	0	725
73	0	38
91	0	84
878	1	51
136	0	718
239	0	397
384	0	746
55	0	253
37	0	429
97	0	238
879	1	123
162	0	241
73	0	486
43	0	697
402	0	504
262	0	88
171	0	202
37	0	302
594	0	88
71	0	409
286	0	84
299	0	620
730	1	109
93	0	196
217	0	429
622	1	88
80	0	874
880	1	61
28	0	856
881	1	123
292	1	209
239	0	410
509	0	328
304	0	275
870	1	61
64	0	36
384	0	874
249	0	90
239	0	464
168	0	408
660	1	145
28	0	607
882	0	320
553	1	114
136	0	706
239	0	420
883	1	123
39	0	442
884	1	123
151	0	488
43	0	400
885	1	392
107	0	131
58	0	31
2	0	605
222	1	19
441	1	114
93	0	536
91	0	737
886	0	227
432	1	209
194	0	258
124	0	746
637	1	202
78	0	457
398	1	114
384	0	666
149	0	498
159	0	724
111	0	455
28	0	544
887	1	123
126	0	380
103	0	814
43	0	427
134	1	114
80	0	524
381	1	27
80	0	125
194	0	364
680	0	47
30	0	564
58	0	477
39	0	430
546	0	15
4	0	202
58	0	205
239	0	174
75	0	497
54	1	19
43	0	755
30	0	698
45	0	464
28	0	367
97	0	451
39	0	337
10	0	772
836	1	176
73	0	706
93	0	397
888	0	53
652	1	19
6	0	630
137	0	271
249	0	209
71	0	42
72	1	209
58	0	233
427	1	27
103	0	224
64	0	433
39	0	112
2	0	889
48	0	812
155	0	810
58	0	261
890	1	25
73	0	205
891	1	176
124	0	517
67	1	88
351	0	87
97	0	374
10	0	229
43	0	86
101	0	631
614	1	114
107	0	455
281	1	114
97	0	792
37	0	170
892	1	189
107	0	174
45	0	174
194	0	233
254	0	108
55	0	464
572	1	202
246	1	114
384	0	368
84	1	120
3	1	61
262	0	629
103	0	400
58	0	718
45	0	693
91	0	236
239	0	253
291	0	513
73	0	508
893	1	61
697	1	27
894	0	895
522	1	109
124	0	524
111	0	506
254	0	442
438	1	19
896	0	227
10	0	684
136	0	629
897	1	25
107	0	660
34	0	164
360	0	705
162	0	416
10	0	573
64	0	367
443	1	202
91	0	548
537	0	202
351	0	150
577	1	27
767	1	61
28	0	512
186	0	810
384	0	724
194	0	31
178	0	87
384	0	81
898	0	296
78	0	273
384	0	160
97	0	406
10	0	824
155	0	140
262	0	486
899	0	462
149	0	170
119	1	27
291	0	585
203	0	83
156	1	140
731	0	380
900	1	123
8	0	231
93	0	330
556	0	298
80	0	517
435	1	120
43	0	772
45	0	811
901	1	123
10	0	323
103	0	642
410	1	145
93	0	606
178	0	218
111	0	40
46	1	145
39	0	542
274	0	603
591	1	27
291	0	407
111	0	410
28	0	134
396	0	490
37	0	629
484	0	1
91	0	555
731	0	127
40	1	145
902	0	620
178	0	564
395	0	552
203	0	92
903	0	283
20	0	488
333	0	57
556	0	650
904	0	245
151	0	652
10	0	63
101	0	181
217	0	59
563	1	209
905	0	296
615	1	114
2	0	641
97	0	76
124	0	348
906	0	320
239	0	811
107	0	121
250	1	209
55	0	196
58	0	450
616	1	88
907	0	296
908	1	123
420	1	145
89	0	643
41	0	437
64	0	714
304	0	745
159	0	663
28	0	185
342	1	114
28	0	266
111	0	337
93	0	243
705	1	140
43	0	26
909	1	25
103	0	331
388	0	334
37	0	218
168	0	805
90	1	209
39	0	110
910	0	328
911	0	33
107	0	330
10	0	148
396	0	454
75	0	658
162	0	257
10	0	305
826	1	215
124	0	160
769	1	143
630	1	109
111	0	108
719	1	88
373	0	389
97	0	113
8	0	131
194	0	343
95	1	143
162	0	191
39	0	116
556	0	88
291	0	609
484	0	335
82	0	737
275	1	15
149	0	629
137	0	251
912	0	567
149	0	278
97	0	497
847	1	61
913	0	53
264	0	413
186	0	705
574	1	209
75	0	185
64	0	580
55	0	506
343	1	88
93	0	174
73	0	278
307	0	102
64	0	497
731	0	691
43	0	229
30	0	540
424	0	747
111	0	206
510	0	23
45	0	397
99	0	737
10	0	214
178	0	38
265	1	15
401	0	603
78	0	371
300	1	27
101	0	308
159	0	81
41	0	407
728	1	114
80	0	371
395	0	15
30	0	150
152	0	138
8	0	693
48	0	369
97	0	614
178	0	718
93	0	455
152	0	166
854	0	453
37	0	47
41	0	569
254	0	410
764	0	622
914	1	25
254	0	231
401	0	478
37	0	341
291	0	409
556	0	719
446	0	443
82	0	84
10	0	480
28	0	281
37	0	382
45	0	420
259	0	726
915	1	277
99	0	426
194	0	230
64	0	531
486	1	88
916	1	123
2	0	715
401	0	413
237	1	114
43	0	577
239	0	660
64	0	398
684	1	27
249	0	643
39	0	660
917	1	61
286	0	120
918	1	25
10	0	642
249	0	725
919	1	189
2	0	917
89	0	340
401	0	275
411	0	102
65	1	114
546	0	14
309	1	114
75	0	519
43	0	824
508	1	88
598	1	202
30	0	278
920	0	227
484	0	747
6	0	329
239	0	196
28	0	539
73	0	540
921	0	227
97	0	281
37	0	293
533	1	140
659	1	215
39	0	410
311	0	751
37	0	532
41	0	677
6	0	657
270	0	308
64	0	246
82	0	100
8	0	701
922	0	33
923	1	25
924	0	598
107	0	145
259	0	141
235	0	84
10	0	370
925	1	123
259	0	511
254	0	811
58	0	316
43	0	104
262	0	447
136	0	358
396	0	157
286	0	435
2	0	835
12	0	555
10	0	608
30	0	195
854	0	202
107	0	536
264	0	478
111	0	675
89	0	677
137	0	559
249	0	437
186	0	355
666	1	143
289	0	534
177	0	662
10	0	260
926	1	61
41	0	609
607	1	114
204	1	120
97	0	237
396	0	74
75	0	728
12	0	435
136	0	211
159	0	517
111	0	386
74	1	88
927	0	616
344	0	118
177	0	366
48	0	297
177	0	488
928	1	123
539	1	114
279	1	27
162	0	438
182	0	425
8	0	112
45	0	206
203	0	737
103	0	577
302	1	88
75	0	65
929	0	283
12	0	841
37	0	719
55	0	46
34	0	472
103	0	449
111	0	144
489	1	88
178	0	5
235	0	204
303	1	61
554	0	448
930	1	123
243	1	145
137	0	246
28	0	130
931	1	189
932	1	123
344	0	744
73	0	477
103	0	573
82	0	426
384	0	79
111	0	231
124	0	724
526	0	179
249	0	310
111	0	693
49	1	215
933	0	320
137	0	700
103	0	476
384	0	348
39	0	701
934	0	673
384	0	142
78	0	543
359	1	61
97	0	114
162	0	472
239	0	206
55	0	110
30	0	429
351	0	706
317	1	145
499	1	215
259	0	824
402	0	538
254	0	77
395	0	378
37	0	706
78	0	500
82	0	548
935	0	558
8	0	463
55	0	430
936	1	123
177	0	241
151	0	639
75	0	398
286	0	555
937	1	189
180	0	308
264	0	745
152	0	700
755	1	27
205	1	88
28	0	728
2	0	880
938	1	51
478	1	15
939	0	283
940	1	123
39	0	231
149	0	622
159	0	666
484	0	197
2	0	843
99	0	555
89	0	432
12	0	204
107	0	430
152	0	580
941	0	942
58	0	211
155	0	187
182	0	747
943	0	450
437	1	209
78	0	368
485	1	335
471	1	27
107	0	542
307	0	66
234	0	199
274	0	529
137	0	212
107	0	410
41	0	725
152	0	728
137	0	856
944	1	51
55	0	228
764	0	218
361	1	140
194	0	170
945	1	25
79	1	143
946	0	474
178	0	616
395	0	413
346	1	27
82	0	555
947	0	293
43	0	305
131	1	145
424	0	646
81	1	143
253	1	145
254	0	228
194	0	486
402	0	202
48	0	869
39	0	420
388	0	448
286	0	13
2	0	487
10	0	279
254	0	420
234	0	102
130	1	114
590	1	19
594	0	706
259	0	697
557	1	61
286	0	548
137	0	728
73	0	157
948	1	25
949	1	25
107	0	46
137	0	688
950	0	283
58	0	67
37	0	523
28	0	519
254	0	506
71	0	569
713	0	653
714	1	114
127	1	202
4	0	691
75	0	700
43	0	323
264	0	412
384	0	466
951	0	550
2	0	823
301	0	225
10	0	587
304	0	378
2	0	813
716	1	27
107	0	811
78	0	769
91	0	435
107	0	606
30	0	230
710	1	27
91	0	426
449	1	27
255	0	213
107	0	94
103	0	743
952	0	673
307	0	631
37	0	423
259	0	852
43	0	684
97	0	565
103	0	444
737	1	120
606	1	145
203	0	236
953	1	123
0	0	422
111	0	77
89	0	585
551	1	143
30	0	272
556	0	483
151	0	350
80	0	753
260	1	27
78	0	874
384	0	543
39	0	206
653	1	88
546	0	413
8	0	675
178	0	523
484	0	534
151	0	635
954	0	673
286	0	92
239	0	110
55	0	247
289	0	485
604	1	215
73	0	698
73	0	195
178	0	157
274	0	478
93	0	40
58	0	339
93	0	317
91	0	100
20	0	652
384	0	393
254	0	455
16	0	258
78	0	663
254	0	379
556	0	498
344	0	602
2	0	893
399	1	114
249	0	609
175	0	372
89	0	563
428	0	261
592	1	143
103	0	279
97	0	185
299	0	522
291	0	432
286	0	100
111	0	94
34	0	639
223	1	114
291	0	72
39	0	145
107	0	240
0	0	485
16	0	170
56	0	389
629	1	88
955	0	296
103	0	721
10	0	617
235	0	219
58	0	358
254	0	386
421	1	114
55	0	317
956	0	33
71	0	574
286	0	219
103	0	11
951	0	298
124	0	393
93	0	247
957	1	440
546	0	478
82	0	287
89	0	569
152	0	266
78	0	666
89	0	513
75	0	521
251	1	114
549	1	173
93	0	811
55	0	135
47	1	88
958	0	320
229	1	27
818	1	202
155	0	318
178	0	306
64	0	309
235	0	83
137	0	433
97	0	399
304	0	413
959	0	325
2	0	707
510	0	308
10	0	577
16	0	706
30	0	298
713	0	328
28	0	531
22	0	308
111	0	131
0	0	431
264	0	14
182	0	485
97	0	398
203	0	287
960	1	25
961	0	216
704	1	61
159	0	746
962	1	123
856	1	114
395	0	412
6	0	109
97	0	29
254	0	542
107	0	193
2	0	105
417	0	521
124	0	336
162	0	222
351	0	261
159	0	457
93	0	420
137	0	565
664	1	61
537	0	362
10	0	839
70	1	215
963	0	567
964	1	123
413	1	15
97	0	280
107	0	386
556	0	616
107	0	365
43	0	300
107	0	675
103	0	627
965	0	942
93	0	240
476	1	27
429	1	88
58	0	170
273	1	143
254	0	110
395	0	745
262	0	278
73	0	633
97	0	553
459	0	583
39	0	228
75	0	856
73	0	293
259	0	608
966	1	123
967	0	691
39	0	811
396	0	218
254	0	606
78	0	524
41	0	340
12	0	100
10	0	44
401	0	584
463	1	145
73	0	532
373	0	568
12	0	426
20	0	350
198	0	225
961	0	633
48	0	612
97	0	212
192	0	318
805	1	109
278	1	88
249	0	585
589	1	61
58	0	508
21	1	19
152	0	200
71	0	340
402	0	201
4	0	661
107	0	701
537	0	201
713	0	454
55	0	77
5	1	202
395	0	14
97	0	246
10	0	179
64	0	856
37	0	258
286	0	204
89	0	72
34	0	416
171	0	5
692	1	61
234	0	225
680	0	564
43	0	480
968	1	277
30	0	622
178	0	423
289	0	335
55	0	811
30	0	633
43	0	331
37	0	17
37	0	507
97	0	266
78	0	385
103	0	807
194	0	278
419	1	209
28	0	200
969	0	829
554	0	568
43	0	119
99	0	560
262	0	532
927	0	719
137	0	266
396	0	302
970	1	277
151	0	129
186	0	533
73	0	364
149	0	650
64	0	271
191	1	19
971	1	189
75	0	166
89	0	609
136	0	205
111	0	243
187	1	140
972	1	123
214	1	27
254	0	463
192	0	156
746	1	143
20	0	222
585	1	209
30	0	486
175	0	44
973	1	123
43	0	587
974	1	61
785	1	61
112	1	145
460	1	583
975	0	673
249	0	292
97	0	521
159	0	874
64	0	62
12	0	737
667	1	61
8	0	337
385	1	143
396	0	316
766	1	61
976	1	189
151	0	21
424	0	485
646	1	335
58	0	382
64	0	223
89	0	250
58	0	38
220	0	480
75	0	415
28	0	76
41	0	208
171	0	661
333	0	568
20	0	416
977	1	189
2	0	926
152	0	130
103	0	390
31	1	88
64	0	399
177	0	635
78	0	81
30	0	261
159	0	551
57	1	389
380	1	202
242	0	453
433	1	114
45	0	386
877	1	61
978	0	567
137	0	553
979	1	123
64	0	441
961	0	352
103	0	63
151	0	662
980	0	942
773	1	61
152	0	98
71	0	677
37	0	87
73	0	290
152	0	271
597	1	61
889	1	61
55	0	606
103	0	119
839	1	27
177	0	164
220	0	331
43	0	782
2	0	808
152	0	223
103	0	530
178	0	633
103	0	654
97	0	512
331	1	27
175	0	229
168	0	109
2	0	974
291	0	632
650	1	88
849	1	61
137	0	200
724	1	143
162	0	19
175	0	573
55	0	144
43	0	248
80	0	79
981	1	123
28	0	166
239	0	386
78	0	184
75	0	792
231	1	145
82	0	92
190	1	61
30	0	87
