779	2353
226	3077
1733	3445
876	2619
76	3028
284	2990
285	2714
423	3672
396	3689
705	2488
610	3148
711	2625
689	2835
995	2881
1255	1952
732	3346
1591	3728
1495	3298
1391	2584
1627	3531
149	3556
1340	2903
2	3495
493	3639
1659	3440
676	3172
1228	3606
1615	2864
765	2345
977	3612
744	2732
1172	3778
320	2829
193	2814
1805	2546
857	2670
1349	3065
357	2384
1701	3754
1224	2809
865	2332
1013	2786
1864	3317
1813	3158
382	2879
687	3356
1436	2240
1184	2692
371	3609
880	2203
1662	3796
1287	1998
730	3102
233	2547
1318	2435
1193	3787
1239	3469
428	3737
1034	2789
544	3200
227	3424
1350	2772
907	3049
1811	2676
1883	2417
1741	3569
1480	1943
1099	3325
311	2099
553	3413
1602	3341
1514	3003
1924	3388
1023	3488
1365	3486
1773	3233
651	2872
17	2925
420	2550
1742	3352
1765	2942
1191	2763
703	2882
1594	2175
1324	2362
680	3452
742	3143
1646	3235
1555	2090
1468	3291
552	3018
1183	3246
941	3665
1345	2706
161	2386
1390	3706
946	3476
1317	3816
1534	2926
399	2607
1248	3422
1067	2904
566	2639
619	2209
179	2884
1806	2650
848	2207
531	2613
1386	3817
89	3051
1121	3792
807	3157
860	2686
1867	3596
1657	2582
1537	3863
173	2865
1889	2996
1032	3142
1754	3734
1250	1949
563	3619
1925	3283
231	2431
459	3717
761	2914
1875	3222
658	2827
230	2890
1663	2070
710	2667
883	2631
229	2523
280	2532
1587	2377
18	3221
681	2416
1858	2289
1844	2487
169	2016
1857	3647
1435	2909
473	1987
426	3732
1771	3153
820	2368
1417	1973
1209	3800
930	3617
909	1956
1434	3123
482	3526
1264	3771
45	2394
439	3654
1015	2212
375	3725
121	2866
1842	2874
1650	2382
1431	3503
1290	3603
1801	3342
1852	3129
104	2597
1236	3595
1204	3378
1174	3784
1424	3679
62	2131
429	2784
1523	3318
1645	2962
1082	3769
1441	2329
1478	2204
1051	3043
1168	3845
854	2907
904	2273
1241	2531
248	3307
343	3244
1643	2824
1326	2986
1337	3627
1146	3459
24	3238
328	2226
1159	3502
1926	3370
817	2106
859	2651
1738	2654
1876	3121
1880	3644
1629	2538
337	2560
1582	2806
234	2078
1005	2271
278	2461
1445	3660
1327	2987
152	3184
963	2012
1234	2347
1929	2082
1579	3811
855	2015
494	3072
25	3092
877	2479
481	3705
1785	3798
911	2294
235	2657
1732	2522
1325	2745
868	2691
228	2690
1405	2350
1046	3430
766	3000
756	2723
1605	3501
1573	3009
1420	2387
1890	3483
1418	1959
1252	2896
1175	2110
29	3180
332	2458
1498	3305
1444	3548
431	3605
1727	2481
1709	2291
1025	3698
1772	3086
273	2074
1275	3629
1551	3527
1088	3770
401	2759
1553	2451
1851	3252
1702	2943
1786	2906
699	2396
524	3594
319	2067
1769	3251
1830	3063
1509	3668
969	3570
409	3861
1558	3128
1916	3021
1567	3664
117	2853
770	3145
851	2004
1612	2448
1263	3707
932	2412
1140	3493
1271	3636
1103	3438
1590	3155
11	2586
1901	2020
504	3064
165	2441
1868	3597
1502	2839
1689	2797
221	2058
1302	2453
526	3436
341	2712
1066	3539
874	2885
1409	2979
485	3266
151	2017
1692	2787
71	2001
503	3663
1793	2282
1833	3040
411	3130
1021	2476
386	3659
1197	2624
452	3724
427	3862
69	2085
1506	2568
1063	2720
1169	3013
513	3744
498	3328
1483	2852
1413	3375
616	3071
1622	2508
27	2292
1912	3820
366	3224
354	3059
1715	3242
1824	2988
1832	3213
723	2208
218	2937
214	2022
602	2222
1816	2320
1086	3183
516	3465
65	2661
1863	3578
660	2960
1686	3580
1160	3470
37	2558
1313	3710
1280	3718
692	2999
246	2501
1033	2406
1667	2126
1057	3134
1442	2075
1688	2096
971	2088
1219	3750
698	2140
1329	3274
111	2985
1207	3680
1210	3053
724	2506
648	2998
815	3037
1105	3402
1848	2596
888	2741
358	2796
12	2146
440	3207
521	3399
1453	2327
1332	3842
1211	3509
920	3229
655	2527
379	3253
1739	2599
727	3613
142	2703
1339	3331
646	2958
1450	2919
1744	3365
599	2242
1089	2587
1699	3662
60	1970
145	2031
631	2707
465	3357
1212	3572
1262	3316
1135	3620
1379	3194
1143	3688
1117	3106
797	2438
1748	3675
349	2123
607	2475
326	2300
1455	3333
967	2037
1076	2315
270	2731
1870	3173
843	2097
1220	2950
518	3589
215	2660
630	2575
1004	3537
1186	2172
370	3764
1780	2812
1713	3067
110	2198
1362	2007
662	2144
19	2912
1407	3272
58	1988
1343	3614
1231	3694
511	3482
863	2572
578	3746
339	2440
1222	2656
1722	2756
1144	3381
1047	3472
182	2889
1137	3704
1098	2169
800	2520
1759	3513
1402	2936
708	2333
537	3670
1596	3678
618	2893
1695	3442
856	2232
555	3803
762	2405
374	3396
1630	3553
1674	3007
1378	3473
613	2743
757	3139
743	2439
1860	2272
1557	2844
1812	3323
1373	3081
95	2611
696	2160
997	3103
1096	3847
500	3006
1869	3804
1517	3793
1571	3249
101	2255
1026	2407
1344	3398
1371	3490
115	2875
1122	3524
713	2629
1841	2427
1198	2737
491	3433
1849	3369
838	2798
1825	2989
1909	3832
1202	3160
137	2003
1289	2490
1205	2419
1147	3848
678	2138
1458	3447
291	2084
545	3046
737	2079
845	2606
475	2261
1062	3695
1834	3715
445	2221
469	3512
1698	3701
517	2194
1918	3451
1931	3190
131	2400
1616	3475
916	3099
1565	3494
122	2493
813	2059
83	2854
1552	2054
1626	2569
1491	3517
1804	2949
1127	3164
985	2971
1620	2740
748	2871
1074	3651
1129	3489
639	3094
575	3154
561	3808
1333	3264
474	3592
489	3332
931	2355
98	2241
1087	3182
1684	2542
558	2838
10	2257
1463	2728
1636	3216
312	2125
984	3774
771	2310
242	2119
712	2565
143	3036
1479	1947
887	2794
1081	3546
898	2616
633	2337
96	3045
986	3214
1258	3797
1071	3591
1273	3834
1807	3441
1501	2681
733	3299
472	3392
1109	2005
1006	3017
550	3618
1725	2112
1566	3136
1079	3327
1392	2346
1641	2549
259	2713
746	2170
1473	2297
834	2645
477	2738
204	2236
628	1996
507	3823
684	2334
154	2770
495	3818
1685	3522
643	2816
1603	3558
543	2477
388	3799
1712	3107
1544	3265
635	2409
114	2910
1192	3394
347	2509
937	2354
536	3192
1694	1977
1720	2653
163	2533
333	2630
1770	3682
1399	2165
1607	2876
325	2052
818	2239
695	2500
647	1967
56	1966
586	3079
1638	3658
1658	2583
1448	3166
754	2898
852	1992
1382	3721
523	3407
1054	2777
879	2758
1421	2517
1179	2216
1107	2101
1322	1969
1093	3599
1203	3159
1315	2511
167	2360
1871	3308
7	3587
964	2410
1182	3693
527	2666
1001	3115
1617	2959
576	3219
1097	2157
1164	2436
132	2800
1789	3736
672	2973
912	3124
123	2729
1151	3280
33	3729
1826	3635
1102	2156
298	2281
1550	2443
923	3671
958	2092
1437	2375
1528	2243
1305	3640
306	2767
1697	3777
858	2514
344	2026
1921	2795
983	2612
1718	1985
1905	3437
307	2060
323	2385
895	3450
1585	3520
1428	2134
1439	1989
155	3060
1877	3622
731	3061
1820	3631
1118	3260
597	2348
1230	3650
978	3765
1808	2813
768	2515
1683	3593
1729	2480
497	3666
1656	3395
1598	2955
1014	3005
222	2672
479	3461
1649	2383
1403	3125
1149	3821
950	2296
443	2646
955	1995
1415	2044
225	2356
1452	2002
50	2249
535	3195
1586	3521
1561	3171
1881	2248
832	2556
206	2664
802	2162
769	2109
801	2390
42	3141
871	2073
200	2601
1913	3022
1908	3806
1859	3525
1000	3411
124	2951
468	3428
125	2114
360	2918
1608	3837
917	2263
1112	3604
1238	3052
649	2091
982	3716
205	2278
842	2674
722	2726
1693	2029
387	3269
1592	2199
1703	3255
625	2463
346	2367
240	2306
1554	2735
408	3408
190	1972
1802	3189
1161	3681
8	3458
444	3057
272	2381
1917	3648
35	2143
129	3444
601	2048
849	2351
103	2673
764	2790
1753	2602
609	2414
805	2917
548	3347
919	2948
1743	3544
752	2336
1185	2783
1260	2069
1724	2555
921	2642
1846	3515
506	3384
594	2186
509	2359
740	1960
1708	3209
1879	3763
21	3093
1541	2122
650	2132
1270	3722
293	2009
1115	1941
395	2952
1233	1982
861	2283
1284	3405
253	1962
1896	2863
1419	2147
1690	2010
44	1958
1904	3414
185	3039
1292	3783
1155	3463
1130	2961
709	2155
1132	3432
1621	3559
1297	3076
1516	3403
685	3630
897	3841
1295	2944
134	2563
1856	1957
1090	2541
574	3284
1296	3727
499	1991
13	3825
821	2819
759	2173
1525	2965
1400	2164
514	2693
1246	3295
1751	3186
1269	3248
688	2213
1085	3385
172	2984
753	2715
970	2027
577	3699
175	2200
338	2252
572	3739
1710	3004
38	2557
1165	2452
282	2290
340	2892
310	2244
156	2628
302	2755
1606	3326
1781	2605
1101	3776
1736	3785
392	2158
528	2678
1653	3480
450	2285
112	2730
1803	3257
1253	2811
1201	3810
1874	3735
1508	3536
1576	3008
1490	2258
928	2641
1604	3306
1873	3016
1814	3761
1306	3535
317	1976
1476	2710
1887	1955
1747	2229
1053	2041
870	2401
1777	3857
1003	3762
515	3300
1189	3634
1568	3602
274	2324
980	3234
885	1978
260	2473
1061	3427
1307	2456
1278	3368
268	2371
1449	3315
3	3177
487	2065
1527	2286
261	2649
1755	2325
158	2537
1462	3146
464	3042
568	2886
348	2205
404	3431
976	3643
195	2302
148	2718
383	3786
1661	3110
1556	2219
790	2460
1336	3551
810	2640
781	2894
138	2000
187	2459
973	3258
1213	2830
188	2193
1012	3858
1048	3324
1562	2415
1623	3610
728	3268
595	2013
949	3188
1494	2694
1536	3270
1432	2701
717	2579
706	2573
750	3301
866	2614
1728	3600
335	2648
1677	3626
1758	3615
1298	3713
1719	2014
1660	3645
891	2742
352	2102
1903	3738
322	2192
670	1997
1538	3549
1331	3082
1853	2591
451	3281
1354	3772
501	3505
53	2632
1749	3137
264	2991
256	2847
1775	2857
1200	2623
652	2136
70	2269
144	2846
369	3390
1412	2422
1072	2677
478	3838
305	2185
168	2038
359	2927
1504	2280
224	2141
1518	3362
908	2335
100	3311
1440	2420
1360	3583
1499	3169
1474	3231
212	2224
772	2566
510	3379
847	2322
466	2214
1383	2869
929	2821
674	2574
384	1940
962	2047
436	3056
1116	3638
61	2905
467	3646
1020	3775
377	2062
1091	2540
1746	2094
1216	2317
1414	2103
1451	2982
1408	3206
362	2883
540	2464
1299	2342
1631	3204
1119	3496
701	2267
872	2311
1158	3197
1634	3087
862	2627
1285	2077
915	2512
1762	3031
1029	3563
935	2370
1778	3210
612	2053
1170	3133
276	3033
1126	3196
1187	2265
1163	2498
1520	3487
840	2590
279	2668
913	3050
147	3220
918	2947
1370	2277
1257	3550
957	2305
146	2817
1404	3691
1008	3285
1481	2711
1077	3254
438	2087
133	3336
1893	3733
63	2908
1167	2111
1396	3412
251	2957
1042	3364
1084	3590
945	2544
22	3386
448	3108
119	2499
1819	3530
1745	2206
78	2318
1570	3637
1156	2437
1377	3080
1154	3855
1229	3109
581	3419
803	3262
774	2505
952	2689
460	3456
1036	3167
1166	2966
14	2773
300	2757
1878	3117
675	2266
1809	2142
398	3191
841	2011
1928	3277
1671	3391
400	3371
1227	2808
1800	2358
402	3289
1110	2066
446	3624
299	2588
961	2023
194	2153
559	3240
186	2791
1654	3561
292	2149
1457	2620
321	2196
90	3138
301	2331
614	2665
1425	2135
598	2548
1171	3726
959	1993
1223	3552
1644	2823
105	2469
1696	2843
934	3782
189	3147
419	3084
1342	2902
716	2380
1895	2935
1056	3491
1633	3203
557	3426
1670	3337
1195	2969
940	3135
1613	3836
1676	3760
1637	2455
1030	3484
1136	2343
153	2201
850	2309
1764	2862
814	2658
0	3358
1735	2920
223	2873
1153	2751
1569	2581
644	2374
869	2352
1214	2418
1251	3026
410	3420
1794	3731
1177	2217
1114	1975
1564	3843
1422	2378
84	2482
1884	3227
721	2551
1007	3380
1930	2083
1797	2946
987	3657
864	2722
1798	3199
889	2313
243	2913
416	3497
667	2174
653	2105
1829	2680
1446	3460
1837	3035
1740	2963
617	2304
534	3822
211	2492
741	2274
1470	2339
1885	2671
893	3582
1357	3127
1019	3608
529	2524
171	2413
1395	3024
1196	3100
1080	3844
819	3151
570	3712
846	2424
1489	2120
1225	3669
828	2655
1111	1983
91	2328
9	3865
1041	3504
178	3029
933	3755
749	2976
938	2792
1828	3247
345	2450
1711	2682
747	2580
1092	3464
1078	3376
611	2444
875	2279
238	2921
162	3044
289	2576
1714	3066
1374	3165
1265	3576
1900	2019
94	2046
892	3091
1923	3435
1245	3711
1443	2323
1898	3434
257	2234
64	2195
664	2430
54	2633
1734	3655
80	3011
455	3538
637	2502
693	2916
1850	2610
1152	2750
798	1950
1920	2151
32	3766
202	1999
107	2769
40	3730
1276	3457
981	3237
549	3790
275	2299
1539	3349
585	2391
1865	2190
1888	2202
262	2496
1104	2775
1240	3575
1256	3809
1044	3560
5	3781
1932	3565
1485	3226
239	2662
1906	3585
636	2567
638	2559
1919	2150
1235	2785
569	2595
201	2434
55	2836
791	2108
1675	3759
665	3245
237	2372
1060	2782
1267	2571
1316	2510
1750	3309
116	1994
666	2504
258	2121
1632	3852
316	2225
502	3568
1691	2818
1301	2341
313	2825
1045	3181
1493	2972
197	2704
745	2159
453	3377
1361	3815
365	3025
927	3819
525	3359
1108	2025
454	2699
269	2840
542	3656
596	2915
1266	3780
806	3012
449	3508
966	2034
216	2171
422	2981
1640	2454
1100	1935
367	3048
1011	2270
953	2295
1907	3586
356	3757
1891	3851
763	2779
1035	3054
118	2369
1716	3554
1521	3261
166	2860
1799	3567
992	2831
702	2129
1563	3313
922	3807
1664	2071
758	2733
1535	3330
304	2148
1648	3758
1120	3105
43	2519
130	2024
1776	3854
1180	3514
1795	3510
830	2600
397	3382
120	3383
1368	3547
1600	3791
287	2855
1705	3292
1583	3474
385	3401
483	3162
1882	3175
882	2992
457	3742
1145	2260
1642	3674
52	2471
59	1965
23	3397
1835	2679
1178	3696
1249	2688
180	2250
1619	2761
1915	3723
751	2176
34	3455
361	3275
57	3350
39	3163
1892	3355
947	3259
1827	3741
351	2924
435	2051
591	2167
1466	1939
867	2319
1469	2184
776	1971
738	2932
645	2028
1157	3023
1461	2115
948	3492
1416	2139
1512	3353
690	3449
176	2128
250	3571
587	2518
277	1961
1513	3363
1855	3074
1500	3743
1380	3507
203	3232
393	3621
1783	2398
694	2554
324	2293
583	3241
209	3055
1548	2901
1910	2525
579	3557
1221	2316
1668	2801
1782	2530
244	2228
1398	3314
376	3014
462	3069
936	3478
1226	3684
634	2275
780	2837
1141	3119
901	2964
1872	3015
1372	3700
1752	3236
547	3174
1176	2833
799	2771
1477	2098
1410	2423
1902	2161
622	2644
1796	2859
669	2089
826	2183
128	2376
1666	2127
1065	3098
1218	3439
1346	2705
878	3208
873	1984
1847	3633
1320	2361
1028	2467
31	2326
1237	2466
683	2954
1635	3088
1106	3387
1268	2570
1595	3677
1475	2251
1022	3027
657	2403
1075	3601
1369	3078
77	2276
1010	2807
1052	3097
900	2828
1394	3853
1039	2717
174	2553
286	2061
86	2093
283	2867
508	3448
1584	3661
1593	3085
1545	2638
1575	3542
1190	2256
1784	2593
496	2934
1503	3360
1303	3149
1338	3443
641	3297
1822	3747
1304	2826
914	3745
556	3276
1254	1951
580	3373
350	3418
1133	3649
81	2561
1364	2288
1242	2465
1687	3581
1815	3653
177	2357
954	2980
391	3218
1854	3104
606	3144
1580	2802
1150	3687
199	2245
30	3002
624	2063
1363	2008
1388	3404
968	2268
787	2615
1779	2231
412	3748
1790	2700
1524	2754
1049	2042
1768	3813
6	2685
697	2788
1310	3416
719	3351
1543	3047
1376	3690
956	2118
1823	3090
432	3019
1471	2659
1609	2057
881	2428
1018	2308
1547	2776
1002	3541
425	3673
1497	3215
461	2117
92	2747
505	3562
1293	3310
996	3454
1655	3279
990	3864
255	2993
1618	3616
1459	2468
441	3477
15	2774
315	2462
783	1938
1488	2804
1381	3519
1465	2227
309	2215
456	3641
1401	2494
1672	2237
640	2858
1427	2408
252	2086
331	2536
74	2100
1181	3294
533	2636
247	2365
434	2072
905	1974
126	2018
1037	3168
994	3372
726	3296
1810	2675
1519	3446
294	2589
1348	3462
1389	3425
1486	2330
1487	2233
735	3290
1549	2064
1356	2940
208	2766
896	3579
1397	3338
1113	2032
812	2834
1532	3198
82	1990
85	3001
588	2388
1530	2848
1515	2768
668	2485
1259	2899
796	2975
590	2483
1058	3250
1836	3225
1347	3826
1526	2647
1599	2956
1142	3120
97	2753
1679	2543
663	1934
822	2247
974	2684
894	3374
592	2166
899	3345
136	2663
1588	1964
1083	2314
760	1946
605	2055
109	2695
902	2113
1027	2621
1128	3095
1438	2197
1319	2446
414	2868
532	2634
1123	3751
47	3856
1540	2154
389	3767
1704	2842
1009	3584
1766	3132
829	2608
41	3140
484	3773
342	1948
1131	2344
93	3113
1387	2977
1206	3827
906	2744
433	3528
1385	2491
686	3789
1831	3339
1787	3217
603	2449
519	3518
1328	3574
975	3516
1247	2983
1073	2432
1215	3714
1845	3230
1492	3801
704	2045
793	2107
4	3178
1464	3768
373	2338
1788	2929
739	2594
157	2994
407	2967
1838	2049
1352	3202
1897	2470
288	2577
736	3161
437	2810
615	2669
679	3271
1406	2995
1484	3223
1760	2039
629	3010
406	3812
621	2036
788	2404
1031	2702
245	3278
1611	2364
839	2516
184	2931
102	2168
418	3423
1560	2748
1682	3840
1706	2179
567	2539
1511	3302
825	2850
329	2287
835	2230
1411	3366
1639	3830
925	3410
1791	3176
213	1954
632	2815
1243	3499
380	2922
308	2095
998	2880
28	3179
430	3607
254	2442
1384	1936
1232	1981
1355	2939
368	2635
1199	3628
939	2764
476	3126
486	2928
844	1986
327	2609
811	3152
714	3319
804	2822
1447	3073
734	2253
1309	2562
773	2181
447	2617
266	2033
1840	3588
1578	2803
1756	2780
72	3112
1282	3321
207	3287
1721	2578
442	3340
755	3114
48	3859
1767	2861
20	3540
210	2298
1625	3598
191	2340
99	2564
67	2585
1095	3256
1	2426
424	3471
1914	3805
1375	3685
1665	2528
943	3788
794	3111
1456	3708
833	2152
1351	3267
1601	3312
1335	3828
991	2832
303	2472
405	2021
463	3577
267	1942
1472	2235
1821	3632
584	2393
1244	3814
488	3083
470	2805
1673	3611
135	3243
181	2739
141	3205
1647	3625
827	2211
297	2930
192	2366
951	3409
1669	2163
1911	2526
988	3304
1574	3354
1069	3282
1040	3417
831	2622
1531	3467
1277	3697
1792	2626
480	3193
355	2552
823	2030
198	2534
1614	2762
720	2238
808	2897
49	3239
1467	3415
1286	2301
1208	3794
290	3293
1300	2820
942	2545
707	2891
87	2349
530	2900
1430	2938
718	2379
403	3676
196	2081
1217	3367
1433	1937
1818	3529
608	2724
415	2445
560	3070
512	3041
1393	2145
626	3038
127	2698
1681	3850
926	3573
1043	3752
1610	2056
565	3101
1572	3348
1505	2727
1094	3468
394	3150
1460	3335
1423	3068
220	2284
1577	3849
413	3406
677	3500
1522	3089
1542	2399
671	2851
1288	1953
1861	2178
924	3400
46	2191
1188	3329
551	3667
656	2489
1482	1979
562	3511
1726	3683
700	2104
241	2486
164	2421
1294	3062
623	2484
51	3131
539	2210
1717	3034
1886	3032
816	2395
944	3228
1070	2433
314	2849
1624	3740
960	3286
364	3846
884	2246
458	2262
150	2035
777	2799
571	2535
1723	2187
564	3466
417	3564
1652	2911
589	3118
471	3212
1312	3709
853	2888
1529	2124
249	2845
183	3030
75	2076
1261	2068
108	2116
1024	2307
1125	3096
573	3185
1367	3534
1700	3485
1774	2856
778	2652
1862	3481
73	3116
546	3344
236	2373
139	2941
36	3692
334	2637
263	1944
106	2513
661	2746
965	2303
421	3720
1678	3652
729	3566
582	2709
1016	2953
620	2683
492	2708
1894	3831
1922	2397
786	2696
265	2312
1162	2970
1341	2933
1496	2495
296	2725
775	2749
1597	1945
999	3506
1038	2716
1272	3498
1279	2604
782	2618
541	3533
522	2321
1194	2968
1308	2457
784	2765
795	2760
68	2474
767	3343
1138	3320
271	2697
1359	3075
627	2923
642	1968
490	3156
1707	2180
1839	2050
1139	3642
232	2497
16	3833
1589	1963
903	3058
159	2429
1510	3288
1507	3543
160	2877
1055	2778
1311	2592
538	2887
1533	2870
682	2719
837	2040
1817	2478
993	3322
295	1980
1353	3201
330	2043
26	3555
281	2006
910	2177
1737	3795
1366	3802
972	1933
691	2137
1581	3211
353	3523
113	2895
1628	2507
372	3187
809	2188
1059	3829
659	2264
520	2218
140	2978
217	2223
390	3429
593	3334
1274	3835
336	2189
170	2254
989	2425
890	2841
79	2389
715	2392
1291	2945
1843	2598
1429	3839
219	2133
1454	3753
1927	3719
1173	3479
1017	2411
1757	2781
673	2402
1064	2721
1323	3389
1068	3860
1559	2503
785	2997
1358	2974
1283	2603
654	2220
979	3824
1330	3686
363	2752
1321	2130
1651	3623
1866	3532
1334	3263
66	2447
1050	3453
789	2643
1281	3303
1731	2521
554	3756
1899	3421
600	2363
1148	2259
725	2080
824	2734
1761	2182
1314	3170
378	2529
1730	3703
1546	2878
604	2736
318	3122
1680	3749
836	2687
1763	3779
1134	3545
1426	3702
792	3273
1124	3361
381	3393
886	2793
88	3020
