0	0	1
2	0	1
3	0	4
5	0	6
7	0	8
9	0	10
11	0	12
13	0	12
14	0	15
16	0	15
17	0	15
18	0	19
20	0	21
22	0	21
23	0	21
24	0	21
25	0	21
26	0	27
28	0	29
30	0	31
32	0	31
33	0	31
34	0	35
36	0	37
38	0	37
39	0	37
40	0	37
41	0	42
43	0	44
45	0	46
47	0	46
48	0	46
49	0	50
51	0	52
53	0	54
55	1	56
57	1	58
59	1	56
60	1	56
61	1	56
62	1	56
63	1	56
64	1	56
65	1	56
66	1	56
67	1	56
68	1	69
70	1	71
72	1	71
73	1	71
74	1	71
75	1	71
76	1	71
77	1	71
78	1	71
79	1	71
80	1	71
81	1	71
82	1	71
83	1	71
84	1	71
85	1	71
86	1	71
87	1	71
88	1	71
89	1	71
90	1	71
91	1	71
92	1	71
93	1	71
94	1	71
95	1	71
96	1	71
97	1	71
98	1	71
99	1	71
100	1	71
101	1	71
102	1	71
103	1	71
104	1	71
105	1	71
106	1	71
107	1	71
108	1	71
109	1	71
110	1	71
111	1	71
112	1	71
113	1	71
114	1	71
115	1	71
116	1	71
117	1	71
118	1	71
119	1	71
120	1	71
121	1	71
122	1	71
123	1	71
124	1	71
125	1	71
126	1	71
127	1	71
128	1	71
129	1	71
130	1	71
131	1	71
132	1	71
133	1	71
134	1	71
135	1	71
136	1	71
137	1	71
138	1	71
139	1	71
140	1	71
141	1	71
142	1	71
143	1	71
144	1	71
145	1	71
146	1	71
147	1	71
148	1	71
149	1	71
150	1	151
152	1	151
153	1	151
154	1	151
155	1	151
156	1	151
157	1	151
158	1	151
159	1	151
160	1	151
161	1	151
162	1	151
163	1	151
164	1	151
165	1	151
166	1	151
167	1	151
168	1	151
169	1	151
170	1	151
171	1	151
172	1	151
173	1	151
174	1	151
175	1	151
176	1	151
177	1	151
178	1	151
179	1	151
180	1	151
181	1	151
182	1	151
183	1	151
184	1	151
185	1	151
186	1	151
187	1	151
188	1	151
189	1	190
191	1	190
192	1	190
193	1	190
194	1	190
195	1	190
196	1	190
197	1	190
198	1	190
199	1	190
200	1	190
201	1	190
202	1	190
203	1	190
204	1	190
205	1	190
206	1	190
207	1	190
208	1	190
209	1	190
210	1	190
211	1	190
212	1	190
213	1	190
214	1	190
215	1	190
216	1	190
217	1	190
218	1	190
219	1	190
220	1	190
221	1	190
222	1	190
223	1	190
224	1	190
225	1	190
226	1	190
227	1	190
228	1	190
229	1	190
230	1	190
231	1	190
232	1	190
233	1	190
234	1	190
235	1	236
237	1	236
238	1	236
239	1	236
240	1	236
241	1	236
242	1	236
243	1	236
244	1	236
245	1	236
246	1	236
247	1	236
248	1	236
249	1	236
250	1	251
252	1	253
254	1	253
255	1	253
256	1	253
257	1	253
258	1	253
259	1	253
260	1	253
261	1	253
262	1	253
263	1	253
264	1	253
265	1	253
266	1	253
267	1	253
268	1	253
269	1	253
270	1	253
271	1	253
272	1	253
273	1	253
274	1	253
275	1	253
276	1	253
277	1	253
278	1	253
279	1	253
280	1	253
281	1	253
282	1	253
283	1	253
284	1	253
285	1	253
286	1	253
287	1	253
288	1	253
289	1	253
290	1	253
291	1	253
292	1	253
293	1	253
294	1	253
295	1	253
296	1	253
297	1	253
298	1	253
299	1	253
300	1	253
301	1	253
302	1	253
303	1	253
304	1	253
305	1	253
306	1	253
307	1	253
308	1	253
309	1	253
310	1	253
311	1	253
312	1	253
313	1	253
314	1	253
315	1	253
316	1	253
317	1	253
318	1	253
319	1	253
320	1	253
321	1	253
322	1	253
323	1	253
324	1	253
325	1	253
326	1	253
327	1	253
328	1	253
329	1	253
330	1	253
331	1	253
332	1	253
333	1	253
334	1	253
335	1	253
336	1	253
337	1	253
338	1	253
339	1	253
340	1	253
341	1	253
342	1	253
343	1	253
344	1	253
345	1	253
346	1	253
347	1	253
348	1	253
349	1	253
350	1	58
351	1	58
352	1	58
353	1	58
354	1	58
355	1	58
356	1	58
357	1	58
358	1	58
359	1	58
360	1	58
361	1	58
362	1	58
363	1	58
364	1	58
365	1	58
366	1	58
367	1	58
368	1	58
369	1	58
370	1	58
371	1	58
372	1	58
373	1	58
374	1	58
375	1	58
376	1	58
377	1	58
378	1	58
379	1	58
380	1	58
381	1	58
382	1	58
383	1	58
384	1	58
385	1	58
386	1	58
387	1	58
388	1	58
389	1	58
390	1	58
391	1	58
392	1	58
393	1	58
394	1	58
395	1	58
396	1	58
397	1	58
398	1	58
399	1	58
400	1	58
401	1	58
402	1	58
403	1	58
404	1	58
405	1	58
406	1	58
407	1	58
408	1	58
409	1	58
410	1	58
411	1	58
412	1	58
413	1	58
414	1	58
415	1	58
416	1	58
417	1	58
418	1	58
419	1	58
420	1	58
421	1	58
422	1	58
423	1	58
424	1	58
425	1	58
426	1	58
427	1	58
428	1	58
429	1	58
430	1	58
431	1	58
432	1	58
433	1	58
434	1	58
435	1	58
436	1	58
437	1	58
438	1	58
439	1	58
440	1	58
441	1	58
442	1	58
443	1	58
444	1	58
445	1	58
446	1	58
447	1	58
448	1	58
449	1	58
450	1	58
451	1	58
452	1	58
453	1	58
454	1	58
455	1	58
456	1	58
457	1	58
458	1	58
459	1	58
460	1	58
461	1	58
462	1	58
463	1	58
464	1	58
465	1	58
466	1	58
467	1	58
468	1	58
469	1	58
470	1	58
471	1	58
472	1	58
473	1	58
474	1	58
475	1	58
476	1	58
477	1	58
478	1	58
479	1	58
480	1	58
481	1	58
482	1	58
483	1	58
484	1	58
485	1	58
486	1	58
487	1	58
488	1	58
489	1	58
490	1	58
491	1	58
492	1	58
493	1	58
494	1	58
495	1	58
496	1	58
497	1	58
498	1	58
499	1	58
500	1	58
501	1	58
502	1	58
503	1	58
504	1	58
505	1	58
506	1	58
507	1	58
508	1	58
509	1	58
510	1	58
511	1	58
512	1	58
513	1	58
514	1	58
515	1	58
516	1	58
517	1	58
518	1	58
519	1	58
520	1	58
521	1	58
522	1	58
523	1	58
524	1	58
525	1	58
526	1	58
527	1	58
528	1	58
529	1	58
530	1	58
531	1	58
532	1	58
533	1	58
534	1	58
535	1	58
536	1	58
537	1	58
538	1	58
539	1	58
540	1	58
541	1	58
542	1	58
543	1	58
544	1	58
545	1	58
546	1	58
547	1	58
548	1	58
549	1	58
550	1	58
551	1	58
552	1	58
553	1	58
554	1	58
555	1	58
556	1	58
557	1	58
558	1	58
559	1	58
560	1	58
561	1	58
562	1	58
563	1	58
564	1	58
565	1	58
566	1	58
567	1	58
568	1	58
569	1	58
570	1	58
571	1	58
572	1	58
573	1	58
574	1	58
575	1	58
576	1	58
577	1	58
578	1	58
579	1	58
580	1	58
581	1	58
582	1	58
583	1	58
584	1	585
586	1	585
587	1	585
588	1	585
589	1	585
590	1	591
592	1	591
593	1	591
594	1	591
595	1	591
596	1	591
597	1	591
598	1	591
599	1	591
600	1	591
601	1	591
602	1	591
603	1	591
604	1	591
605	1	591
606	1	591
607	1	591
608	1	591
609	1	591
610	1	591
611	1	591
612	1	591
613	1	591
614	1	591
615	1	591
616	1	591
617	1	591
618	1	591
619	1	591
620	1	591
621	1	591
622	1	591
623	1	591
624	1	591
625	1	591
626	1	591
627	1	591
628	1	591
629	1	591
630	1	591
631	1	591
632	1	591
633	1	591
634	1	591
635	1	591
636	1	591
637	1	591
638	1	591
639	1	591
640	1	591
641	1	642
643	1	642
644	1	642
645	1	642
646	1	642
647	1	642
648	1	642
649	1	642
650	1	642
651	1	642
652	1	642
653	1	642
654	1	642
655	1	642
656	1	642
657	1	642
658	1	642
659	1	642
660	1	642
661	1	642
662	1	642
663	1	642
664	1	642
665	1	642
666	1	642
667	1	642
668	1	642
669	1	642
670	1	642
671	1	642
672	1	69
673	1	69
674	1	69
675	1	69
676	1	69
677	1	678
679	1	678
680	1	678
681	1	678
682	1	678
683	1	678
684	1	678
685	1	678
686	1	678
687	1	678
688	1	678
689	1	678
690	1	678
691	1	678
692	1	678
693	1	678
694	1	678
695	1	696
697	1	696
698	1	696
699	1	696
700	1	696
701	1	696
702	1	696
703	1	696
704	1	696
705	1	696
706	1	696
707	1	69
708	1	71
709	1	71
710	1	71
711	1	71
712	1	585
713	1	251
714	1	251
715	1	251
716	1	251
717	1	251
718	1	251
719	1	678
720	1	696
721	1	696
722	1	696
723	1	696
724	1	725
726	1	725
727	1	725
728	1	725
729	1	725
730	1	725
731	1	725
732	1	725
733	1	725
734	1	725
735	1	725
736	1	725
737	1	725
738	1	69
739	1	69
740	1	696
741	1	696
742	1	696
743	1	696
744	1	696
745	1	696
746	1	696
747	1	696
748	1	725
749	1	69
750	1	69
751	1	69
752	1	69
753	1	69
754	1	69
755	1	69
756	1	69
757	1	69
758	1	69
759	1	69
760	1	69
761	1	69
762	1	69
763	1	69
764	1	69
765	1	69
766	1	69
767	1	69
768	1	69
769	1	69
770	1	69
771	1	69
772	1	69
773	1	69
774	1	69
775	1	69
776	1	190
777	1	725
778	1	725
779	1	725
780	1	725
781	1	71
782	1	71
783	1	725
784	1	725
785	1	725
786	1	725
787	1	190
788	1	190
789	1	725
790	1	791
792	1	791
793	1	791
794	1	725
795	1	725
796	1	725
797	1	798
799	1	585
800	1	585
801	1	585
802	1	190
803	1	190
804	1	190
805	1	190
806	1	190
807	1	190
808	1	190
809	1	190
810	1	190
811	1	190
812	1	190
813	1	190
814	1	190
815	1	190
816	1	190
817	1	190
818	1	190
819	1	190
820	1	190
821	1	822
823	1	822
824	1	822
825	1	822
826	1	822
827	1	822
828	1	829
830	1	829
831	1	829
832	1	829
833	1	822
834	1	822
835	1	822
836	1	822
837	1	822
838	1	822
839	1	822
840	1	822
841	1	822
842	1	822
843	1	822
844	1	829
845	1	822
846	1	822
847	1	822
848	1	822
849	1	822
850	1	822
851	1	822
852	1	829
853	1	829
854	1	829
855	1	829
856	1	829
857	1	829
858	1	822
859	1	822
860	1	822
861	1	862
863	1	822
864	1	822
865	1	822
866	1	822
867	1	696
868	1	822
869	1	822
870	1	822
871	1	696
872	1	696
873	1	696
874	1	696
875	1	696
876	1	696
877	1	822
878	1	190
879	1	822
880	1	822
881	1	822
882	1	822
883	1	822
884	1	822
885	1	822
886	1	887
888	1	190
889	1	190
890	1	829
891	1	190
892	1	190
893	1	887
894	1	887
895	1	887
896	1	887
897	1	887
898	1	190
899	1	190
900	1	829
901	1	829
902	1	829
903	1	829
904	1	829
905	1	696
906	1	822
907	1	822
908	1	822
909	1	822
910	1	822
911	1	822
912	1	822
913	1	887
914	1	887
915	1	829
916	1	696
917	1	696
918	0	919
920	0	921
922	0	921
923	0	921
924	0	921
925	0	921
926	0	921
927	0	921
928	0	921
929	0	921
930	0	931
932	0	931
933	0	931
934	0	931
935	0	931
936	0	931
937	0	931
938	0	931
939	0	931
940	0	931
941	0	942
943	0	942
944	0	942
945	0	942
946	0	942
947	0	942
948	0	942
949	0	950
951	0	950
952	0	950
953	0	950
954	0	58
955	0	58
956	0	236
957	0	236
958	0	71
959	0	71
960	0	71
961	0	71
962	0	591
955	0	591
963	0	591
964	0	591
965	0	591
966	0	151
967	0	151
968	0	151
969	0	151
970	0	642
971	0	642
972	0	642
973	0	6
974	0	6
975	0	6
976	0	6
977	0	6
978	0	6
979	0	6
980	0	6
981	0	6
982	0	1
983	0	1
984	0	1
985	0	1
986	0	1
987	0	1
988	0	1
989	0	1
990	0	991
992	0	991
993	0	991
994	0	995
996	0	995
997	0	995
998	0	995
999	0	995
1000	0	995
1001	0	995
1002	0	995
1003	0	995
1004	0	1005
1006	0	1005
1007	0	1005
1008	0	1005
1009	0	1005
1010	0	1005
1011	0	1005
1012	0	1005
1013	0	1005
1014	0	1005
1015	0	678
1016	0	678
1017	0	1018
1019	0	1018
1020	0	1018
1021	0	1018
1022	0	1018
1023	0	1018
1024	0	1018
1025	0	1026
1027	0	1026
1028	0	1026
1029	0	1026
1030	0	1026
1031	0	1026
1032	0	1026
1033	0	1026
1034	0	1026
1035	0	1026
1036	0	1037
1038	0	1039
1040	0	1039
1041	0	1039
1042	0	1039
1043	0	1039
1044	0	1039
1045	0	1039
1046	0	1039
1047	0	1039
1048	0	1049
1050	0	1049
1051	0	1049
1052	0	1049
1053	0	1049
1054	0	1055
992	0	1055
1056	0	1055
1057	0	1055
1058	0	1055
1059	0	1055
1060	0	1055
1061	0	1055
1062	0	1055
1063	0	1064
1065	0	1064
1066	0	1064
1067	0	1064
1068	0	1064
1069	0	1070
1071	0	1070
1072	0	1070
1073	0	1070
1074	0	1070
1075	0	1076
1077	0	1076
1078	0	1076
1079	0	1076
1080	0	1076
1081	0	1076
1082	0	1076
1083	0	1076
1084	0	1076
1085	0	1086
1087	0	1086
1088	0	1086
1089	0	1090
1091	0	1090
1092	0	1090
1093	0	1090
1094	0	1090
1095	0	1090
1096	0	1097
1098	0	1097
1099	0	1097
1100	0	1097
1101	0	1097
1102	0	1097
1103	0	1097
1104	0	1097
1105	0	1097
1106	0	1097
1107	0	253
1108	0	253
1109	0	253
1110	0	253
1111	0	253
1112	0	253
1113	0	253
1114	0	253
1115	0	253
1116	0	1117
1118	0	1117
1119	0	1117
1120	0	1117
1121	0	1117
1122	0	1117
1123	0	1117
1124	0	1125
1126	0	1125
1127	0	1125
1128	0	1125
1129	0	1125
1130	0	1131
1132	0	1131
1133	0	1131
1134	0	1131
1135	0	1131
1136	0	1131
1137	0	1131
1138	0	1131
1139	0	1131
1140	0	1131
1141	0	1142
1143	0	1142
1144	0	1145
1146	0	1145
1147	0	1145
1148	0	1145
1149	0	1145
1150	0	1145
1151	0	1145
1152	0	1153
1154	0	1153
1155	0	1156
1157	0	1156
1158	0	1156
1159	0	1156
1160	0	1156
1161	0	1156
1162	0	1156
1163	0	1156
1164	0	1156
1165	0	1156
1166	0	1167
1168	0	1167
1169	0	1167
1170	0	1167
1171	0	1167
1172	0	1167
1173	0	1167
1174	0	1167
1175	0	1167
1176	0	1177
1178	0	1177
1179	0	1177
1180	0	1177
1181	0	1177
1182	0	1177
1183	0	1177
1184	0	1177
1185	0	1177
1186	0	69
1187	0	69
1188	0	10
1189	0	10
1190	0	10
1191	0	10
1192	0	10
1193	0	10
1194	0	1195
1196	0	1197
1198	0	1197
1199	0	1197
1200	0	1197
1201	0	1202
1203	0	1202
1204	0	1205
1206	0	1205
1207	0	1205
1208	0	1205
1209	0	1205
1210	0	1205
1211	0	1205
1212	0	1205
1213	0	1205
1214	0	1205
1215	0	1216
1217	0	1216
1218	0	1216
1219	0	1216
1220	0	1216
1221	0	1216
1222	0	1216
1223	0	1224
1225	0	1224
1226	0	1224
1227	0	1224
1228	0	1224
1229	0	1224
1230	0	1224
1231	0	1224
1232	0	1233
1234	0	1233
1235	0	1233
1236	0	1237
1238	0	1237
1239	0	1237
1240	0	1237
1241	0	1237
1242	0	1237
1243	0	1237
1244	0	1237
1245	0	1237
1246	0	798
1247	0	798
1248	0	798
1249	0	798
1250	0	798
1251	0	798
1252	0	798
1253	0	798
1254	0	1255
1256	0	1255
1257	0	1255
1258	0	1255
1259	0	1260
1261	0	1260
1262	0	1260
1263	0	1260
1217	0	1260
1264	0	1260
1265	0	1260
1266	0	1267
1268	0	1267
1269	0	1267
1270	0	1267
1271	0	1267
1051	0	1267
1272	0	1267
1273	0	1274
1275	0	8
1276	0	8
1277	0	4
1278	0	1279
1280	0	1279
1281	0	1279
1282	0	1279
1283	0	1279
1284	0	1279
1285	0	190
1286	0	190
1287	0	190
1288	0	190
1289	0	190
1290	0	1291
1292	0	1291
1293	0	1291
1294	0	1291
1295	0	1291
1296	0	1291
1297	0	1291
1298	0	1299
1300	0	1299
1301	0	1299
1302	0	1299
1303	0	1299
1304	0	1299
1305	0	1299
1306	0	1299
1307	0	1308
1309	0	1308
1310	0	1308
1311	0	1308
1312	0	1313
1314	0	1315
1316	0	1315
1317	0	1315
1318	0	56
1319	0	56
1320	0	56
1321	0	56
1322	0	56
1323	0	56
1318	0	55
1319	0	55
1321	0	55
1324	0	55
1325	0	55
1326	0	1327
1328	0	1327
1329	0	1327
1330	0	1327
1331	0	1327
1332	0	1333
1334	0	1333
1335	0	1333
1336	0	1333
1337	0	1333
1338	0	1333
1339	0	1340
1341	0	1340
1342	0	1340
1343	0	1340
1344	0	1345
1346	0	1345
1347	0	1345
1290	0	1345
1348	0	1345
1349	0	1345
1350	0	1345
1351	0	1352
1353	0	1352
1354	0	1352
1355	0	1356
1357	0	1356
1358	0	1356
1359	0	1356
1360	0	1356
1361	0	1356
1362	0	1363
1364	0	1363
1365	0	1363
1366	0	1363
1367	0	1363
1368	0	1363
1369	0	1363
1370	0	1363
1371	0	1363
1372	0	1373
1374	0	1373
1375	0	1373
1376	0	1373
1377	0	1373
1378	0	1373
1379	0	1373
1380	0	1373
1381	0	1373
1382	0	1373
1383	0	1384
1385	0	1384
1386	0	1384
1387	0	1384
1388	0	1384
1389	0	1384
1390	0	1384
1391	0	1384
1392	0	12
1393	0	12
1394	0	12
1395	0	12
1396	0	12
1397	0	12
1318	0	59
1319	0	59
1320	0	59
1321	0	59
1325	0	59
1318	0	60
1319	0	60
1325	0	60
1318	0	61
1319	0	61
1320	0	61
1321	0	61
1323	0	61
1325	0	61
1318	0	62
1319	0	62
1320	0	62
1321	0	62
1325	0	62
1318	0	63
1319	0	63
1320	0	63
1321	0	63
1325	0	63
1318	0	64
1319	0	64
1321	0	64
1323	0	64
1325	0	64
1318	0	65
1319	0	65
1320	0	65
1321	0	65
1325	0	65
1318	0	66
1319	0	66
1320	0	66
1324	0	66
1325	0	66
1318	0	67
1319	0	67
1320	0	67
1324	0	67
1325	0	67
1186	0	68
1398	0	1399
1400	0	1399
1401	0	1399
1402	0	1399
1403	0	1399
1404	0	1399
1405	0	791
1406	0	791
1407	0	791
1408	0	791
1409	0	1410
1411	0	1410
1412	0	1410
1413	0	1410
1414	0	696
1415	0	696
1416	0	696
1417	0	696
1418	0	696
1419	0	696
1420	0	585
1421	0	585
1422	0	251
1423	0	251
1424	0	1425
1426	0	1425
1427	0	1425
1428	0	1425
1429	0	1425
1430	0	1425
1431	0	1425
1432	0	1425
1433	0	725
958	0	70
959	0	70
1434	0	70
960	0	70
958	0	72
1435	0	72
1436	0	72
960	0	72
958	0	73
1437	0	73
960	0	73
1438	0	73
958	0	74
1439	0	74
1440	0	74
960	0	74
958	0	75
1441	0	75
1442	0	75
960	0	75
958	0	76
1439	0	76
1440	0	76
960	0	76
958	0	77
1435	0	77
1438	0	77
960	0	77
958	0	78
1443	0	78
1438	0	78
960	0	78
958	0	79
1444	0	79
960	0	79
958	0	80
1439	0	80
960	0	80
1440	0	80
958	0	81
959	0	81
1445	0	81
1446	0	81
1440	0	81
960	0	81
958	0	82
1439	0	82
960	0	82
961	0	82
958	0	83
1447	0	83
960	0	83
958	0	84
1448	0	84
1438	0	84
960	0	84
958	0	85
1439	0	85
960	0	85
958	0	86
1439	0	86
960	0	86
1449	0	86
958	0	87
1443	0	87
1450	0	87
960	0	87
1440	0	87
958	0	88
1437	0	88
960	0	88
1438	0	88
958	0	89
960	0	89
1451	0	89
958	0	90
1435	0	90
960	0	90
1440	0	91
958	0	91
1452	0	91
1453	0	91
1454	0	91
1455	0	91
960	0	91
958	0	92
1439	0	92
960	0	92
958	0	93
1456	0	93
960	0	93
958	0	94
1457	0	94
960	0	94
958	0	95
1439	0	95
960	0	95
1451	0	95
958	0	96
1458	0	96
960	0	96
958	0	97
960	0	97
958	0	98
1439	0	98
1436	0	98
960	0	98
958	0	99
959	0	99
1452	0	99
960	0	99
958	0	100
1435	0	100
1438	0	100
960	0	100
958	0	101
959	0	101
1452	0	101
960	0	101
958	0	102
1439	0	102
960	0	102
958	0	103
1440	0	103
960	0	103
958	0	104
960	0	104
958	0	105
1459	0	105
960	0	105
958	0	106
959	0	106
1460	0	106
960	0	106
958	0	107
960	0	107
958	0	108
1461	0	108
960	0	108
958	0	109
959	0	109
1462	0	109
1455	0	109
1454	0	109
960	0	109
1440	0	109
958	0	110
1438	0	110
960	0	110
958	0	111
1447	0	111
960	0	111
958	0	112
1438	0	112
960	0	112
958	0	113
1458	0	113
960	0	113
958	0	114
959	0	114
1435	0	114
1436	0	114
960	0	114
958	0	115
1440	0	115
960	0	115
958	0	116
960	0	116
958	0	117
1461	0	117
960	0	117
958	0	118
959	0	118
1439	0	118
960	0	118
1451	0	118
958	0	119
1438	0	119
960	0	119
958	0	120
1439	0	120
960	0	120
958	0	121
1459	0	121
1444	0	121
960	0	121
958	0	122
1445	0	122
1446	0	122
960	0	122
1440	0	122
958	0	123
1463	0	123
1436	0	123
960	0	123
958	0	124
959	0	124
1443	0	124
1446	0	124
960	0	124
1440	0	124
958	0	125
1458	0	125
960	0	125
958	0	126
958	0	127
960	0	127
958	0	128
1437	0	128
960	0	128
1438	0	128
958	0	129
1464	0	129
960	0	129
958	0	130
1465	0	130
1457	0	130
960	0	130
958	0	131
1437	0	131
960	0	131
1438	0	131
958	0	132
1457	0	132
960	0	132
958	0	133
959	0	133
1435	0	133
960	0	133
958	0	134
959	0	134
1445	0	134
960	0	134
1440	0	134
958	0	135
1444	0	135
960	0	135
958	0	136
959	0	136
1466	0	136
960	0	136
1467	0	136
958	0	137
959	0	137
1452	0	137
1438	0	137
960	0	137
958	0	138
1439	0	138
960	0	138
958	0	139
1447	0	139
960	0	139
958	0	140
959	0	140
1443	0	140
960	0	140
1440	0	140
958	0	141
959	0	141
1462	0	141
960	0	141
1440	0	141
958	0	142
1468	0	142
960	0	142
958	0	143
1441	0	143
1450	0	143
960	0	143
958	0	144
960	0	144
958	0	145
1435	0	145
960	0	145
1451	0	145
958	0	146
959	0	146
1443	0	146
1440	0	146
960	0	146
958	0	147
1457	0	147
960	0	147
958	0	148
1439	0	148
960	0	148
958	0	149
1438	0	149
960	0	149
966	0	150
967	0	150
968	0	150
969	0	150
966	0	152
967	0	152
968	0	152
969	0	152
966	0	153
967	0	153
968	0	153
969	0	153
966	0	154
967	0	154
968	0	154
969	0	154
966	0	155
967	0	155
968	0	155
969	0	155
966	0	156
967	0	156
968	0	156
969	0	156
966	0	157
967	0	157
968	0	157
969	0	157
966	0	158
967	0	158
968	0	158
969	0	158
966	0	159
967	0	159
968	0	159
969	0	159
966	0	160
967	0	160
968	0	160
969	0	160
966	0	161
967	0	161
968	0	161
969	0	161
966	0	162
967	0	162
968	0	162
969	0	162
966	0	163
969	0	163
966	0	164
967	0	164
968	0	164
969	0	164
966	0	165
967	0	165
968	0	165
969	0	165
966	0	166
967	0	166
968	0	166
969	0	166
966	0	167
969	0	167
966	0	168
967	0	168
968	0	168
969	0	168
966	0	169
967	0	169
968	0	169
969	0	169
966	0	170
967	0	170
968	0	170
969	0	170
966	0	171
967	0	171
968	0	171
969	0	171
966	0	172
967	0	172
968	0	172
969	0	172
966	0	173
967	0	173
968	0	173
969	0	173
966	0	174
967	0	174
968	0	174
969	0	174
966	0	175
967	0	175
968	0	175
969	0	175
966	0	176
967	0	176
968	0	176
969	0	176
966	0	177
967	0	177
968	0	177
969	0	177
966	0	178
967	0	178
968	0	178
969	0	178
966	0	179
969	0	179
966	0	180
967	0	180
968	0	180
969	0	180
966	0	181
967	0	181
968	0	181
969	0	181
966	0	182
967	0	182
968	0	182
969	0	182
966	0	183
967	0	183
968	0	183
969	0	183
966	0	184
967	0	184
968	0	184
969	0	184
966	0	185
967	0	185
968	0	185
969	0	185
966	0	186
967	0	186
968	0	186
969	0	186
966	0	187
967	0	187
968	0	187
969	0	187
966	0	188
967	0	188
968	0	188
969	0	188
1285	0	189
1287	0	189
1286	0	189
1469	0	189
1285	0	191
1287	0	191
1286	0	191
1470	0	191
1285	0	192
1287	0	192
1286	0	192
1469	0	192
1285	0	193
1287	0	193
1286	0	193
1469	0	193
1285	0	194
1287	0	194
1286	0	194
1469	0	194
1285	0	195
1287	0	195
1286	0	195
1469	0	195
1285	0	196
1287	0	196
1286	0	196
1471	0	196
1285	0	197
1287	0	197
1286	0	197
1469	0	197
1285	0	198
1287	0	198
1286	0	198
1469	0	198
1285	0	199
1287	0	199
1286	0	199
1469	0	199
1285	0	200
1287	0	200
1286	0	200
1472	0	200
1285	0	201
1287	0	201
1286	0	201
1473	0	201
1285	0	202
1287	0	202
1286	0	202
1469	0	202
1285	0	203
1287	0	203
1286	0	203
1474	0	203
1285	0	204
1287	0	204
1286	0	204
1472	0	204
1285	0	205
1287	0	205
1286	0	205
1470	0	205
1285	0	206
1287	0	206
1286	0	206
1470	0	206
1285	0	207
1287	0	207
1286	0	207
1285	0	208
1287	0	208
1286	0	208
1473	0	208
1285	0	209
1287	0	209
1286	0	209
1473	0	209
1288	0	210
1285	0	210
1287	0	210
1286	0	210
1473	0	210
1285	0	211
1287	0	211
1286	0	211
1469	0	211
1285	0	212
1287	0	212
1286	0	212
1469	0	212
1285	0	213
1287	0	213
1286	0	213
1469	0	213
1285	0	214
1287	0	214
1286	0	214
1469	0	214
1288	0	214
1288	0	215
1285	0	215
1287	0	215
1286	0	215
1471	0	215
1285	0	216
1287	0	216
1286	0	216
1469	0	216
1288	0	216
1285	0	217
1287	0	217
1286	0	217
1288	0	217
1470	0	217
1285	0	218
1287	0	218
1286	0	218
1469	0	218
1285	0	219
1287	0	219
1286	0	219
1473	0	219
1285	0	220
1287	0	220
1286	0	220
1469	0	220
1285	0	221
1287	0	221
1286	0	221
1469	0	221
1285	0	222
1287	0	222
1286	0	222
1472	0	222
1285	0	223
1287	0	223
1286	0	223
1473	0	223
1288	0	223
1285	0	224
1287	0	224
1286	0	224
1472	0	224
1285	0	225
1287	0	225
1286	0	225
1470	0	225
1285	0	226
1287	0	226
1286	0	226
1473	0	226
1285	0	227
1287	0	227
1286	0	227
1473	0	227
1285	0	228
1287	0	228
1286	0	228
1469	0	228
1285	0	229
1287	0	229
1286	0	229
1288	0	230
1285	0	230
1287	0	230
1286	0	230
1469	0	230
1285	0	231
1287	0	231
1286	0	231
1473	0	231
1285	0	232
1287	0	232
1286	0	232
1469	0	232
1285	0	233
1287	0	233
1286	0	233
1473	0	233
1285	0	234
1287	0	234
1286	0	234
1288	0	234
1469	0	234
956	0	235
956	0	237
957	0	237
956	0	238
956	0	239
957	0	239
956	0	240
956	0	241
957	0	241
956	0	242
1465	0	242
956	0	243
957	0	243
956	0	244
957	0	244
956	0	245
957	0	245
956	0	246
957	0	246
1467	0	246
956	0	247
1467	0	247
956	0	248
957	0	248
1467	0	248
1439	0	248
956	0	249
1422	0	250
1423	0	250
1108	0	252
1475	0	252
1107	0	252
1109	0	252
1476	0	252
1112	0	252
1477	0	252
1478	0	252
1478	0	254
1108	0	254
1113	0	254
1115	0	254
1479	0	254
1480	0	254
1112	0	254
1481	0	254
1482	0	254
1483	0	255
1108	0	255
1113	0	255
1109	0	255
1484	0	255
1112	0	255
1485	0	255
1481	0	255
1478	0	255
1478	0	256
1483	0	256
1108	0	256
1113	0	256
1479	0	256
1486	0	256
1112	0	256
1485	0	256
1481	0	256
1487	0	256
1483	0	257
1108	0	257
1113	0	257
1109	0	257
1488	0	257
1112	0	257
1481	0	257
1487	0	257
1478	0	257
1108	0	258
1113	0	258
1115	0	258
1107	0	258
1480	0	258
1112	0	258
1489	0	258
1477	0	258
1478	0	258
1478	0	259
1108	0	259
1113	0	259
1115	0	259
1490	0	259
1491	0	259
1112	0	259
1492	0	259
1489	0	259
1483	0	260
1108	0	260
1113	0	260
1479	0	260
1493	0	260
1112	0	260
1482	0	260
1478	0	260
1494	0	260
1483	0	261
1108	0	261
1113	0	261
1109	0	261
1495	0	261
1112	0	261
1487	0	261
1481	0	261
1478	0	261
1478	0	262
1108	0	262
1113	0	262
1115	0	262
1479	0	262
1496	0	262
1112	0	262
1494	0	262
1481	0	262
1482	0	262
1108	0	263
1113	0	263
1115	0	263
1109	0	263
1480	0	263
1112	0	263
1478	0	263
1481	0	263
1489	0	263
1478	0	264
1108	0	264
1113	0	264
1115	0	264
1490	0	264
1109	0	264
1112	0	264
1481	0	264
1489	0	264
1477	0	265
1108	0	265
1113	0	265
1115	0	265
1490	0	265
1497	0	265
1112	0	265
1489	0	265
1478	0	265
1494	0	266
1483	0	266
1108	0	266
1113	0	266
1109	0	266
1112	0	266
1481	0	266
1478	0	266
1478	0	267
1108	0	267
1113	0	267
1115	0	267
1490	0	267
1498	0	267
1112	0	267
1499	0	267
1481	0	267
1108	0	268
1475	0	268
1107	0	268
1109	0	268
1500	0	268
1112	0	268
1501	0	268
1478	0	268
1494	0	269
1483	0	269
1108	0	269
1113	0	269
1109	0	269
1502	0	269
1112	0	269
1478	0	269
1503	0	269
1481	0	269
1108	0	270
1475	0	270
1107	0	270
1109	0	270
1493	0	270
1112	0	270
1489	0	270
1478	0	270
1489	0	271
1108	0	271
1113	0	271
1109	0	271
1111	0	271
1504	0	271
1505	0	271
1112	0	271
1483	0	272
1108	0	272
1113	0	272
1479	0	272
1493	0	272
1112	0	272
1481	0	272
1478	0	272
1494	0	272
1489	0	273
1108	0	273
1113	0	273
1115	0	273
1490	0	273
1506	0	273
1112	0	273
1481	0	273
1478	0	274
1483	0	274
1108	0	274
1113	0	274
1479	0	274
1112	0	274
1503	0	274
1481	0	274
1487	0	274
1494	0	275
1483	0	275
1108	0	275
1113	0	275
1479	0	275
1507	0	275
1112	0	275
1481	0	275
1478	0	275
1478	0	276
1483	0	276
1108	0	276
1113	0	276
1114	0	276
1507	0	276
1112	0	276
1489	0	276
1487	0	276
1108	0	277
1113	0	277
1115	0	277
1490	0	277
1493	0	277
1112	0	277
1481	0	277
1489	0	277
1478	0	278
1108	0	278
1113	0	278
1115	0	278
1490	0	278
1111	0	278
1112	0	278
1481	0	278
1489	0	278
1483	0	279
1108	0	279
1113	0	279
1109	0	279
1496	0	279
1112	0	279
1481	0	279
1478	0	279
1108	0	280
1113	0	280
1115	0	280
1490	0	280
1508	0	280
1112	0	280
1481	0	280
1478	0	281
1483	0	281
1108	0	281
1113	0	281
1479	0	281
1112	0	281
1482	0	281
1478	0	282
1483	0	282
1108	0	282
1113	0	282
1479	0	282
1480	0	282
1112	0	282
1481	0	282
1478	0	283
1483	0	283
1108	0	283
1113	0	283
1479	0	283
1509	0	283
1112	0	283
1481	0	283
1108	0	284
1113	0	284
1115	0	284
1107	0	284
1510	0	284
1112	0	284
1503	0	284
1478	0	284
1478	0	285
1483	0	285
1108	0	285
1113	0	285
1479	0	285
1511	0	285
1112	0	285
1494	0	285
1481	0	285
1489	0	285
1477	0	286
1108	0	286
1113	0	286
1115	0	286
1479	0	286
1512	0	286
1112	0	286
1487	0	286
1478	0	286
1513	0	287
1108	0	287
1113	0	287
1115	0	287
1107	0	287
1109	0	287
1112	0	287
1478	0	287
1482	0	288
1108	0	288
1113	0	288
1115	0	288
1479	0	288
1504	0	288
1505	0	288
1112	0	288
1501	0	288
1481	0	288
1514	0	289
1483	0	289
1108	0	289
1113	0	289
1109	0	289
1515	0	289
1112	0	289
1478	0	289
1494	0	290
1483	0	290
1108	0	290
1113	0	290
1479	0	290
1112	0	290
1489	0	290
1481	0	290
1478	0	290
1477	0	291
1108	0	291
1113	0	291
1115	0	291
1479	0	291
1516	0	291
1112	0	291
1481	0	291
1478	0	291
1108	0	292
1113	0	292
1115	0	292
1490	0	292
1508	0	292
1112	0	292
1478	0	292
1478	0	293
1108	0	293
1113	0	293
1115	0	293
1479	0	293
1517	0	293
1112	0	293
1482	0	293
1481	0	293
1108	0	294
1475	0	294
1107	0	294
1109	0	294
1518	0	294
1112	0	294
1519	0	294
1478	0	294
1478	0	295
1108	0	295
1113	0	295
1115	0	295
1479	0	295
1520	0	295
1112	0	295
1481	0	295
1482	0	295
1478	0	296
1108	0	296
1475	0	296
1107	0	296
1109	0	296
1521	0	296
1112	0	296
1522	0	296
1481	0	296
1501	0	296
1478	0	297
1483	0	297
1108	0	297
1113	0	297
1479	0	297
1480	0	297
1112	0	297
1523	0	297
1482	0	297
1489	0	297
1108	0	298
1475	0	298
1107	0	298
1109	0	298
1504	0	298
1505	0	298
1112	0	298
1501	0	298
1478	0	298
1108	0	299
1113	0	299
1115	0	299
1490	0	299
1506	0	299
1112	0	299
1489	0	299
1108	0	300
1475	0	300
1107	0	300
1109	0	300
1524	0	300
1112	0	300
1481	0	300
1478	0	300
1482	0	301
1483	0	301
1108	0	301
1113	0	301
1479	0	301
1486	0	301
1112	0	301
1494	0	301
1489	0	301
1513	0	302
1108	0	302
1113	0	302
1115	0	302
1490	0	302
1524	0	302
1112	0	302
1485	0	302
1478	0	302
1108	0	303
1475	0	303
1107	0	303
1109	0	303
1525	0	303
1112	0	303
1481	0	303
1478	0	303
1478	0	304
1108	0	304
1113	0	304
1115	0	304
1490	0	304
1526	0	304
1112	0	304
1481	0	304
1477	0	305
1108	0	305
1113	0	305
1115	0	305
1479	0	305
1109	0	305
1112	0	305
1478	0	305
1513	0	306
1108	0	306
1113	0	306
1115	0	306
1107	0	306
1496	0	306
1112	0	306
1501	0	306
1478	0	306
1108	0	307
1113	0	307
1115	0	307
1490	0	307
1506	0	307
1112	0	307
1110	0	307
1478	0	307
1494	0	308
1483	0	308
1108	0	308
1113	0	308
1479	0	308
1527	0	308
1112	0	308
1487	0	308
1481	0	308
1478	0	308
1478	0	309
1483	0	309
1108	0	309
1113	0	309
1479	0	309
1476	0	309
1112	0	309
1494	0	309
1481	0	309
1478	0	310
1483	0	310
1108	0	310
1113	0	310
1479	0	310
1486	0	310
1112	0	310
1528	0	310
1481	0	310
1489	0	310
1108	0	311
1113	0	311
1115	0	311
1490	0	311
1504	0	311
1505	0	311
1112	0	311
1477	0	311
1489	0	311
1478	0	312
1108	0	312
1113	0	312
1115	0	312
1107	0	312
1529	0	312
1112	0	312
1513	0	312
1489	0	312
1108	0	313
1113	0	313
1115	0	313
1109	0	313
1480	0	313
1112	0	313
1481	0	313
1482	0	313
1478	0	313
1108	0	314
1475	0	314
1107	0	314
1109	0	314
1530	0	314
1112	0	314
1519	0	314
1478	0	314
1108	0	315
1113	0	315
1115	0	315
1479	0	315
1112	0	315
1489	0	315
1478	0	315
1477	0	315
1477	0	316
1108	0	316
1113	0	316
1115	0	316
1490	0	316
1524	0	316
1112	0	316
1501	0	316
1478	0	316
1515	0	317
1108	0	317
1113	0	317
1115	0	317
1479	0	317
1531	0	317
1112	0	317
1477	0	317
1478	0	317
1482	0	317
1513	0	318
1108	0	318
1113	0	318
1109	0	318
1111	0	318
1530	0	318
1112	0	318
1110	0	318
1478	0	318
1483	0	319
1108	0	319
1113	0	319
1109	0	319
1112	0	319
1478	0	319
1494	0	319
1108	0	320
1475	0	320
1107	0	320
1109	0	320
1529	0	320
1112	0	320
1110	0	320
1478	0	320
1501	0	320
1108	0	321
1475	0	321
1107	0	321
1109	0	321
1532	0	321
1112	0	321
1478	0	321
1489	0	321
1477	0	322
1108	0	322
1113	0	322
1115	0	322
1490	0	322
1111	0	322
1112	0	322
1501	0	322
1478	0	322
1108	0	323
1475	0	323
1107	0	323
1109	0	323
1512	0	323
1112	0	323
1478	0	323
1478	0	324
1108	0	324
1113	0	324
1109	0	324
1111	0	324
1533	0	324
1112	0	324
1489	0	324
1483	0	325
1108	0	325
1113	0	325
1109	0	325
1514	0	325
1112	0	325
1481	0	325
1478	0	325
1483	0	326
1108	0	326
1113	0	326
1109	0	326
1524	0	326
1112	0	326
1481	0	326
1478	0	326
1477	0	327
1108	0	327
1113	0	327
1115	0	327
1479	0	327
1486	0	327
1112	0	327
1485	0	327
1481	0	327
1478	0	327
1478	0	328
1108	0	328
1113	0	328
1115	0	328
1107	0	328
1518	0	328
1112	0	328
1489	0	328
1477	0	328
1494	0	329
1483	0	329
1108	0	329
1113	0	329
1114	0	329
1527	0	329
1112	0	329
1489	0	329
1487	0	329
1478	0	330
1108	0	330
1113	0	330
1115	0	330
1479	0	330
1534	0	330
1112	0	330
1487	0	330
1482	0	330
1481	0	330
1478	0	331
1108	0	331
1113	0	331
1115	0	331
1490	0	331
1529	0	331
1112	0	331
1501	0	331
1481	0	331
1481	0	332
1108	0	332
1113	0	332
1115	0	332
1479	0	332
1493	0	332
1112	0	332
1477	0	332
1482	0	332
1108	0	333
1113	0	333
1115	0	333
1490	0	333
1535	0	333
1112	0	333
1482	0	333
1478	0	333
1494	0	334
1483	0	334
1108	0	334
1113	0	334
1479	0	334
1536	0	334
1112	0	334
1481	0	334
1482	0	334
1478	0	334
1478	0	335
1483	0	335
1108	0	335
1113	0	335
1479	0	335
1526	0	335
1112	0	335
1482	0	335
1487	0	335
1108	0	336
1475	0	336
1107	0	336
1109	0	336
1537	0	336
1112	0	336
1478	0	336
1108	0	337
1113	0	337
1115	0	337
1490	0	337
1496	0	337
1112	0	337
1485	0	337
1481	0	337
1478	0	337
1108	0	338
1475	0	338
1107	0	338
1109	0	338
1112	0	338
1478	0	338
1489	0	339
1108	0	339
1113	0	339
1115	0	339
1479	0	339
1496	0	339
1112	0	339
1482	0	339
1478	0	339
1477	0	339
1108	0	340
1475	0	340
1107	0	340
1109	0	340
1111	0	340
1112	0	340
1477	0	340
1478	0	340
1483	0	341
1108	0	341
1113	0	341
1109	0	341
1484	0	341
1112	0	341
1481	0	341
1478	0	341
1478	0	342
1108	0	342
1113	0	342
1115	0	342
1479	0	342
1527	0	342
1112	0	342
1487	0	342
1481	0	342
1482	0	342
1108	0	343
1475	0	343
1107	0	343
1109	0	343
1538	0	343
1112	0	343
1477	0	343
1485	0	343
1478	0	343
1108	0	344
1113	0	344
1115	0	344
1490	0	344
1109	0	344
1112	0	344
1481	0	344
1478	0	344
1108	0	345
1475	0	345
1107	0	345
1109	0	345
1539	0	345
1112	0	345
1478	0	345
1108	0	346
1475	0	346
1107	0	346
1109	0	346
1539	0	346
1112	0	346
1477	0	346
1478	0	346
1478	0	347
1108	0	347
1113	0	347
1115	0	347
1490	0	347
1516	0	347
1112	0	347
1477	0	347
1481	0	347
1489	0	348
1108	0	348
1113	0	348
1115	0	348
1490	0	348
1112	0	348
1478	0	348
1477	0	348
1478	0	349
1108	0	349
1475	0	349
1107	0	349
1109	0	349
1540	0	349
1112	0	349
1541	0	349
1481	0	349
1489	0	349
1466	0	350
1542	0	351
1435	0	354
1542	0	361
1542	0	363
1440	0	363
1435	0	364
954	0	365
1543	0	366
1543	0	367
1443	0	368
1435	0	369
954	0	370
1543	0	374
1466	0	375
954	0	376
1544	0	377
954	0	378
1542	0	379
1435	0	380
955	0	383
1466	0	384
1545	0	385
954	0	390
1466	0	391
1466	0	392
954	0	396
1466	0	397
1542	0	398
1440	0	398
1542	0	399
1546	0	400
1435	0	402
1542	0	405
954	0	406
1443	0	407
954	0	410
1466	0	411
954	0	414
1466	0	415
1542	0	416
1542	0	417
1542	0	421
954	0	422
1545	0	424
1466	0	427
954	0	429
1542	0	430
1440	0	430
1435	0	431
970	0	432
954	0	432
1543	0	433
1547	0	433
955	0	434
1542	0	434
1542	0	436
954	0	441
1466	0	442
954	0	443
1542	0	444
1440	0	444
1466	0	445
1443	0	446
1466	0	447
1435	0	448
1466	0	449
1435	0	451
1542	0	455
1546	0	457
1545	0	458
954	0	459
1548	0	461
1542	0	462
1440	0	462
1466	0	463
954	0	468
1435	0	470
1544	0	472
954	0	476
1466	0	477
1435	0	479
1435	0	480
1542	0	481
1547	0	483
1544	0	485
954	0	486
1542	0	487
1549	0	487
954	0	489
1435	0	491
1546	0	492
955	0	493
1466	0	494
954	0	495
1545	0	496
1542	0	498
954	0	499
1547	0	499
1542	0	500
1542	0	501
1440	0	501
1548	0	502
1435	0	503
1435	0	504
1435	0	508
967	0	509
954	0	509
1435	0	512
1542	0	513
1549	0	513
1545	0	514
1466	0	517
1466	0	518
1543	0	520
954	0	522
1435	0	524
1435	0	525
1542	0	527
1542	0	528
1440	0	528
1545	0	530
955	0	534
1466	0	535
1435	0	538
1435	0	539
1466	0	540
1548	0	545
1543	0	548
955	0	549
1543	0	550
954	0	552
1466	0	552
954	0	553
1466	0	553
1466	0	560
1440	0	561
954	0	562
954	0	563
955	0	563
1466	0	564
954	0	565
1545	0	566
1466	0	567
1542	0	568
1549	0	568
955	0	568
1466	0	570
1440	0	570
1542	0	571
954	0	572
1542	0	574
954	0	575
1466	0	575
955	0	576
955	0	579
1542	0	579
1548	0	580
954	0	581
1548	0	582
1420	0	584
1420	0	586
1421	0	586
1420	0	587
1420	0	588
1420	0	589
962	0	590
955	0	590
963	0	590
964	0	590
1550	0	590
1551	0	590
965	0	590
962	0	592
955	0	592
963	0	592
964	0	592
1551	0	592
965	0	592
962	0	593
955	0	593
963	0	593
964	0	593
1551	0	593
962	0	594
955	0	594
963	0	594
964	0	594
1551	0	594
965	0	594
962	0	595
955	0	595
963	0	595
964	0	595
1552	0	595
1551	0	595
965	0	595
962	0	596
955	0	596
963	0	596
964	0	596
1552	0	596
1551	0	596
965	0	596
962	0	597
955	0	597
963	0	597
964	0	597
1551	0	597
962	0	598
955	0	598
963	0	598
964	0	598
1552	0	598
1551	0	598
962	0	599
955	0	599
963	0	599
964	0	599
1553	0	599
1551	0	599
962	0	600
955	0	600
963	0	600
964	0	600
1551	0	600
965	0	600
962	0	601
955	0	601
963	0	601
964	0	601
1551	0	601
965	0	601
965	0	602
962	0	602
955	0	602
963	0	602
964	0	602
1552	0	602
1550	0	602
1551	0	602
962	0	603
955	0	603
963	0	603
964	0	603
1552	0	603
1551	0	603
962	0	604
955	0	604
963	0	604
964	0	604
1551	0	604
965	0	605
962	0	605
955	0	605
963	0	605
964	0	605
1552	0	605
1550	0	605
1551	0	605
965	0	606
962	0	606
955	0	606
963	0	606
964	0	606
1552	0	606
1551	0	606
965	0	607
962	0	607
955	0	607
963	0	607
964	0	607
1551	0	607
1551	0	608
962	0	608
955	0	608
963	0	608
964	0	608
962	0	609
955	0	609
963	0	609
964	0	609
1552	0	609
1551	0	609
965	0	609
962	0	610
955	0	610
963	0	610
964	0	610
1552	0	610
1551	0	610
965	0	610
965	0	611
962	0	611
955	0	611
963	0	611
964	0	611
1550	0	611
1551	0	611
962	0	612
955	0	612
963	0	612
964	0	612
1550	0	612
1551	0	612
965	0	612
965	0	613
962	0	613
955	0	613
963	0	613
964	0	613
1552	0	613
1550	0	613
1551	0	613
962	0	614
955	0	614
963	0	614
964	0	614
1551	0	614
965	0	614
962	0	615
955	0	615
963	0	615
964	0	615
1552	0	615
1551	0	615
965	0	616
962	0	616
955	0	616
963	0	616
964	0	616
1552	0	616
1550	0	616
1551	0	616
962	0	617
955	0	617
963	0	617
964	0	617
1551	0	617
962	0	618
955	0	618
963	0	618
964	0	618
1552	0	618
1551	0	618
962	0	619
955	0	619
963	0	619
964	0	619
1554	0	619
1551	0	619
962	0	620
955	0	620
963	0	620
964	0	620
1552	0	620
1551	0	620
965	0	621
962	0	621
955	0	621
963	0	621
964	0	621
1552	0	621
1550	0	621
1551	0	621
962	0	622
955	0	622
963	0	622
964	0	622
1552	0	622
1551	0	622
965	0	622
962	0	623
955	0	623
963	0	623
964	0	623
1553	0	623
1551	0	623
962	0	624
955	0	624
963	0	624
964	0	624
1554	0	624
1551	0	624
962	0	625
955	0	625
963	0	625
964	0	625
1552	0	625
1551	0	625
962	0	626
955	0	626
963	0	626
964	0	626
1552	0	626
1551	0	626
965	0	626
965	0	627
962	0	627
955	0	627
963	0	627
964	0	627
1552	0	627
1551	0	627
962	0	628
955	0	628
963	0	628
964	0	628
1551	0	628
965	0	628
962	0	629
955	0	629
963	0	629
964	0	629
1552	0	629
1551	0	629
965	0	630
962	0	630
955	0	630
963	0	630
964	0	630
1552	0	630
1551	0	630
962	0	631
955	0	631
963	0	631
964	0	631
1550	0	631
1551	0	631
965	0	631
965	0	632
962	0	632
955	0	632
963	0	632
964	0	632
1542	0	632
1550	0	632
1551	0	632
965	0	633
962	0	633
955	0	633
963	0	633
964	0	633
1551	0	633
962	0	634
955	0	634
963	0	634
964	0	634
1552	0	634
1551	0	634
965	0	635
962	0	635
955	0	635
963	0	635
964	0	635
1552	0	635
1551	0	635
962	0	636
955	0	636
963	0	636
964	0	636
1550	0	636
1551	0	636
965	0	636
965	0	637
962	0	637
955	0	637
963	0	637
964	0	637
1552	0	637
1551	0	637
962	0	638
955	0	638
963	0	638
964	0	638
1552	0	638
1550	0	638
1551	0	638
965	0	639
962	0	639
955	0	639
963	0	639
964	0	639
1552	0	639
1550	0	639
1551	0	639
962	0	640
955	0	640
963	0	640
964	0	640
1552	0	640
1551	0	640
965	0	640
970	0	641
971	0	641
1555	0	641
970	0	643
971	0	643
972	0	643
1556	0	643
1454	0	643
1455	0	643
1555	0	643
970	0	644
971	0	644
972	0	644
1555	0	644
970	0	645
971	0	645
972	0	645
1453	0	645
1555	0	645
970	0	646
971	0	646
1555	0	646
970	0	647
971	0	647
972	0	647
1555	0	647
970	0	648
971	0	648
1555	0	648
970	0	649
971	0	649
972	0	649
1441	0	649
1555	0	649
970	0	650
971	0	650
1441	0	650
1555	0	650
972	0	650
970	0	651
971	0	651
972	0	651
1555	0	651
970	0	652
971	0	652
972	0	652
1441	0	652
1555	0	652
970	0	653
971	0	653
1557	0	653
1555	0	653
970	0	654
971	0	654
972	0	654
1556	0	654
1555	0	654
970	0	655
971	0	655
1558	0	655
1555	0	655
970	0	656
1558	0	656
1555	0	656
971	0	656
970	0	657
971	0	657
1441	0	657
1547	0	657
1555	0	657
970	0	658
971	0	658
1559	0	658
1555	0	658
970	0	659
971	0	659
972	0	659
1441	0	659
1555	0	659
970	0	660
1559	0	660
1555	0	660
970	0	661
971	0	661
972	0	661
1555	0	661
970	0	662
971	0	662
1555	0	662
972	0	662
970	0	663
971	0	663
1557	0	663
1555	0	663
972	0	663
970	0	664
971	0	664
972	0	664
1555	0	664
970	0	665
971	0	665
972	0	665
1555	0	665
970	0	666
971	0	666
1559	0	666
1555	0	666
972	0	667
970	0	667
1559	0	667
1555	0	667
971	0	667
970	0	668
971	0	668
1555	0	668
970	0	669
971	0	669
1441	0	669
1555	0	669
970	0	670
971	0	670
1441	0	670
1555	0	670
970	0	671
971	0	671
1555	0	671
1186	0	672
1186	0	673
1186	0	674
1186	0	675
1560	0	675
1186	0	676
1561	0	676
1560	0	676
1015	0	677
1016	0	677
1562	0	677
1015	0	679
1016	0	679
1562	0	679
1015	0	680
1016	0	680
1562	0	680
1015	0	681
1563	0	681
1562	0	681
1016	0	681
1015	0	682
1564	0	682
1562	0	682
1016	0	682
1565	0	682
1015	0	683
1016	0	683
1562	0	683
1015	0	684
1566	0	684
1016	0	684
1562	0	684
1015	0	685
1567	0	685
1016	0	685
1562	0	685
1015	0	686
1016	0	686
1562	0	686
1015	0	687
1016	0	687
1562	0	687
1015	0	688
1565	0	688
1016	0	688
1562	0	688
1015	0	689
1016	0	689
1562	0	689
1015	0	690
1566	0	690
1562	0	690
1016	0	690
1015	0	691
1562	0	691
1016	0	691
1015	0	692
1016	0	692
1562	0	692
1015	0	693
1568	0	693
1562	0	693
1016	0	693
1015	0	694
1568	0	694
1016	0	694
1562	0	694
1415	0	695
1417	0	695
1418	0	695
1414	0	695
1416	0	695
1415	0	697
1417	0	697
1418	0	697
1414	0	697
1569	0	697
1416	0	697
1415	0	698
1417	0	698
1418	0	698
1414	0	698
1416	0	698
1415	0	699
1417	0	699
1418	0	699
1414	0	699
1416	0	699
1415	0	700
1417	0	700
1418	0	700
1414	0	700
1416	0	700
1415	0	701
1417	0	701
1418	0	701
1414	0	701
1416	0	701
1415	0	702
1417	0	702
1418	0	702
1414	0	702
1416	0	702
1415	0	703
1417	0	703
1418	0	703
1414	0	703
1416	0	703
1415	0	704
1417	0	704
1418	0	704
1414	0	704
1416	0	704
1415	0	705
1417	0	705
1418	0	705
1414	0	705
1416	0	705
1415	0	706
1417	0	706
1418	0	706
1414	0	706
1416	0	706
1186	0	707
1570	0	707
1560	0	707
958	0	708
1439	0	708
960	0	708
1440	0	708
958	0	709
1443	0	709
960	0	709
1440	0	709
958	0	710
1436	0	710
960	0	710
958	0	711
1571	0	711
960	0	711
1420	0	712
1422	0	713
1423	0	713
1422	0	714
1423	0	714
1422	0	715
1423	0	715
1422	0	716
1423	0	716
1422	0	717
1423	0	717
1422	0	718
1423	0	718
1015	0	719
1567	0	719
1016	0	719
1562	0	719
1572	0	1573
1574	0	1573
1575	0	1573
1576	0	1573
1415	0	720
1418	0	720
1417	0	720
1414	0	720
1416	0	720
1415	0	721
1418	0	721
1414	0	721
1417	0	721
1416	0	721
1415	0	722
1418	0	722
1417	0	722
1414	0	722
1416	0	722
1415	0	723
1418	0	723
1417	0	723
1414	0	723
1416	0	723
1433	0	724
1433	0	726
1433	0	727
1433	0	728
1433	0	729
1433	0	730
1433	0	731
1433	0	732
1433	0	733
1433	0	734
1433	0	735
1433	0	736
1433	0	737
1186	0	738
1186	0	739
1187	0	739
1415	0	740
1418	0	740
1417	0	740
1414	0	740
1416	0	740
1415	0	741
1418	0	741
1414	0	741
1417	0	741
1416	0	741
1415	0	742
1418	0	742
1417	0	742
1414	0	742
1416	0	742
1577	0	1578
1579	0	1578
1580	0	1578
1581	0	1578
1582	0	1578
1583	0	1578
1584	0	1578
1415	0	743
1418	0	743
1417	0	743
1414	0	743
1416	0	743
1415	0	744
1418	0	744
1414	0	744
1417	0	744
1569	0	744
1416	0	744
1415	0	745
1418	0	745
1414	0	745
1417	0	745
1416	0	745
1415	0	746
1418	0	746
1417	0	746
1414	0	746
1416	0	746
1415	0	747
1418	0	747
1417	0	747
1414	0	747
1569	0	747
1416	0	747
1585	0	1586
1433	0	748
1587	0	1588
1589	0	1588
1590	0	1588
1591	0	1588
1592	0	1588
1593	0	1588
1186	0	749
1186	0	750
1186	0	751
1594	0	751
1186	0	752
1186	0	753
1595	0	1596
1186	0	754
1186	0	755
1187	0	755
1186	0	756
1186	0	757
1186	0	758
1186	0	759
1187	0	759
1186	0	760
1186	0	761
1187	0	761
1560	0	761
1186	0	762
1186	0	763
1187	0	763
1560	0	763
1186	0	764
1186	0	765
1186	0	766
1320	0	767
1186	0	767
1186	0	768
1560	0	768
1186	0	769
1187	0	769
1186	0	770
1186	0	771
1186	0	772
1597	0	772
1186	0	773
1187	0	773
1186	0	774
1560	0	774
1186	0	775
1560	0	775
1598	0	1599
1600	0	1599
1601	0	1599
1285	0	776
1287	0	776
1286	0	776
1433	0	777
1433	0	778
1433	0	779
1433	0	780
1602	0	15
1603	0	15
1604	0	15
1605	0	15
1606	0	15
1607	0	15
958	0	781
959	0	781
1435	0	781
1467	0	781
960	0	781
958	0	782
959	0	782
1463	0	782
960	0	782
1440	0	782
1608	0	1609
1610	0	1609
1611	0	1609
1612	0	1609
1433	0	783
1433	0	784
1433	0	785
1433	0	786
1285	0	787
1287	0	787
1286	0	787
1285	0	788
1287	0	788
1286	0	788
1288	0	788
1472	0	788
1433	0	789
1405	0	790
1406	0	790
1407	0	790
1408	0	790
1405	0	792
1406	0	792
1407	0	792
1408	0	792
1405	0	793
1406	0	793
1407	0	793
1408	0	793
1433	0	794
1433	0	795
1433	0	796
1613	0	1614
1615	0	1614
1616	0	1614
1617	0	1614
1618	0	1614
1619	0	1614
1251	0	797
1252	0	797
1250	0	797
1420	0	799
1420	0	800
1420	0	801
1285	0	802
1287	0	802
1286	0	802
1473	0	802
1285	0	803
1287	0	803
1286	0	803
1288	0	803
1469	0	803
1285	0	804
1287	0	804
1286	0	804
1288	0	804
1470	0	804
1285	0	805
1287	0	805
1286	0	805
1620	0	805
1285	0	806
1287	0	806
1286	0	806
1288	0	806
1621	0	1622
1623	0	1622
1624	0	1622
1625	0	1622
1626	0	1622
1627	0	1622
1628	0	1622
1629	0	1622
1630	0	1631
1632	0	1631
1633	0	1631
1634	0	1635
1636	0	1637
1638	0	1637
1639	0	1637
1640	0	1637
1641	0	1637
1198	0	1637
1642	0	1643
1644	0	1643
1645	0	1643
1646	0	1643
1647	0	1643
1648	0	1649
1650	0	1649
1651	0	1649
1652	0	19
1653	0	19
1654	0	19
1655	0	19
1656	0	19
1657	0	1658
1659	0	1658
1660	0	1658
1661	0	1658
1662	0	1658
1285	0	807
1287	0	807
1286	0	807
1288	0	807
1473	0	807
1285	0	808
1287	0	808
1286	0	808
1288	0	808
1285	0	809
1287	0	809
1286	0	809
1620	0	809
1285	0	810
1287	0	810
1286	0	810
1288	0	810
1285	0	811
1287	0	811
1286	0	811
1473	0	811
1285	0	812
1287	0	812
1286	0	812
1470	0	812
1285	0	813
1287	0	813
1286	0	813
1288	0	813
1285	0	814
1287	0	814
1286	0	814
1472	0	814
1288	0	814
1663	0	1664
1665	0	1666
1667	0	1666
1668	0	1666
1669	0	1666
1670	0	1666
1671	0	1666
1672	0	1666
1673	0	1666
1674	0	1666
1675	0	1676
1285	0	815
1287	0	815
1286	0	815
1288	0	815
1472	0	815
1620	0	815
1285	0	816
1287	0	816
1288	0	816
1469	0	816
1620	0	816
1285	0	817
1287	0	817
1288	0	817
1620	0	817
1285	0	818
1287	0	818
1288	0	818
1620	0	818
1285	0	819
1287	0	819
1288	0	819
1620	0	819
1285	0	820
1287	0	820
1288	0	820
1289	0	820
1473	0	820
1620	0	820
1677	0	21
1678	0	1679
1680	0	1679
1681	0	1679
1682	0	1679
1683	0	1679
1684	0	1679
1685	0	1679
1686	0	1687
1688	0	822
1689	0	822
1690	0	822
1691	0	822
1692	0	822
1693	0	822
1694	0	822
1695	0	1696
1697	0	1696
1698	0	1696
1699	0	1696
1700	0	1696
1701	0	1696
1702	0	1696
1703	0	1696
1704	0	1696
1705	0	1696
1706	0	1707
1708	0	27
1709	0	27
1710	0	27
1688	0	821
1690	0	821
1691	0	821
1693	0	821
1711	0	821
1692	0	821
1688	0	823
1690	0	823
1691	0	823
1693	0	823
1711	0	823
1692	0	823
1688	0	824
1690	0	824
1691	0	824
1693	0	824
1711	0	824
1692	0	824
1688	0	825
1690	0	825
1691	0	825
1693	0	825
1712	0	825
1692	0	825
1688	0	826
1690	0	826
1691	0	826
1693	0	826
1692	0	826
1661	0	1713
1714	0	1713
1715	0	1713
1716	0	1713
1717	0	829
1718	0	829
1719	0	829
1720	0	829
1721	0	829
1722	0	829
1723	0	829
1724	0	829
1725	0	829
1726	0	1727
1728	0	1727
1729	0	1727
1688	0	827
1690	0	827
1691	0	827
1730	0	827
1692	0	827
1731	0	1732
1733	0	1732
1734	0	1732
1735	0	1732
1736	0	1732
1737	0	1732
1738	0	828
1722	0	828
1724	0	828
1717	0	828
1739	0	828
1740	0	828
1721	0	828
1722	0	830
1724	0	830
1717	0	830
1739	0	830
1740	0	830
1721	0	830
1722	0	831
1724	0	831
1717	0	831
1739	0	831
1740	0	831
1721	0	831
1738	0	832
1722	0	832
1724	0	832
1717	0	832
1739	0	832
1740	0	832
1721	0	832
1741	0	833
1688	0	833
1690	0	833
1691	0	833
1693	0	833
1730	0	833
1692	0	833
1742	0	833
1743	0	42
1744	0	42
1688	0	834
1690	0	834
1723	0	834
1745	0	834
1711	0	834
1692	0	834
1742	0	834
1688	0	835
1690	0	835
1693	0	835
1746	0	835
1747	0	835
1692	0	835
1748	0	835
1749	0	31
1750	0	31
1751	0	31
1752	0	31
1753	0	31
1754	0	31
1755	0	31
1756	0	1757
1758	0	1757
1742	0	836
1688	0	836
1690	0	836
1693	0	836
1723	0	836
1711	0	836
1692	0	836
1759	0	836
1688	0	837
1690	0	837
1693	0	837
1689	0	837
1760	0	837
1692	0	837
1688	0	838
1690	0	838
1693	0	838
1761	0	838
1730	0	838
1692	0	838
1688	0	839
1690	0	839
1693	0	839
1761	0	839
1747	0	839
1692	0	839
1762	0	839
1748	0	840
1688	0	840
1690	0	840
1693	0	840
1723	0	840
1692	0	840
1742	0	840
1741	0	840
1688	0	841
1690	0	841
1693	0	841
1723	0	841
1747	0	841
1692	0	841
1762	0	841
1741	0	842
1688	0	842
1690	0	842
1693	0	842
1723	0	842
1711	0	842
1692	0	842
1742	0	842
1763	0	1764
1765	0	1764
1766	0	1764
1767	0	1764
1768	0	1764
1769	0	1764
1770	0	1764
1771	0	1764
1772	0	1764
1773	0	1764
1774	0	1775
1688	0	843
1690	0	843
1693	0	843
1723	0	843
1747	0	843
1692	0	843
1742	0	843
1776	0	29
1777	0	29
1778	0	29
1738	0	844
1718	0	844
1719	0	844
1720	0	844
1779	0	844
1780	0	844
1721	0	844
1742	0	845
1688	0	845
1690	0	845
1693	0	845
1723	0	845
1747	0	845
1692	0	845
1762	0	845
1742	0	846
1688	0	846
1690	0	846
1693	0	846
1723	0	846
1781	0	846
1692	0	846
1782	0	846
1688	0	847
1690	0	847
1693	0	847
1723	0	847
1781	0	847
1692	0	847
1742	0	847
1742	0	848
1688	0	848
1690	0	848
1693	0	848
1723	0	848
1711	0	848
1692	0	848
1748	0	848
1742	0	849
1688	0	849
1690	0	849
1693	0	849
1783	0	849
1711	0	849
1692	0	849
1784	0	849
1688	0	850
1690	0	850
1693	0	850
1723	0	850
1785	0	850
1692	0	850
1742	0	850
1688	0	851
1690	0	851
1693	0	851
1723	0	851
1692	0	851
1742	0	851
1762	0	851
1718	0	852
1719	0	852
1720	0	852
1779	0	852
1721	0	852
1738	0	853
1718	0	853
1719	0	853
1720	0	853
1779	0	853
1780	0	853
1721	0	853
1718	0	854
1719	0	854
1720	0	854
1779	0	854
1786	0	854
1721	0	854
1787	0	854
1718	0	855
1719	0	855
1720	0	855
1779	0	855
1788	0	855
1721	0	855
1718	0	856
1719	0	856
1720	0	856
1779	0	856
1789	0	856
1721	0	856
1718	0	857
1719	0	857
1720	0	857
1779	0	857
1790	0	857
1721	0	857
1787	0	857
1742	0	858
1688	0	858
1690	0	858
1693	0	858
1723	0	858
1791	0	858
1692	0	858
1782	0	858
1742	0	859
1688	0	859
1690	0	859
1693	0	859
1723	0	859
1791	0	859
1692	0	859
1784	0	859
1688	0	860
1690	0	860
1693	0	860
1723	0	860
1692	0	860
1742	0	860
1792	0	862
1793	0	862
1794	0	862
1795	0	862
1796	0	862
1797	0	862
1798	0	862
1799	0	862
1800	0	862
1801	0	862
1794	0	861
1792	0	861
1801	0	861
1800	0	861
1798	0	861
1802	0	861
1799	0	861
1797	0	861
1793	0	861
1741	0	863
1688	0	863
1690	0	863
1693	0	863
1783	0	863
1781	0	863
1692	0	863
1742	0	863
1742	0	864
1688	0	864
1690	0	864
1693	0	864
1723	0	864
1781	0	864
1692	0	864
1784	0	864
1741	0	865
1688	0	865
1690	0	865
1693	0	865
1694	0	865
1692	0	865
1782	0	865
1742	0	865
1741	0	866
1688	0	866
1690	0	866
1693	0	866
1694	0	866
1692	0	866
1762	0	866
1742	0	866
1803	0	35
1804	0	35
1805	0	35
1806	0	35
1807	0	35
1808	0	35
1809	0	35
1810	0	1811
1415	0	867
1418	0	867
1417	0	867
1414	0	867
1742	0	868
1688	0	868
1690	0	868
1693	0	868
1694	0	868
1812	0	868
1692	0	868
1762	0	868
1742	0	869
1688	0	869
1690	0	869
1693	0	869
1723	0	869
1813	0	869
1692	0	869
1814	0	869
1741	0	870
1688	0	870
1690	0	870
1693	0	870
1723	0	870
1815	0	870
1692	0	870
1742	0	870
1415	0	871
1418	0	871
1417	0	871
1414	0	871
1416	0	871
1415	0	872
1418	0	872
1417	0	872
1414	0	872
1415	0	873
1418	0	873
1417	0	873
1414	0	873
1416	0	873
1415	0	874
1418	0	874
1417	0	874
1414	0	874
1415	0	875
1418	0	875
1417	0	875
1414	0	875
1416	0	875
1415	0	876
1414	0	876
1416	0	876
1814	0	877
1688	0	877
1690	0	877
1693	0	877
1816	0	877
1817	0	877
1782	0	877
1692	0	877
1818	0	1819
1820	0	1821
1392	0	1821
1822	0	1821
1285	0	878
1287	0	878
1286	0	878
1288	0	878
1620	0	878
1823	0	878
1824	0	1825
1826	0	1825
1827	0	1825
1828	0	1829
1830	0	1829
1831	0	1829
1832	0	1829
1833	0	1829
1834	0	1829
1835	0	1829
1836	0	1829
1837	0	1829
1838	0	1839
1840	0	1839
1841	0	1839
1842	0	1839
1843	0	1839
1844	0	1839
1845	0	1839
1846	0	1839
1847	0	1839
1814	0	879
1688	0	879
1690	0	879
1693	0	879
1848	0	879
1849	0	879
1692	0	879
1762	0	879
1850	0	37
1851	0	37
1852	0	44
1853	0	44
1854	0	44
1855	0	44
1856	0	44
1857	0	44
1858	0	44
1814	0	880
1688	0	880
1690	0	880
1693	0	880
1848	0	880
1692	0	880
1741	0	880
1814	0	881
1688	0	881
1690	0	881
1693	0	881
1848	0	881
1692	0	881
1741	0	881
1742	0	882
1688	0	882
1690	0	882
1693	0	882
1848	0	882
1849	0	882
1692	0	882
1814	0	882
1814	0	883
1688	0	883
1690	0	883
1693	0	883
1848	0	883
1791	0	883
1692	0	883
1748	0	883
1814	0	884
1688	0	884
1690	0	884
1693	0	884
1848	0	884
1791	0	884
1692	0	884
1742	0	884
1814	0	885
1688	0	885
1690	0	885
1693	0	885
1848	0	885
1692	0	885
1782	0	885
1784	0	885
1285	0	888
1287	0	888
1286	0	888
1288	0	888
1859	0	888
1620	0	888
1823	0	888
1285	0	889
1287	0	889
1286	0	889
1288	0	889
1469	0	889
1620	0	889
1823	0	889
1723	0	890
1725	0	890
1860	0	890
1861	0	890
1862	0	890
1721	0	890
1285	0	891
1287	0	891
1286	0	891
1288	0	891
1472	0	891
1620	0	891
1823	0	891
1285	0	892
1287	0	892
1286	0	892
1288	0	892
1473	0	892
1620	0	892
1823	0	892
1863	0	46
1864	0	46
1865	0	46
1866	0	46
1867	0	1868
1285	0	898
1287	0	898
1286	0	898
1288	0	898
1470	0	898
1620	0	898
1823	0	898
1285	0	899
1287	0	899
1286	0	899
1288	0	899
1473	0	899
1620	0	899
1823	0	899
1723	0	900
1725	0	900
1860	0	900
1861	0	900
1721	0	900
1869	0	900
1723	0	901
1725	0	901
1860	0	901
1861	0	901
1862	0	901
1721	0	901
1723	0	902
1725	0	902
1860	0	902
1861	0	902
1870	0	902
1721	0	902
1723	0	903
1725	0	903
1860	0	903
1861	0	903
1870	0	903
1721	0	903
1871	0	903
1723	0	904
1725	0	904
1860	0	904
1861	0	904
1721	0	904
1872	0	1873
1874	0	1873
1875	0	1873
1876	0	1873
1877	0	1873
1878	0	1873
1879	0	50
1880	0	50
1881	0	50
1882	0	50
1883	0	50
1415	0	905
1418	0	905
1417	0	905
1414	0	905
1884	0	905
1885	0	54
1886	0	54
1782	0	906
1690	0	906
1693	0	906
1887	0	906
1848	0	906
1849	0	906
1692	0	906
1784	0	906
1784	0	907
1690	0	907
1693	0	907
1887	0	907
1848	0	907
1692	0	907
1782	0	907
1690	0	908
1693	0	908
1887	0	908
1848	0	908
1692	0	908
1814	0	909
1690	0	909
1693	0	909
1848	0	909
1888	0	909
1692	0	909
1889	0	909
1690	0	910
1693	0	910
1887	0	910
1848	0	910
1692	0	910
1890	0	910
1889	0	911
1690	0	911
1693	0	911
1887	0	911
1848	0	911
1891	0	911
1692	0	911
1890	0	911
1782	0	912
1690	0	912
1693	0	912
1887	0	912
1848	0	912
1849	0	912
1692	0	912
1784	0	912
1892	0	52
1893	0	52
1894	0	52
1895	0	52
1896	0	52
1897	0	52
1898	0	52
1899	0	52
1900	0	1901
1902	0	1901
1903	0	1901
1904	0	1901
1905	0	1901
1723	0	915
1725	0	915
1860	0	915
1861	0	915
1870	0	915
1721	0	915
1906	0	1907
1908	0	1907
1909	0	1907
1415	0	916
1418	0	916
1417	0	916
1414	0	916
1884	0	916
1415	0	917
1418	0	917
1414	0	917
1416	0	917
1884	0	917
1910	0	1911
1912	0	1913
1914	0	1913
1915	0	1913
1916	0	1913
1917	0	1913
1918	0	1913
1919	0	1920
1921	0	1920
1922	0	1920
1923	0	1920
1924	0	1920
1925	0	1920
1926	0	1920
1927	0	1920
1928	0	1920
1929	0	1930
1931	0	1930
1932	0	1930
