1933	0	1934
1935	0	1936
1937	0	1938
1939	0	1940
1941	0	1942
1943	0	1944
1945	0	1946
1947	0	1948
1949	0	1950
1951	0	1952
1953	0	1954
1955	0	1956
1957	0	1958
1959	0	1960
1961	1	1962
1963	0	1964
1965	1	1966
1967	1	1968
1969	0	1970
1971	1	1972
1973	0	1974
1975	0	1976
1977	0	1978
1979	0	1980
1981	0	1982
1983	0	1962
1973	0	1984
1985	0	1986
1987	1	1988
1989	0	1990
1991	1	1988
1985	0	1992
1993	0	1994
1995	0	1996
1997	1	1968
1998	0	1999
2000	1	2001
2002	0	2003
1977	0	2004
2005	0	2006
2007	0	2008
1947	0	2009
2010	0	2011
2012	0	2013
2014	0	2015
2016	1	2017
1993	0	2018
2019	0	2020
2021	1	1988
1998	0	2022
2023	0	2024
2025	0	2026
2027	0	2028
2029	0	2030
2023	0	2031
2032	0	2033
2034	0	2035
1995	0	2036
2037	0	2038
2039	0	2040
1980	1	1962
2041	0	2042
2025	0	1948
1941	0	2043
2044	0	2045
2046	1	2001
2047	0	2048
2049	0	2050
2024	1	2001
2051	1	1988
2032	0	2052
2012	0	2053
2054	0	2055
2056	0	2057
2058	1	1972
1953	0	2059
2005	0	2060
2032	0	2061
2062	1	1988
2012	0	2063
2064	0	2065
2066	0	2067
2068	0	2069
2070	0	2071
2072	1	1988
1959	0	2073
2025	0	2074
2075	0	2076
2077	0	2078
2079	1	2080
2077	0	2081
2082	0	2083
1941	0	2084
1946	1	2085
2066	0	2086
2087	1	1988
2088	0	2028
2089	1	1968
2090	0	2091
2092	0	2093
2094	0	2011
2025	0	2095
2096	0	2097
2098	0	2099
2023	0	2100
2101	0	2086
2102	1	1988
2103	0	2104
2105	1	1968
1953	0	2106
2107	1	2108
2109	1	2085
2110	0	2111
2112	0	2113
2023	0	2114
2115	0	2116
2117	1	1988
2118	0	2119
2120	0	2121
2122	0	2123
2124	0	2125
2126	0	2127
2037	0	2128
2044	0	2129
2130	0	2131
2088	0	2132
1953	0	2133
2134	0	2135
2136	1	1968
2137	1	2138
2139	0	2140
2141	1	1972
2142	0	2143
2090	0	2144
2145	0	2146
1933	0	2091
2147	0	1974
2025	0	2148
2032	0	2149
2150	0	2151
2094	0	2152
2077	0	2153
2154	0	2123
2092	0	2155
2156	0	2157
2158	1	1988
2159	1	2160
2161	0	2020
1998	0	2162
2163	0	2127
2164	0	2165
2166	1	2167
2168	1	2001
2169	0	2157
2103	0	2159
2101	0	2123
1959	0	2170
1998	0	2171
2172	0	2173
2174	1	1968
2175	0	2176
1977	0	2177
2178	0	2113
2179	0	2180
1945	0	2181
2182	0	2183
2184	0	1954
2185	1	1962
2182	0	2040
2047	0	2186
2187	0	2113
2188	1	1972
2005	0	2189
2190	0	2191
2005	0	2192
2037	0	2193
1939	0	2194
1969	0	2195
2066	0	2196
2197	0	2198
2199	0	1964
2200	1	2017
2201	1	2017
2202	0	2203
2204	0	2205
2206	0	2207
2092	0	2046
1959	0	2208
1995	0	2209
2210	1	1988
2029	0	2211
2212	0	2213
2214	1	1988
1983	0	2215
2027	0	2144
2216	0	2217
2218	1	1988
2025	0	1980
2219	0	2220
2221	1	1988
2012	0	2222
2223	1	1972
2025	0	2196
2184	0	2224
1983	0	2225
2032	0	1980
2032	0	2226
2227	0	2228
2229	0	2230
2231	0	2232
2233	0	2234
2235	0	2236
2237	0	2127
1959	0	2238
2239	1	1972
2240	0	2241
2047	0	2242
2243	0	2244
2077	0	2245
2246	1	2247
2248	0	2249
2034	0	2250
2251	0	2252
2253	1	2080
2034	0	2254
1993	0	2255
2256	0	2257
2258	0	2121
2170	1	2160
2259	0	2260
2261	1	1988
2262	1	1988
2147	0	2263
2027	0	2264
2265	0	2266
2147	0	2267
2268	0	2038
2092	0	2269
2270	0	2271
2272	0	2273
2274	1	2160
2054	0	2275
2276	1	2001
2040	1	2247
2277	0	2008
1953	0	2278
1998	0	2153
2147	0	2279
2025	0	2125
2280	0	2281
2282	0	2283
2284	1	1972
2264	1	1968
2285	1	1988
2286	0	2287
2288	0	2008
2289	0	1958
1943	0	2290
2291	0	2292
2293	1	1962
2005	0	1944
2294	1	2247
2295	0	2296
2297	0	2298
2005	0	2299
1975	0	2300
2301	0	2302
2023	0	2046
1995	0	2013
2303	0	2304
2305	0	2306
2307	0	2308
2096	0	2309
2023	0	2116
1945	0	2310
2103	0	2267
2311	1	2160
2005	0	2312
2313	1	1972
2314	0	2315
2316	0	2317
2023	0	2318
2319	1	2160
2320	0	2004
2321	1	1988
2187	0	2322
2323	0	2318
2066	0	2324
2325	0	2326
2327	0	2328
2329	0	2089
2330	0	2331
2206	0	2332
2023	0	2333
2212	0	2334
2066	0	2234
2010	0	2335
2027	0	2105
2265	0	2336
2012	0	2337
2338	1	1988
2339	0	2340
2341	0	2342
2343	0	2344
1973	0	2073
1993	0	2000
2066	0	2095
1945	0	2345
2346	0	2146
2347	0	1982
2047	0	2348
2323	0	2349
2350	0	2108
2233	0	2043
1947	0	2185
2010	0	2322
2320	0	2351
2352	1	2247
2353	1	2080
1993	0	2198
2354	0	2355
2010	0	2309
2032	0	2234
2172	0	2085
1953	0	2356
2037	0	2357
2358	0	2283
2359	1	1988
2360	1	2017
2361	0	1966
2362	0	1966
2303	0	2363
2364	0	2057
2118	0	2365
2044	0	1974
2184	0	2366
1983	0	2367
2301	0	2368
2092	0	2369
2370	0	2355
1983	0	2371
2372	1	2373
2027	0	2374
2375	0	2376
2088	0	1934
2377	0	1964
2378	0	2379
2378	0	2380
2010	0	2004
2066	0	2381
2382	0	2383
1998	0	2366
2384	1	1988
2251	0	2385
2037	0	2386
2387	0	2388
2092	0	2389
2047	0	2013
2390	1	2391
2378	0	2392
2393	1	2391
2394	0	2191
2077	0	2395
2396	1	2160
2397	0	2151
2398	0	2322
2399	0	2209
1993	0	2400
2054	0	2222
2244	1	1962
1953	0	2366
2187	0	2401
2172	0	2402
2329	0	2403
1953	0	2404
2139	0	2208
2405	1	2085
2066	0	2225
2406	0	2407
2408	0	2135
2147	0	2129
2012	0	2409
2410	0	2337
2411	0	2308
2412	0	2355
1998	0	2236
2034	0	2413
2414	1	2167
2303	0	2053
2415	0	2416
2417	0	2249
1933	0	1967
1959	0	2129
2044	0	2140
2418	0	2419
2420	0	2001
2005	0	2052
2268	0	2421
2422	0	2423
2025	0	2121
2187	0	2424
2010	0	2203
2425	0	2426
2427	0	2050
2010	0	2428
2037	0	2429
2090	0	2430
2077	0	2431
2432	0	2433
1998	0	2434
2435	0	1965
2103	0	2129
2436	0	2437
2438	1	1950
2234	1	1962
1973	0	2439
2005	0	2440
2037	0	2441
2301	0	2022
2066	0	2442
2443	0	2444
2445	1	1988
2446	0	2447
2448	0	2057
1993	0	2389
2005	0	2226
2047	0	2449
2258	0	2205
2025	0	2450
2451	0	2242
2452	0	2437
2453	0	2342
2032	0	2440
2010	0	2040
2454	0	2455
2456	0	2457
1947	0	2458
2037	0	2459
2460	1	2108
2005	0	2461
2066	0	2462
1995	0	2463
1939	0	2464
2465	0	2466
2467	0	2407
2468	0	2469
2268	0	2413
2470	0	2471
2025	0	2472
2032	0	2473
2005	0	2033
2386	1	2017
1954	1	1972
2172	0	2474
1995	0	2475
2476	0	2308
2477	1	1988
1953	0	1971
2410	0	2449
2148	1	1962
2043	1	1962
2098	0	2458
2478	0	2479
2480	0	2481
2197	0	2482
2092	0	2469
2047	0	2483
2034	0	2386
2047	0	2484
2027	0	2485
1979	0	2473
2118	0	2486
2487	0	2050
2114	1	2001
2112	0	2273
2044	0	2488
1998	0	2340
2088	0	2489
2490	0	2395
2491	0	1936
2048	1	2167
2416	1	2138
2061	1	1962
1998	0	2492
1983	0	2226
2493	1	2001
2494	0	2165
2010	0	2230
2495	0	2496
1953	0	2497
2498	0	2437
2499	1	2001
2023	0	2093
2139	0	2500
2305	0	2501
2047	0	2502
2503	0	2504
2175	0	2505
2506	1	2080
2507	0	2508
1975	0	2509
2510	0	2511
1993	0	2276
2272	0	2512
2513	1	2001
2025	0	2192
2329	0	2076
2130	0	2195
2514	1	2247
2172	0	2515
1998	0	2431
2516	1	2247
2517	0	2518
2519	0	1958
2387	0	2520
2329	0	2136
2521	0	2522
1953	0	2523
2524	1	1988
2415	0	2138
2525	0	2526
2088	0	2527
2528	0	2127
2529	1	1988
2530	0	2247
2531	0	2466
2303	0	2222
2258	0	2532
2147	0	1960
1933	0	2527
2533	1	2017
2303	0	2242
2534	1	1972
2399	0	2535
1959	0	2267
2124	0	2536
2268	0	2537
2538	0	2508
2104	1	2160
2254	1	2017
2329	0	2132
1939	0	2539
2540	0	2541
2542	0	2543
2544	0	2545
2546	0	2143
1983	0	2381
2023	0	2499
1953	0	2547
2548	1	2167
2549	0	2455
2550	1	1988
2147	0	2551
2552	1	1988
2553	1	2017
2554	1	2138
2555	0	2556
2557	0	2558
2410	0	2559
2495	0	2560
2092	0	2561
2562	0	2457
2563	1	2001
2139	0	2159
2101	0	2371
2002	0	2564
2565	1	2391
2566	1	2085
2047	0	2567
2568	0	2060
1933	0	2264
2401	1	2247
2330	0	2244
2569	0	2508
2570	0	2571
2398	0	2572
2147	0	2573
2172	0	2176
2005	0	1980
2265	0	2574
2575	1	2167
2032	0	2442
2252	1	1962
2025	0	2576
2265	0	2176
1983	0	2299
2120	0	2312
2073	1	2160
1983	0	2006
2280	0	2577
2305	0	2373
2578	0	2273
2378	0	2579
1973	0	2580
1983	0	2281
2581	0	2580
2582	0	2583
2584	0	1936
2258	0	2149
2361	0	2585
2103	0	2500
2586	0	2146
2092	0	2076
2587	0	2541
2568	0	2588
2175	0	1946
2011	1	2247
2005	0	2589
2206	0	2590
2078	1	1972
2591	0	1958
2592	0	2457
2337	1	2167
2593	0	2351
1945	0	2594
2032	0	2458
2595	1	1988
2596	0	2246
2023	0	2597
2598	0	2050
2599	0	2600
2187	0	2309
2103	0	2573
2094	0	2401
2077	0	2601
2602	0	2326
2603	0	2604
2605	0	2606
2607	1	1988
1941	0	2125
1973	0	2267
2077	0	2492
1941	0	1980
2268	0	2017
2187	0	2608
2025	0	2609
2610	0	2558
1989	0	2611
2612	0	2426
2015	1	2608
2446	0	1965
2520	1	2391
2613	1	1988
2094	0	2614
2615	1	1972
2395	1	1972
2077	0	2616
2617	1	1988
2483	1	2167
2140	1	2160
2095	1	1962
2618	1	2001
2033	1	1962
1959	0	2619
2091	1	1968
2620	0	2024
2621	0	2407
2555	0	2622
2623	0	2624
2023	0	2625
1983	0	2609
2626	0	2627
2034	0	2628
2378	0	2629
1983	0	2630
2010	0	2631
2632	0	2633
2096	0	2040
2634	1	1988
2323	0	2635
2182	0	2152
2636	1	1988
1983	0	2637
2638	0	2639
2361	0	2447
2638	0	2262
1953	0	2640
2641	0	2642
2643	1	2080
2410	0	2644
2010	0	2645
2646	1	1988
2647	0	2648
1983	0	2649
2650	0	2143
2010	0	2651
2367	1	1962
2301	0	2356
2077	0	2313
2092	0	2001
2652	1	2080
2096	0	2645
2653	0	2232
2112	0	2608
2251	0	2196
2066	0	2458
2654	0	2655
2184	0	2058
2162	1	1972
2361	0	2131
2656	0	2317
2657	1	2373
1953	0	2658
2659	0	2660
2374	1	1968
2661	1	1966
2005	0	2086
2096	0	2631
2227	0	2662
2609	1	1962
1993	0	2663
2005	0	2215
2206	0	2514
1953	0	2664
2153	1	1972
1995	0	2665
2399	0	2666
2029	0	2332
1947	0	1976
2023	0	2667
1983	0	2668
2012	0	2669
2578	0	2670
2671	0	2217
2182	0	2645
2012	0	2166
2034	0	2553
2639	1	1988
2025	0	2536
2077	0	2672
2673	1	2001
1983	0	2440
1945	0	2574
2092	0	2018
2029	0	2674
2675	0	2676
2677	0	2433
1989	0	2000
2365	1	2373
2678	1	1988
2671	0	2633
1993	0	2333
2679	0	2680
2681	0	2225
2010	0	2352
2682	0	2674
2410	0	2683
2410	0	2484
2684	0	2685
2096	0	2686
2574	1	2085
2010	0	2687
1977	0	2401
2688	0	1950
2689	0	2296
2690	1	1972
2320	0	2691
2381	1	1962
2692	0	2217
2693	1	1988
2694	0	2496
1993	0	2695
2025	0	2084
2696	1	2080
2187	0	2097
1945	0	2405
2177	1	2247
2280	0	2697
2066	0	2189
2187	0	2687
2698	1	2001
2699	1	1988
2700	0	2670
2701	0	2135
2702	0	2407
2703	1	2001
2303	0	2166
2175	0	2574
2077	0	2704
2705	0	2706
2655	1	2608
2229	0	2516
2707	1	2167
2708	1	1988
2147	0	2619
2187	0	2572
2265	0	2085
2320	0	2631
2096	0	2428
2066	0	2125
2709	1	1988
1975	0	2458
1977	0	2614
2018	1	2001
1953	0	2431
2710	0	2086
2023	0	2482
2711	0	2712
1983	0	2713
2268	0	2200
1977	0	2332
1983	0	2714
2139	0	2073
2027	0	2089
2301	0	2366
1998	0	2368
1945	0	2715
2716	0	2717
2032	0	2461
1993	0	2718
2719	1	2138
2720	0	2721
2139	0	2274
2258	0	2148
2187	0	2722
2654	0	2556
1945	0	2723
2605	0	2424
1933	0	2504
2724	1	2167
2251	0	2725
2077	0	2188
2139	0	2726
2727	0	2281
2728	0	2729
2730	1	2001
2005	0	2731
2053	1	2167
2139	0	2732
2175	0	2733
2734	1	2247
2301	0	2081
2268	0	2357
2005	0	2148
2303	0	2275
2029	0	1978
2735	0	2063
1998	0	2658
1993	0	2564
2012	0	2186
1995	0	2736
2737	0	2624
1939	0	2738
2037	0	2739
2740	0	2741
2742	1	1972
2743	1	2167
1955	0	2744
2745	0	1966
2023	0	2369
2535	1	1988
2631	1	2247
2746	1	1968
2032	0	2287
2023	0	2747
2748	0	2749
2750	0	2751
2752	1	1988
2175	0	2181
1993	0	2753
2754	0	2755
2756	0	2600
2005	0	2293
2101	0	2757
2596	0	2758
2659	0	2081
2735	0	1996
2303	0	2449
2759	1	1988
2760	1	2080
2605	0	2572
2761	0	2762
2763	0	2257
2764	0	2355
1937	0	2765
1989	0	2241
2144	1	1968
2306	1	2373
2077	0	2766
2005	0	2767
2768	0	1962
2066	0	2192
2769	1	2001
2034	0	2770
2212	0	2416
2517	0	2771
1953	0	2660
2596	0	2294
2772	0	2706
2773	0	2774
2775	0	2157
2776	0	2403
2777	0	2778
2265	0	2779
2780	0	2781
2782	0	2778
2077	0	2368
1941	0	2496
2783	0	2217
1941	0	2149
2090	0	1968
2756	0	2622
2101	0	2450
2784	1	1988
2785	0	1982
2786	0	2271
2101	0	2731
2787	0	2572
2666	1	1988
2581	0	2788
2232	1	2608
2789	0	2407
2032	0	2509
2206	0	2691
1945	0	2790
2034	0	2791
2792	0	2355
2492	1	1972
1998	0	2188
2793	1	2794
2014	0	2232
2795	0	2151
2796	1	1988
2797	0	2798
2037	0	2791
2005	0	2205
2077	0	2690
2027	0	1934
2303	0	2665
1975	0	2009
1937	0	2799
2025	0	2442
2092	0	2800
2801	0	2127
2802	0	2803
2804	0	2234
2088	0	2746
2805	1	1988
1979	0	2637
2066	0	2205
2806	0	2803
1973	0	2160
2756	0	2655
2212	0	2719
2807	0	2271
2808	0	2809
1945	0	2505
2054	0	2414
2810	1	1988
2265	0	2515
1998	0	2081
2797	0	2040
2811	0	1950
2066	0	2609
2375	0	2400
1953	0	2690
2812	0	1986
2813	0	2143
2814	1	1972
2005	0	2381
2012	0	2815
2219	0	2816
1993	0	2817
2410	0	2048
1941	0	2061
2818	0	2819
2044	0	2311
1975	0	2149
2182	0	2516
2820	0	2342
2748	0	2515
2821	0	2642
2187	0	2674
1941	0	2442
2339	0	2822
2118	0	2657
2823	0	2824
1941	0	2825
2826	0	2342
2410	0	2483
2088	0	2827
2187	0	2828
2066	0	2829
2830	0	2419
2010	0	2734
2103	0	2160
2831	0	2832
2600	1	2608
2833	0	2217
2005	0	2281
2797	0	2645
2301	0	2822
2251	0	2123
2094	0	2645
2197	0	2276
2092	0	2673
1937	0	2696
2339	0	2834
2044	0	2263
2674	1	2247
1975	0	2442
2029	0	2246
1975	0	2060
2044	0	2500
2212	0	2835
2435	0	2836
2178	0	2828
2410	0	2275
1995	0	2063
2837	1	2080
2838	1	1988
2202	0	2428
2839	0	2840
2235	0	2141
2096	0	2004
2112	0	2841
1977	0	2744
2715	1	2085
2096	0	2183
2009	1	1962
2842	0	2843
2844	0	2105
2845	1	2373
2846	1	2001
2005	0	2847
1953	0	2601
2175	0	2336
1975	0	2234
2848	0	2849
2096	0	2850
2047	0	2304
2251	0	2472
2066	0	2496
2103	0	2238
2088	0	2851
1933	0	2089
2578	0	2232
2187	0	2841
2094	0	2352
2025	0	2731
2852	0	2840
2005	0	2532
2092	0	2853
2023	0	2854
2530	0	2424
2077	0	2162
2032	0	2855
2077	0	2834
2025	0	2855
2027	0	2174
2032	0	2496
1977	0	2572
2856	0	2857
2691	1	2247
1955	0	2247
2012	0	2858
2859	0	2283
2517	0	2391
2268	0	2860
2251	0	2757
2861	0	2862
1953	0	2081
2250	1	2017
2459	1	2017
1983	0	2461
2863	0	2471
2864	0	2762
2865	1	2017
2032	0	2312
1993	0	2866
2005	0	2867
2868	1	1988
2120	0	2462
1983	0	2125
2869	0	1936
1993	0	2376
2870	0	2293
2871	1	2080
2872	1	1968
1998	0	2873
2229	0	2097
1983	0	2473
2103	0	2170
2410	0	2858
2874	0	2050
2092	0	2846
2023	0	2875
1998	0	2298
2410	0	2209
2005	0	2757
2876	0	2774
2092	0	2563
1941	0	2185
2268	0	2877
2878	0	2708
2879	1	1988
2880	0	2881
2103	0	2882
2094	0	2687
2883	1	1988
2034	0	2884
2012	0	2483
2103	0	2885
1937	0	2080
2398	0	2691
2027	0	2132
2025	0	2473
2064	0	2886
1969	0	2131
2092	0	2482
1983	0	2234
2887	1	1988
2578	0	2888
2320	0	2309
2077	0	2141
2047	0	2475
1993	0	2031
2889	1	2017
2472	1	1962
2010	0	2152
2184	0	2890
2103	0	1974
2066	0	2855
1975	0	2006
1945	0	2891
2578	0	2015
2096	0	2722
2403	1	1968
2027	0	2136
2727	0	2577
2094	0	2691
2206	0	2011
2182	0	2798
2096	0	2352
2066	0	2892
1977	0	2424
2187	0	2207
1943	0	2121
1983	0	2840
1995	0	2893
2092	0	2894
1998	0	2133
1993	0	2895
2032	0	2755
2066	0	2033
2096	0	2614
2182	0	2030
1998	0	2640
2309	1	2247
2596	0	1978
1953	0	2434
2896	0	1950
2897	1	1972
2002	0	2328
2005	0	2725
2172	0	2898
2899	0	2069
2363	1	2167
2900	1	1988
2901	0	2709
2130	0	2661
2902	0	2903
2904	0	2721
1969	0	2905
2906	0	2907
2175	0	2891
2446	0	2908
2909	0	2910
2066	0	2532
2911	0	2912
2305	0	2913
2265	0	2914
2268	0	2889
1995	0	2048
2092	0	2667
2012	0	2048
2077	0	2873
2025	0	2205
2206	0	2674
1995	0	2915
1998	0	2814
2320	0	2246
1973	0	2274
2916	1	2138
2917	1	1972
2918	1	1988
2919	0	2349
2920	0	2522
2066	0	2099
2005	0	2252
2034	0	2193
2310	1	2085
2118	0	2921
2182	0	2011
1975	0	2532
2922	1	1988
1975	0	1942
2010	0	2247
2923	1	2167
2399	0	2924
2172	0	2505
2184	0	2284
1993	0	2114
2096	0	2798
2301	0	1971
2012	0	2893
2905	1	1966
2410	0	2036
2447	1	1966
2358	0	2627
2029	0	2309
2387	0	2393
2925	0	2774
2926	0	2043
1959	0	2104
2005	0	2840
2927	1	1988
2928	1	1988
2929	0	2015
2023	0	2513
2032	0	2930
2010	0	2686
2034	0	2931
2184	0	2395
1945	0	2932
2933	0	2903
2934	1	1988
2446	0	2661
2187	0	2590
2130	0	2585
2010	0	2401
2935	0	2471
2811	0	2438
2651	1	2247
2936	0	2165
2037	0	2931
2184	0	2937
2938	0	2135
2258	0	2560
2037	0	2016
2939	0	2940
2092	0	2941
2233	0	2649
2942	0	2862
2092	0	2718
2620	0	2800
1983	0	1942
2320	0	2514
2175	0	2109
2943	0	2843
2749	1	2085
2596	0	1956
2944	0	2945
2206	0	2687
2005	0	2577
2012	0	2707
2946	0	2283
2947	0	2948
2076	1	2001
2231	0	2888
2026	1	1962
2010	0	2674
2066	0	2331
2949	0	2143
2077	0	2366
2950	0	2317
1993	0	2951
2066	0	1980
2435	0	1970
2952	1	1988
2184	0	2492
2953	0	2954
2147	0	2045
2955	0	2956
2380	1	2957
2187	0	2516
2027	0	2958
2959	0	2762
2088	0	2960
2268	0	2791
2961	0	2344
2962	0	2824
2963	0	2964
1998	0	2141
2101	0	2725
2757	1	1962
2965	0	2472
2013	1	2167
2966	0	2111
2025	0	2324
2023	0	2910
2593	0	2247
2967	1	1988
2968	0	2969
2027	0	2746
2970	0	2437
2971	0	2426
1985	0	2670
2187	0	2040
1953	0	2284
2972	0	2731
2175	0	2973
2974	0	2940
2398	0	2097
2975	1	2080
2278	1	1972
2532	1	1962
1947	0	2577
2175	0	2976
2977	0	1936
2092	0	2978
2979	0	2423
1959	0	2573
2980	0	2981
2982	0	2611
1993	0	2941
2983	0	1950
2034	0	2038
1998	0	2660
1975	0	2381
2037	0	2984
2139	0	2129
2446	0	2195
2025	0	2829
2092	0	2985
2986	0	2987
2988	0	2989
2990	1	1962
2827	1	1968
2464	1	1988
2047	0	2644
1941	0	2991
2096	0	2992
2097	1	2247
2711	0	2993
2994	1	2017
2995	0	2108
1979	0	2630
2094	0	2040
2301	0	2236
2996	0	2247
2025	0	2331
1937	0	2253
1983	0	2588
2997	1	2080
2410	0	2575
2812	0	2888
2027	0	2998
2212	0	2999
2092	0	2000
3000	1	2085
1989	0	3001
2303	0	2209
3002	0	2326
3003	0	2052
3004	0	2292
1983	0	2312
2258	0	2630
3005	0	2271
1975	0	1944
2729	1	2001
2711	0	2649
2066	0	2121
3006	1	1988
3007	0	2127
2034	0	2421
3008	0	3009
2092	0	2910
2410	0	3010
2859	0	2627
2012	0	2484
3011	1	2001
2187	0	2614
2212	0	2138
2301	0	3012
2133	1	1972
2561	1	2001
3013	0	2111
3014	1	1988
2711	0	2234
1993	0	2910
2913	1	2373
2090	0	2872
2283	1	2627
2332	1	2247
2025	0	2033
2037	0	2250
2578	0	2907
2027	0	2827
2094	0	2230
2286	0	1948
3015	0	3016
1945	0	2779
2025	0	2892
3017	0	2271
2301	0	2171
2653	0	1992
3018	1	1988
3019	1	1988
2147	0	2732
2339	0	2356
2094	0	2819
2852	0	2234
2092	0	3020
1983	0	2099
2147	0	2500
2012	0	2665
2474	1	2085
2187	0	2606
2410	0	2055
3021	0	3022
2187	0	2651
3023	0	2437
3024	0	2146
2034	0	2860
2027	0	2816
3025	1	1988
3026	0	1950
3027	0	2308
1993	0	3028
2032	0	2067
2303	0	2444
2034	0	3029
1989	0	2718
2088	0	2220
2424	1	2247
2258	0	2026
3030	1	2017
1973	0	2396
2972	0	1961
1953	0	2153
2010	0	2207
2681	0	2767
2059	1	1972
3031	0	2606
3032	0	2633
2361	0	1970
2005	0	3033
2446	0	2836
3034	0	2556
2120	0	2287
2712	1	1962
2077	0	2660
3035	0	2680
2023	0	3036
2077	0	3037
2410	0	3038
2268	0	3039
3040	0	2680
2077	0	2741
3041	1	1988
3042	1	1988
2172	0	2345
2032	0	2225
3043	0	2042
2034	0	3044
2023	0	3045
2227	0	2913
1953	0	2171
2032	0	2637
3046	1	1988
2409	1	2167
2258	0	2990
3047	0	3048
2999	1	2138
1955	0	3049
2398	0	2606
1993	0	2800
1953	0	2162
3050	1	2794
2206	0	2651
2227	0	2306
2023	0	2718
2212	0	2137
2451	0	2053
2012	0	2575
2797	0	2030
2147	0	2274
2982	0	3051
3052	0	2466
2077	0	1971
3053	0	2419
1993	0	2168
2399	0	2065
3054	0	2407
2297	0	2162
2175	0	2790
2103	0	2263
3020	1	2001
2077	0	3055
3056	1	1988
3057	1	1988
2653	0	2888
2272	0	3058
3059	1	1988
1975	0	2462
2034	0	3060
2766	1	1972
3034	0	2655
1937	0	3061
2066	0	2930
3062	0	2945
2065	1	1988
2090	0	2851
2012	0	2414
2025	0	2649
2265	0	2566
2178	0	2841
2745	0	2836
2361	0	1965
1993	0	3011
2047	0	2055
3063	0	2680
3064	1	1988
1995	0	2363
3065	0	2706
3060	1	2017
3066	0	3067
2066	0	2576
2387	0	2518
2385	1	1962
1945	0	2976
3068	0	2379
2028	1	1968
1977	0	2247
2112	0	2828
3069	1	1988
2258	0	2125
2206	0	2401
3070	1	1988
2410	0	3071
1975	0	2576
2711	0	2084
2682	0	2351
3072	1	1988
2202	0	2631
1995	0	2186
2301	0	2897
3073	0	2941
3074	0	1958
2924	1	1988
2096	0	2322
2172	0	2973
2010	0	3049
2023	0	2469
1941	0	2225
3075	0	2940
1953	0	2078
1953	0	3012
2005	0	2061
2023	0	2076
2023	0	3001
2303	0	2707
3076	0	2945
1947	0	2440
2023	0	2985
2066	0	2757
2320	0	2322
2010	0	2351
2410	0	2743
1953	0	3077
3078	0	2008
2066	0	2215
2066	0	2060
2992	1	2247
2378	0	2957
2387	0	3079
2010	0	2516
2098	0	1976
2054	0	2409
1998	0	2223
2066	0	2440
2910	1	2001
2034	0	2441
2090	0	2958
1998	0	2615
3080	0	3081
2197	0	2730
3082	0	2987
1983	0	2061
3083	1	1988
3084	1	1988
2023	0	2846
2398	0	2686
2023	0	2493
3085	0	1964
2092	0	3036
2440	1	1962
3086	0	2862
2092	0	2031
2320	0	2479
2130	0	1965
2023	0	2276
2025	0	2006
3087	0	3088
3089	0	2725
2230	1	2247
2596	0	2479
3090	0	3091
3092	0	3093
3094	1	2167
2032	0	2074
3095	0	3096
3097	0	2042
3098	0	2721
1959	0	3099
3100	0	2624
2189	1	1962
3101	1	1988
2032	0	2714
1937	0	3102
2490	0	3037
3103	0	2881
3104	0	1958
3105	0	3106
3107	0	2850
3108	1	1988
2877	1	2017
2268	0	2250
2389	1	2001
2023	0	2853
1998	0	2917
3109	0	2809
1956	1	2247
2711	0	2637
2301	0	2059
3110	0	2583
2066	0	2149
1945	0	2566
2005	0	2324
2037	0	2360
1937	0	3111
1945	0	2973
1995	0	3010
2130	0	1966
2092	0	3112
1993	0	3113
2932	1	2085
3114	1	2085
2434	1	1972
3115	0	2881
2023	0	3116
3117	0	3016
2182	0	2850
2044	0	2208
2473	1	1962
2297	0	2547
3118	1	2391
2090	0	2960
2410	0	2893
3119	0	3120
3121	0	3016
2066	0	2713
2005	0	2121
2653	0	2907
2025	0	3122
3123	0	2269
2010	0	3124
2010	0	1956
1993	0	3051
2265	0	3000
2184	0	2704
2187	0	2512
3125	0	2165
3126	1	1988
3127	0	2940
2187	0	2514
2005	0	1961
1995	0	2414
1993	0	2667
1983	0	2252
1953	0	2937
3128	0	2489
2251	0	2086
3129	0	1958
3130	1	1988
1983	0	2148
1975	0	2648
2301	0	2547
2973	1	2085
1975	0	2825
2630	1	1962
2695	1	2001
2723	1	2085
1993	0	2513
2258	0	2226
2066	0	2588
2371	1	1962
2032	0	2990
3131	0	2471
2572	1	2247
3132	0	2862
2258	0	2461
2398	0	2424
1995	0	2743
2037	0	2860
2077	0	2497
3133	0	2111
2090	0	2527
2399	0	2072
3134	0	2778
1995	0	2275
2361	0	2195
2037	0	3029
2066	0	2849
1983	0	2648
2202	0	3049
2410	0	2222
2012	0	2736
2420	0	2563
2297	0	3091
2025	0	2367
2012	0	3010
3135	0	2355
2047	0	2063
2088	0	2816
3136	0	2334
3137	0	2326
1975	0	2867
2909	0	3138
2182	0	2230
2077	0	2223
2265	0	3139
1937	0	2975
2884	1	2017
3140	0	3141
1959	0	2580
3142	0	2407
2147	0	3143
2303	0	3144
2303	0	2409
2258	0	2588
2265	0	2715
2034	0	2459
2172	0	3145
2206	0	2152
3146	0	2695
2139	0	2170
1998	0	3147
3148	1	2167
2797	0	2850
3149	0	2342
2029	0	2183
2181	1	2085
2410	0	2815
2029	0	2722
2044	0	2882
3150	1	1988
2037	0	2865
2010	0	2798
2047	0	2915
2027	0	2527
2103	0	2726
2023	0	2695
2323	0	2817
1953	0	3151
2301	0	3152
2010	0	2294
1983	0	2060
2034	0	2739
3153	0	2862
2725	1	1962
2047	0	2167
2092	0	2854
1975	0	1961
1945	0	2336
1939	0	3154
2005	0	2149
2044	0	2073
1993	0	2493
2435	0	2905
1975	0	2043
2047	0	2166
2981	1	1988
2047	0	2669
2005	0	2630
1993	0	2703
3155	0	1964
2328	1	2001
3156	1	1988
2103	0	1960
2032	0	2300
2770	1	2017
2303	0	2463
2025	0	2009
2044	0	2619
1998	0	3157
2654	0	2670
2649	1	1962
3158	0	2352
2183	1	2247
2094	0	2850
2834	1	1972
2118	0	2228
2027	0	2851
2187	0	2819
3159	0	3160
3161	1	2080
3162	1	1988
3163	0	2558
2103	0	2439
1998	0	2664
3164	0	3096
3028	1	2001
2301	0	3037
3165	0	3081
3166	0	2482
3167	0	3168
2301	0	2615
3169	0	1942
3170	0	2511
1976	1	1962
3171	0	3172
3173	0	2608
3174	1	1988
2172	0	2336
2301	0	2223
2495	0	2767
2029	0	2758
2303	0	2644
2054	0	2743
2301	0	2534
2790	1	2085
3175	0	2249
3176	0	2651
1975	0	2331
1969	0	1966
1945	0	2733
2816	1	1968
2094	0	2590
2258	0	2755
3177	0	3178
2130	0	2836
3179	0	3180
2032	0	2043
3181	0	2717
2025	0	2215
2443	0	2559
3182	0	3183
2034	0	3184
2517	0	2388
1998	0	2497
2037	0	3039
2361	0	2905
3185	1	1988
2031	1	2001
1973	0	1960
1953	0	2058
2025	0	2847
2410	0	2053
2251	0	2589
3055	1	1972
1993	0	2894
2088	0	2403
2268	0	2994
2187	0	3058
2410	0	2548
2620	0	2046
1998	0	3012
2025	0	2461
3186	0	2326
3187	1	1988
2625	1	2001
3188	0	2296
3189	0	2627
2713	1	1962
2831	0	2778
2025	0	2226
2500	1	2160
2410	0	2013
2523	1	1972
3190	0	2083
3191	1	1988
2032	0	2991
3192	1	1988
3193	1	1988
2235	0	2658
1983	0	2576
2303	0	2815
2096	0	2424
1983	0	2084
2202	0	3124
2005	0	2829
2212	0	2554
2726	1	2160
3194	0	3081
2025	0	2312
2125	1	1962
2116	1	2001
1939	0	3195
2037	0	2200
2175	0	2405
3196	0	3096
2236	1	1972
2387	0	2565
2032	0	2290
3197	0	2437
2184	0	2171
2722	1	2247
3198	0	2196
2320	0	2992
2084	1	1962
1977	0	2351
1975	0	2588
2005	0	2560
2305	0	2119
3199	0	2283
3200	1	1988
3201	0	3202
2077	0	2236
3203	0	3204
1983	0	2993
2023	0	3205
2227	0	2372
3206	0	2460
2886	1	1988
2047	0	2337
2034	0	2200
3207	1	1988
2032	0	2125
2301	0	1999
2005	0	2462
2010	0	2744
3208	1	1972
3031	0	2011
2092	0	2866
2368	1	1972
2301	0	2188
2029	0	2152
2054	0	2858
2014	0	1986
1953	0	2236
3209	0	2292
2025	0	2099
2268	0	2254
3031	0	2614
3210	0	3180
2088	0	1968
3068	0	2392
2799	1	2080
1953	0	3157
1977	0	2428
2817	1	2001
2998	1	1968
1989	0	2747
2227	0	2845
2092	0	2003
3211	0	2803
2682	0	2645
1945	0	2474
2175	0	2345
2420	0	2100
3212	1	1988
3124	1	2247
1959	0	1984
1941	0	2560
3213	0	2680
2909	0	2276
3214	0	2426
3215	0	2312
3216	0	2455
1944	1	1962
2503	0	2174
2265	0	2932
2096	0	2246
2023	0	2800
2596	0	2177
1984	1	2160
3217	0	2670
2852	0	2067
2486	1	2373
2044	0	1984
2301	0	2153
3218	1	1988
2044	0	1960
1941	0	2440
3219	1	1988
1959	0	2788
1953	0	2897
2092	0	3220
2025	0	2849
2096	0	2401
2258	0	1961
2023	0	2198
2032	0	2713
2044	0	3143
1983	0	2086
3221	0	2912
3222	0	3016
2029	0	2424
3223	0	2993
3047	0	3224
3225	0	2680
2203	1	2247
1953	0	2534
3226	0	2993
2066	0	2252
3227	0	3099
3228	0	2545
2299	1	1962
2258	0	2991
2767	1	1962
2379	1	2957
2530	0	2332
2187	0	2964
3229	0	2642
3230	0	2050
3231	0	3232
2628	1	2017
2758	1	2247
1939	0	3130
2226	1	1962
2023	0	2563
1983	0	1980
3233	0	2862
2047	0	2463
3234	0	2685
3235	0	2824
2025	0	3033
3236	0	2326
1995	0	2683
1941	0	2458
2672	1	1972
2410	0	2669
2034	0	3030
2112	0	2964
1983	0	1944
2303	0	2167
2054	0	2893
2663	1	2001
2797	0	2183
1995	0	2409
2182	0	2734
2972	0	2458
2727	0	2697
1953	0	3147
3237	0	2685
3238	0	3093
3239	0	2249
3240	1	1988
2147	0	2160
2171	1	1972
3241	1	1988
2228	1	2373
2268	0	2201
2012	0	2449
3242	0	3067
2741	1	1972
2054	0	3010
2092	0	3243
2098	0	3244
2032	0	3122
2023	0	2241
2092	0	2625
2088	0	3245
3246	0	2217
1993	0	2730
2175	0	3172
2320	0	2401
3247	0	2680
2410	0	2348
2077	0	2658
1995	0	2483
1995	0	2484
2175	0	2723
1959	0	2488
2088	0	2105
2054	0	2575
2222	1	2167
2139	0	2573
1943	0	2825
2066	0	2052
2305	0	2657
3248	0	2571
2435	0	2447
3249	0	2625
2301	0	2162
1989	0	2369
3250	0	2778
3251	0	2862
3252	0	2558
2032	0	1942
2399	0	3253
2029	0	2040
3254	0	2315
3255	0	2843
2305	0	2228
2995	0	2460
3206	0	2108
2092	0	2376
3226	0	2755
3256	0	2541
2287	1	1962
2362	0	2836
2852	0	2712
2596	0	2203
2197	0	2318
1995	0	3071
2225	1	1962
2446	0	1966
1941	0	2630
2066	0	2371
2010	0	2246
2909	0	3041
3257	0	2143
3258	0	2685
2088	0	2872
1973	0	3143
2301	0	3232
3259	0	2545
2960	1	1968
1945	0	2176
2233	0	2287
2034	0	2128
1993	0	2482
3260	0	3106
2172	0	2566
2469	1	2001
2139	0	2311
3068	0	2629
2077	0	2171
2047	0	2559
3261	0	2725
2841	1	2608
1975	0	2560
2184	0	2022
2005	0	2588
2081	1	1972
2392	1	2957
2754	0	2757
1977	0	2097
2092	0	2747
2446	0	1970
2077	0	3262
2037	0	2035
2681	0	2281
3263	0	3264
3122	1	1962
2012	0	2915
3265	0	3266
2025	0	1961
3267	0	3202
2818	0	2850
2025	0	2993
2101	0	2589
1937	0	3268
3269	1	1988
3270	0	2637
1969	0	2661
2096	0	2203
2005	0	2697
2029	0	2819
2212	0	3271
2596	0	2992
2788	1	2160
2077	0	3091
1973	0	2882
3272	0	3273
2025	0	2371
1983	0	2287
2567	1	2167
2172	0	2405
3274	0	2987
2240	0	3112
3275	1	1988
3276	1	1988
2301	0	3157
2204	0	2252
2797	0	2516
3277	0	2151
3278	1	2373
3279	0	2912
2066	0	2712
2025	0	2990
2005	0	2385
2044	0	2319
3280	0	2260
2888	1	2608
3281	1	1988
3282	0	2433
2435	0	2908
2202	0	2992
2047	0	3010
3283	0	2151
2139	0	2788
1937	0	2837
2860	1	2017
2032	0	2993
2066	0	2009
2235	0	2601
2186	1	2167
2010	0	2850
2495	0	2440
2023	0	2155
3284	1	1988
2025	0	1976
2890	1	1972
2032	0	2649
2297	0	3055
3285	0	2271
2139	0	1960
2034	0	2994
3286	0	2001
2301	0	2834
2025	0	2825
2297	0	2434
2175	0	3114
2118	0	2373
2077	0	3287
2258	0	2293
2023	0	2000
2410	0	2567
2044	0	2274
2025	0	2697
2092	0	2241
2005	0	2367
2025	0	2637
3288	0	3009
2029	0	2203
2025	0	2509
2756	0	2556
3289	1	1988
1959	0	2319
2092	0	2597
1937	0	3290
3291	0	2703
3292	0	2843
2047	0	2363
2092	0	2333
1933	0	2851
2398	0	2651
2032	0	3293
3294	0	2217
2032	0	2185
2175	0	2898
2509	1	1962
3295	0	1950
3287	1	1972
2402	1	2085
2303	0	3071
2175	0	2310
2272	0	2113
1937	0	3296
1933	0	3297
2006	1	1962
2251	0	1962
2995	0	2107
2047	0	2743
3298	0	2649
2147	0	1984
2066	0	2312
2005	0	1948
2023	0	2001
3299	1	2080
2268	0	2931
2429	1	2017
3300	1	1988
2488	1	2160
1945	0	3301
3302	0	2714
3303	0	2604
1953	0	3232
2012	0	2036
2797	0	2211
1945	0	3114
2800	1	2001
2206	0	2645
3206	0	3273
2482	1	2001
2077	0	3232
2066	0	2226
2301	0	2937
2066	0	2293
2094	0	2734
2044	0	2238
2103	0	2073
2305	0	2845
3304	0	2426
1998	0	2534
3305	0	1942
2265	0	2173
3306	0	2774
2098	0	2086
2227	0	3307
3308	0	3058
2272	0	2964
3309	0	2326
3310	0	2945
2092	0	3311
2044	0	2885
1975	0	2630
2980	0	2868
3312	0	2956
3313	0	2416
2037	0	2537
2088	0	2998
2010	0	2691
2012	0	3144
3314	0	2165
2589	1	1962
3315	0	2093
1941	0	2609
2754	0	2225
2873	1	1972
2066	0	2536
3316	0	2069
2175	0	3301
3226	0	2560
2461	1	1962
2231	0	1986
2375	0	3116
2077	0	2298
2172	0	1946
1993	0	3001
1937	0	2643
2951	1	2001
2828	1	2608
2092	0	2895
2023	0	2611
2029	0	2335
2103	0	2045
1975	0	2461
2258	0	2312
3262	1	1972
3317	0	2191
2139	0	2396
2077	0	2133
3318	0	2930
3068	0	3319
3320	0	2344
2124	0	2829
3128	0	2527
2265	0	3145
1993	0	3311
3321	0	2604
1989	0	2093
2088	0	2374
2268	0	2386
2576	1	1962
3322	0	2832
1993	0	2618
2304	1	2167
2305	0	2486
2206	0	2606
1983	0	2731
2077	0	2059
2711	0	2757
2012	0	2644
2101	0	2252
2054	0	3094
1998	0	2278
2092	0	2513
3323	0	2691
2005	0	2892
3324	0	2042
3325	0	2157
1983	0	2462
3326	0	2774
2025	0	2061
3138	1	2001
2014	0	2888
2964	1	2608
3327	0	2315
2638	0	2693
2303	0	2337
3328	1	1988
1977	0	2352
3329	0	2257
2620	0	3220
3330	0	2630
3271	1	2138
3331	0	2903
1983	0	2829
2258	0	2697
2669	1	2167
2047	0	1996
2268	0	2533
2098	0	2205
2410	0	2736
2147	0	2140
2034	0	2537
2023	0	2269
2025	0	2300
2980	0	3332
2320	0	2428
2066	0	2589
2147	0	2882
1973	0	2885
3154	1	1988
3333	0	2816
1993	0	2563
2435	0	2131
2410	0	3334
2172	0	2914
3335	0	2513
2010	0	2758
2626	0	2283
1933	0	2403
1998	0	3055
1941	0	2026
2023	0	3336
3337	0	2127
3338	0	2146
2092	0	2618
1973	0	2238
2010	0	2992
3339	0	2680
1975	0	2930
3340	1	1988
2479	1	2247
2301	0	3151
3341	0	2774
1969	0	1965
2037	0	2553
3342	0	2283
3343	1	2085
3344	1	1988
2103	0	2140
3345	1	1972
3176	0	2514
2280	0	2099
3346	1	2080
2320	0	2606
1975	0	2324
2103	0	2488
1993	0	2853
1977	0	2686
1975	0	2061
3347	1	1988
2178	0	3058
2025	0	2577
2112	0	3058
2074	1	1962
3290	1	2080
2963	0	2655
2139	0	2045
1983	0	2847
2530	0	3124
2103	0	2396
2029	0	2691
1983	0	2033
3348	0	3009
3349	0	2450
2044	0	2551
2037	0	2533
2231	0	2015
2517	0	2565
1975	0	2712
3350	1	1988
1939	0	3218
2212	0	3351
2187	0	2211
1995	0	3148
2147	0	2488
2023	0	3028
3352	0	2322
3353	0	2061
2187	0	2645
3001	1	2001
3354	0	3009
2301	0	2873
2066	0	2637
3355	0	2471
2597	1	2001
2037	0	2994
1983	0	2509
2212	0	3356
2265	0	2594
2147	0	2396
2103	0	1984
3357	1	1988
2027	0	1967
2077	0	2224
2303	0	2414
3112	1	2001
2556	1	2608
3358	0	2426
2410	0	2414
2265	0	2749
2413	1	2017
2025	0	2589
3359	1	1988
2139	0	2160
2305	0	3278
2092	0	3045
2255	1	2001
3360	0	2990
2066	0	2281
2066	0	2560
2037	0	3030
2227	0	2119
3361	0	3096
2265	0	2402
2101	0	2196
3362	0	2589
3363	0	2125
2301	0	3287
2077	0	2278
2103	0	2274
2037	0	2413
3364	0	2717
3365	0	3141
2032	0	1976
2047	0	2036
2976	1	2085
3366	0	2423
2303	0	3094
3199	0	2627
3217	0	2907
2029	0	2686
2066	0	2472
3157	1	1972
2088	0	3297
2891	1	2085
3367	0	2069
1993	0	2561
2092	0	2276
2025	0	2712
1953	0	3055
1941	0	1961
3356	1	2138
2336	1	2085
2980	0	1991
2187	0	2798
1989	0	2333
2103	0	2732
2012	0	2724
2711	0	2668
3368	0	2604
3369	0	3124
1993	0	3138
3370	0	2151
3371	1	1988
1945	0	3172
3372	0	2881
2023	0	2729
2638	0	2900
2901	0	3373
2088	0	1967
2668	1	1962
2029	0	2247
3374	1	2794
3375	0	2423
2012	0	2444
2025	0	2668
3376	0	2315
2265	0	3343
1993	0	2978
2303	0	2186
2301	0	2245
3377	1	1988
2251	0	2849
2037	0	3060
2227	0	2921
2047	0	2409
1998	0	2897
3378	0	2419
3379	1	1988
2209	1	2167
3047	0	2218
3146	0	3205
3380	0	2271
3381	0	2260
2029	0	2590
2303	0	2915
3382	1	1988
2029	0	2479
2963	0	2556
2305	0	2365
2242	1	2167
2204	0	1944
2303	0	2036
2092	0	3383
1993	0	2269
2096	0	2819
1995	0	2242
3384	1	1988
2853	1	2001
3385	0	3183
2303	0	3148
1953	0	2766
2025	0	2560
2463	1	2167
3386	0	3093
2047	0	2815
3387	0	2157
2139	0	2580
3388	0	2151
2032	0	2825
2005	0	2095
2502	1	2167
1998	0	2239
2027	0	3297
1947	0	2442
2931	1	2017
3272	0	2108
2023	0	3138
2023	0	2673
3389	0	1966
3390	1	1988
2029	0	2011
2267	1	2160
3391	0	2127
1953	0	2368
2044	0	2788
1993	0	2625
3392	1	1988
3393	1	1988
3353	0	2385
3394	0	2257
2139	0	2882
3395	0	2912
2330	0	2609
3396	1	1988
1977	0	1956
2420	0	2875
1975	0	2067
2577	1	1962
2366	1	1972
1973	0	2732
1933	0	2132
2088	0	2174
2023	0	3020
2303	0	2923
2025	0	1944
3397	0	3093
3398	0	2706
3399	1	1988
1941	0	1976
1993	0	3383
2415	0	2916
2005	0	2609
2212	0	2916
2505	1	2085
3400	0	2642
2754	0	2300
3401	1	1988
3402	0	2157
3349	0	2367
2005	0	2668
2098	0	2121
2387	0	2391
3058	1	2608
2197	0	2003
2220	1	1968
2092	0	2168
3403	0	2084
3301	1	2085
1983	0	2536
2077	0	2434
1985	0	2015
3404	0	1936
2003	1	2001
2268	0	2429
2937	1	1972
2066	0	2668
1975	0	2074
3405	0	2604
3406	1	1988
2202	0	2247
2054	0	2683
3407	1	1988
2442	1	1962
2012	0	2923
2005	0	2026
2301	0	2141
2047	0	2222
2032	0	2588
3408	1	1988
2616	1	1972
2301	0	2404
3409	0	2296
1983	0	2331
3410	0	2642
2835	1	2138
2012	0	2304
2909	0	3281
3411	0	2881
1937	0	3299
2025	0	1962
2303	0	2669
3412	0	2146
1983	0	2577
2096	0	2479
2054	0	2013
2202	0	1956
2323	0	2155
2301	0	2106
1941	0	2312
2206	0	2572
3413	1	1988
2194	1	1988
3414	0	2020
1942	1	1962
3415	0	2663
2953	0	2138
2172	0	3343
2032	0	2576
1995	0	3094
2103	0	2580
1998	0	2766
2744	1	2247
3416	0	2457
2023	0	3243
3417	0	2717
3418	1	1988
1975	0	2668
3419	1	1988
2320	0	2722
2029	0	2097
3420	1	1988
1993	0	2003
2268	0	2035
2054	0	2449
2032	0	2095
2094	0	2674
1937	0	2760
2118	0	3278
2339	0	2664
2694	0	2331
3421	0	2471
3422	0	1950
2265	0	2474
3423	1	1988
2077	0	3424
2539	1	1988
2172	0	3301
3425	0	1936
3426	1	1988
2025	0	2381
2088	0	2144
3427	0	2778
3428	1	1988
3429	1	1988
3430	0	2717
2635	1	1988
3431	1	1988
3432	0	2344
2265	0	3301
1989	0	2100
2178	0	2512
2441	1	2017
2090	0	2485
1993	0	3220
3433	1	1988
2172	0	3000
2580	1	2160
2176	1	2085
1973	0	2788
1985	0	2232
2301	0	2672
2147	0	2580
2092	0	2198
3434	0	2471
3435	0	2151
2688	0	2438
1943	0	2442
2029	0	2207
2893	1	2167
2596	0	3124
1998	0	2704
2779	1	2085
2497	1	1972
3436	1	1988
3437	0	2020
1995	0	2166
1975	0	2095
2197	0	2499
3438	0	2157
2044	0	2160
2490	0	2106
2579	1	2957
1959	0	2396
3439	0	2317
2139	0	2263
1990	1	2001
3010	1	2167
3440	0	2583
2025	0	2281
2054	0	2923
1993	0	2673
2645	1	2247
2005	0	2331
1933	0	3245
3441	0	2143
2204	0	2385
2096	0	2674
3442	0	2843
2002	0	2255
2025	0	2043
3360	0	2324
3443	0	3264
1995	0	2644
2559	1	2167
2032	0	2668
2648	1	1962
1993	0	3444
2010	0	2590
3445	0	2522
3034	0	2622
2077	0	2284
2629	1	2957
2399	0	2607
2025	0	2234
2047	0	2053
2501	1	2373
3151	1	1972
2010	0	2479
1941	0	1948
2047	0	3071
1999	1	1972
3446	0	2589
1983	0	1976
2067	1	1962
2172	0	3139
2023	0	1990
2265	0	2310
1977	0	3124
3145	1	2085
2023	0	2703
2077	0	3012
2996	0	2294
1939	0	3418
2227	0	2365
2797	0	2011
2740	0	2917
3012	1	1972
2096	0	2351
3447	0	2895
3116	1	2001
2301	0	2497
3448	1	1988
1983	0	2450
1977	0	2631
2047	0	2275
2118	0	2913
2303	0	2736
1941	0	2192
2852	0	2668
2303	0	2013
2323	0	2951
3449	1	2138
2303	0	2502
1947	0	2609
3450	1	2794
2490	0	2368
2044	0	2279
2094	0	2572
3451	0	3022
2029	0	2992
3452	1	2138
1937	0	2652
2047	0	2444
2852	0	2576
1993	0	2698
3453	0	2042
1995	0	3144
2187	0	2332
1977	0	2294
2320	0	1978
2670	1	2608
2227	0	2657
2747	1	2001
2025	0	2189
2139	0	1974
1998	0	2302
2025	0	2086
2329	0	3036
3454	0	2881
2047	0	2724
2268	0	2865
3029	1	2017
2963	0	2600
2320	0	2207
3455	0	2143
2206	0	2040
2044	0	2104
1941	0	2536
3456	1	1988
3311	1	2001
2027	0	2960
2462	1	1962
1959	0	2159
3457	0	3458
1955	0	2335
2101	0	2189
2025	0	2244
2147	0	2788
3459	0	2260
2047	0	2736
3460	0	2951
2787	0	2040
2023	0	2894
2005	0	2825
1947	0	2084
2022	1	1972
3461	1	1988
2005	0	2536
2023	0	2349
2736	1	2167
3462	0	2706
3463	0	2437
2066	0	2473
2066	0	2461
3464	0	2541
3333	0	2695
3465	1	1988
2829	1	1962
3034	0	2600
2297	0	2766
1983	0	2244
1959	0	2885
3466	1	1988
3467	0	1976
2323	0	2978
3468	0	2541
2172	0	3172
2268	0	3044
3469	0	2466
2005	0	1976
2066	0	2825
1983	0	2149
2272	0	2608
2005	0	2714
2005	0	2849
1995	0	2669
2077	0	3147
2023	0	2564
2088	0	2089
2010	0	2572
3470	0	2437
2047	0	2923
1995	0	2575
3471	1	1988
2139	0	2885
3472	0	2717
1953	0	2223
2797	0	2819
2682	0	2207
3473	0	3081
2329	0	2091
1998	0	2224
2139	0	2104
2029	0	2401
2398	0	2722
2037	0	2889
3474	0	2803
2029	0	2687
2797	0	2152
3475	0	2762
2787	0	2590
2184	0	3262
2320	0	2424
1983	0	2385
2037	0	2254
3297	1	1968
2032	0	2244
2172	0	2749
2090	0	3245
1953	0	3287
2066	0	2148
2029	0	2614
2410	0	2665
3476	0	2545
2172	0	2310
2005	0	2185
3424	1	1972
2435	0	2585
3477	1	1988
1995	0	2502
3478	0	2355
1998	0	2690
2010	0	2606
2233	0	3033
2187	0	2850
1998	0	2523
2212	0	2954
3479	0	2111
1953	0	3152
2683	1	2167
3480	0	2912
2005	0	2648
2066	0	2991
1939	0	2663
1939	0	2158
3481	0	2964
2301	0	2395
2410	0	2444
1974	1	2160
2172	0	2790
2398	0	2004
2184	0	2153
2025	0	2714
3482	1	1988
3483	0	2294
3484	0	2407
2096	0	2332
2029	0	2645
2206	0	2004
3485	0	2843
3486	0	2008
1969	0	2836
3307	1	2373
1989	0	2168
2231	0	2670
2077	0	3157
3487	0	1980
2400	1	2001
2818	0	2030
1959	0	3143
3488	0	2308
3489	0	3096
2029	0	2631
2055	1	2167
3490	0	2008
1945	0	2914
2034	0	2429
3491	0	2778
2088	0	2958
2103	0	3143
2077	0	2302
2077	0	2890
3492	0	2545
1975	0	2496
3447	0	2114
1994	1	2001
2258	0	2855
3493	0	2344
1977	0	2514
3051	1	2001
1998	0	2937
2032	0	2026
2012	0	2475
1937	0	2997
2029	0	2651
1947	0	2061
1983	0	2712
2202	0	2744
2322	1	2247
2638	0	3471
2025	0	3293
1995	0	2567
2066	0	2287
1959	0	2274
1975	0	2991
2005	0	2576
3494	0	2213
2066	0	2867
2012	0	2463
2732	1	2160
2147	0	2726
2034	0	2360
1969	0	2908
2092	0	2695
2175	0	3343
1977	0	3049
2172	0	2723
1973	0	2500
3495	0	2426
2398	0	2207
2187	0	2686
1993	0	2499
2449	1	2167
2847	1	1962
2420	0	3028
2909	0	3108
2012	0	2055
2029	0	2850
2027	0	2220
2047	0	3094
1983	0	3293
2909	0	3311
2066	0	1962
2351	1	2247
2258	0	1942
2517	0	2390
2301	0	2133
3496	0	3106
2735	0	2186
2258	0	2767
1983	0	2185
2005	0	2043
2032	0	2609
2399	0	3497
1973	0	3099
2175	0	2402
2066	0	1942
3498	0	2571
2092	0	2703
2301	0	2601
2718	1	2001
3499	0	2466
2682	0	2687
2077	0	1972
1945	0	3000
2101	0	1962
2029	0	2516
2301	0	2298
1933	0	2816
2711	0	2300
3500	1	2138
1975	0	2847
2023	0	3051
2175	0	2749
2268	0	2553
3244	1	1962
2187	0	2011
2420	0	2673
2320	0	2572
2132	1	1968
1973	0	2263
2345	1	2085
2908	1	1966
3224	1	1988
3501	0	2774
2350	0	2460
2092	0	2328
3502	0	2437
2348	1	2167
2208	1	2160
2094	0	2030
2012	0	2559
3503	0	2135
3038	1	2167
2687	1	2247
2147	0	2439
3504	0	2717
2753	1	2001
2410	0	2167
1941	0	2226
2265	0	2973
3505	1	1988
3272	0	2107
3506	0	2881
2727	0	2099
2815	1	2167
2318	1	2001
2251	0	2371
2536	1	1962
2090	0	1967
2596	0	2428
2175	0	2594
3507	0	3081
1993	0	2116
1939	0	3508
3509	0	2419
1959	0	2140
2005	0	2450
1973	0	2319
1939	0	3466
1983	0	2293
3510	0	2283
2206	0	2798
1998	0	3152
2980	0	3511
1993	0	2747
2320	0	2651
2088	0	2136
3512	1	1988
2092	0	2663
2187	0	2352
2268	0	3060
2867	1	1962
3068	0	2380
2044	0	2396
1995	0	2707
1983	0	2324
3513	0	2687
3514	0	2217
1979	0	2577
3515	0	2050
2213	1	2138
2484	1	2167
2653	0	1986
3516	0	2685
2182	0	2211
2972	0	2473
2139	0	3099
2303	0	1996
2490	0	3151
2098	0	2509
2172	0	2574
1941	0	2713
2196	1	1962
2025	0	3244
2320	0	2686
2044	0	2267
1933	0	2144
2010	0	2097
1937	0	3161
3517	0	2713
2560	1	1962
1993	0	2328
1983	0	2767
2012	0	2567
1993	0	2318
2005	0	2713
2005	0	2442
2037	0	2770
1998	0	3151
2092	0	2255
2212	0	3452
3518	1	1988
3519	0	3081
3520	0	3521
1998	0	2890
3206	0	2107
3522	0	2543
3523	1	1988
3524	0	3106
1937	0	2506
2096	0	2152
3031	0	2516
3525	0	2741
3526	1	1988
1933	0	1997
1995	0	2858
2398	0	2352
2066	0	2074
2066	0	2509
3527	0	2736
2187	0	2004
3528	1	1988
2010	0	2819
1973	0	2279
2704	1	1972
1975	0	2649
1941	0	2148
3529	0	3530
2282	0	2627
3422	0	2438
1983	0	2196
1993	0	2046
2094	0	2722
1993	0	3205
2909	0	3064
2446	0	2131
3099	1	2160
3531	0	2508
2101	0	2472
2025	0	2052
3532	0	2191
3533	1	1988
2187	0	2030
1937	0	2353
2740	0	3091
3044	1	2017
2101	0	2829
2147	0	2885
3534	0	2008
2489	1	1968
2517	0	3118
3535	0	2342
1975	0	2993
2077	0	2534
3536	0	2149
1959	0	2726
2094	0	2211
2485	1	1968
3189	0	2283
2369	1	2001
1998	0	1954
2184	0	3147
1941	0	2099
2206	0	2352
3152	1	1972
2027	0	2489
1998	0	2058
2268	0	2128
2096	0	2590
2032	0	2648
2605	0	2322
2303	0	3334
3403	0	2509
2066	0	2185
1983	0	2825
3537	0	2271
1989	0	3011
2025	0	2867
3226	0	2609
2297	0	2431
2032	0	2577
2005	0	2649
2032	0	2099
2202	0	2758
1995	0	2559
2398	0	2332
2077	0	3077
2096	0	2516
1995	0	2304
2711	0	1962
2399	0	3538
2066	0	3293
2005	0	2244
2251	0	3244
3539	0	2721
2077	0	3152
1973	0	2619
3540	0	3093
2331	1	1962
2103	0	2619
2029	0	2322
2350	0	2107
3541	0	2881
2092	0	3011
3542	0	3009
2027	0	3245
1996	1	2167
2272	0	2828
2305	0	2372
1939	0	3018
3543	0	3033
2399	0	2348
2496	1	1962
2054	0	2502
1959	0	2439
2175	0	2173
3544	0	3141
2301	0	2917
3545	0	2344
2667	1	2001
3546	0	2315
2101	0	2385
2175	0	3000
3547	0	2008
2995	0	3273
3548	0	2389
2005	0	2855
2765	1	2080
3549	0	3244
2410	0	2166
3550	0	1952
3551	0	3264
2023	0	2951
2077	0	2356
2428	1	2247
2096	0	2011
2658	1	1972
2398	0	2309
2258	0	1944
2092	0	2318
3552	0	2809
2399	0	3334
3553	0	3204
1983	0	2026
2096	0	2687
3554	0	3067
3508	1	1988
2265	0	2898
3555	0	2292
1983	0	2930
2139	0	2551
2303	0	2063
2045	1	2160
2787	0	2011
2012	0	2363
1989	0	3556
3557	1	1988
2653	0	2015
2090	0	2746
2547	1	1972
2077	0	1999
2852	0	2993
1941	0	2060
2320	0	2332
2909	0	3289
2963	0	2841
2420	0	2493
2978	1	2001
2077	0	2058
2119	1	2373
2235	0	3037
2047	0	2665
2005	0	2123
2710	0	2215
1975	0	2840
3446	0	2849
2265	0	3114
1945	0	2109
3332	1	1988
3558	0	2774
2233	0	1948
3048	1	1988
2096	0	2691
2268	0	2459
1933	0	2872
2768	0	2576
2184	0	2534
1977	0	2479
3205	1	2001
2258	0	2099
3559	0	2508
3039	1	2017
3273	1	2108
1953	0	2239
2092	0	2769
2301	0	2492
3560	0	2717
3362	0	2226
1941	0	2293
2958	1	1968
3561	0	2912
2005	0	2125
3073	0	2854
2852	0	2052
2266	1	2085
1983	0	2095
2029	0	2606
3562	1	1988
1941	0	2577
2066	0	3122
1998	0	3077
2555	0	2655
2596	0	2247
2096	0	1978
2178	0	2608
3563	0	2407
2399	0	3564
2047	0	3038
3565	0	2083
2275	1	2167
2172	0	2891
3172	1	2085
2229	0	2606
2207	1	2247
2206	0	2097
3566	1	2080
2012	0	3094
2025	0	2725
1993	0	3112
2251	0	2829
2980	0	3019
3567	0	2627
1995	0	2724
3568	1	1988
3569	0	2401
2101	0	2367
2025	0	2149
2241	1	2001
2240	0	2729
3570	0	2017
2378	0	3571
3572	0	2419
3367	0	2317
1953	0	2615
3573	0	2642
3574	0	2987
3575	0	2466
2088	0	2504
2139	0	1984
3576	0	2069
3577	1	1988
1983	0	2192
3383	1	2001
2175	0	2566
3578	0	2191
1983	0	2123
2023	0	2730
2032	0	2324
3579	1	2794
3580	0	3581
2654	0	1986
3582	1	2794
2301	0	2766
1998	0	2547
2066	0	2299
3556	1	2001
2206	0	2230
2258	0	2060
2010	0	1978
2573	1	2160
2619	1	2160
2202	0	2294
2350	0	3273
2907	1	2608
2410	0	2502
3223	0	2712
2012	0	1996
3583	0	2940
1933	0	2958
2972	0	2381
3584	0	2271
2005	0	2991
2797	0	2590
3585	0	3586
2032	0	2767
3587	0	3458
2112	0	2512
2578	0	2841
1998	0	2601
2129	1	2160
3588	0	2050
1939	0	3589
1940	1	1988
2032	0	2536
1975	0	2577
2025	0	2225
2054	0	2036
3590	0	2315
2202	0	2479
3031	0	2004
2585	1	1966
1977	0	2691
2010	0	2332
2797	0	2230
1945	0	2266
2175	0	2474
1993	0	3336
2032	0	2331
2251	0	2189
3591	0	2433
2010	0	2211
3564	1	1988
2005	0	2099
2844	0	1934
3592	1	1988
1998	0	3232
1934	1	1968
1977	0	2992
2027	0	2872
1973	0	2488
2399	0	2886
2451	0	2337
1953	0	3262
2265	0	3172
2172	0	2779
2268	0	2739
3593	0	2543
2172	0	2932
1975	0	3293
1945	0	2898
2103	0	2319
2954	1	2138
2034	0	2016
1975	0	2185
2092	0	2729
1975	0	2287
3594	1	1988
2818	0	2734
2611	1	2001
3595	0	2466
1983	0	2067
2601	1	1972
3596	0	3597
3598	0	2508
2077	0	2239
1979	0	2440
2475	1	2167
3599	0	2541
3600	0	2481
1983	0	2697
1933	0	2485
2010	0	2722
1983	0	2074
2637	1	1962
2030	1	2247
3601	0	2315
1959	0	2500
2023	0	2753
1953	0	2245
1998	0	2059
2909	0	2031
2088	0	1997
2047	0	2893
1983	0	2458
2882	1	2160
2258	0	2825
3602	0	2916
2092	0	3116
3245	1	1968
3603	0	2706
3071	1	2167
2023	0	2018
3604	0	1962
1975	0	2536
2092	0	3336
1993	0	2076
3073	0	2985
2029	0	2177
1939	0	2617
3605	1	1988
2093	1	2001
2066	0	2450
3606	0	2809
2092	0	2564
1993	0	3020
1986	1	2608
3607	1	1988
3608	0	2308
2578	0	1986
3603	0	2945
2279	1	2160
3609	1	1988
3610	0	2508
3611	0	2127
1938	1	2080
1933	0	2028
2446	0	2585
3272	0	2460
2980	0	3126
2596	0	3049
2077	0	2547
3612	0	2685
2305	0	2662
2023	0	3220
2010	0	2183
2854	1	2001
2286	0	2095
3613	1	2080
3077	1	1972
2005	0	3293
3033	1	1962
3614	0	2903
3615	0	2781
2023	0	2769
2032	0	2205
2733	1	2085
3616	0	2762
2066	0	2649
2320	0	2614
2303	0	2575
3617	0	2355
2014	0	1992
2066	0	2630
1953	0	3037
2227	0	3278
2005	0	2496
2320	0	2352
2175	0	2932
3618	1	1988
1953	0	2814
2139	0	2488
2090	0	2827
2622	1	2608
2032	0	2532
2756	0	2608
2644	1	2167
2233	0	2095
2265	0	2345
2527	1	1968
2066	0	1961
2980	0	3619
3620	0	2344
2593	0	2651
2588	1	1962
2822	1	1972
3621	1	1988
3622	0	3016
3373	1	1988
3623	0	2383
2303	0	2048
2599	0	2655
3624	1	1988
3625	0	2824
2694	0	2714
2202	0	1978
2982	0	2031
2066	0	2006
3626	0	3093
2005	0	3244
3627	0	3264
2100	1	2001
1953	0	3424
1983	0	2725
3628	0	2624
2515	1	2085
2919	0	3036
2227	0	2486
2005	0	2930
1993	0	2001
2106	1	1972
3629	0	3458
2096	0	2758
2212	0	3630
3173	0	2512
2023	0	2376
2063	1	2167
2147	0	2104
2349	1	2001
2410	0	2186
2787	0	2309
1998	0	3262
2312	1	1962
3631	0	3632
3633	0	2050
1953	0	2395
2077	0	2917
2320	0	2097
2025	0	2185
3511	1	1988
2410	0	1996
1979	0	2006
2711	0	2825
2025	0	2123
2599	0	2622
2187	0	2230
2005	0	2287
1993	0	2854
3538	1	1988
2848	0	3122
2251	0	2731
3447	0	3045
2172	0	2594
3634	0	2257
2032	0	2630
2155	1	2001
3139	1	2085
2993	1	1962
3635	0	2989
1973	0	2129
2023	0	3311
2029	0	3049
3536	0	2532
3636	0	2571
2638	0	3401
3173	0	2113
2012	0	2348
2265	0	2405
3637	0	2891
2187	0	2691
3638	0	3106
3360	0	2840
3639	1	1988
1983	0	2991
1993	0	2611
2023	0	3113
2023	0	2255
3640	0	2342
3641	1	1988
2787	0	2686
2066	0	2648
1953	0	2022
3642	0	2344
3643	0	2685
1995	0	2815
2120	0	2731
2023	0	3383
1983	0	2189
2229	0	2011
2047	0	2858
2885	1	2160
2101	0	3244
1959	0	2045
2025	0	2385
2301	0	3147
1941	0	2461
2346	0	3632
1975	0	2440
3497	1	1988
3295	0	2438
2032	0	2192
2120	0	3033
2012	0	3334
1941	0	2697
1947	0	2496
2333	1	2001
2152	1	2247
2797	0	2674
3644	0	2249
3645	0	2583
3646	1	1988
3647	0	1958
1937	0	2871
2301	0	2704
2092	0	3028
1948	1	1962
2139	0	3143
3648	0	3022
3649	0	2344
2012	0	3148
2027	0	2403
2092	0	3138
1973	0	2311
2096	0	2651
2066	0	3033
2034	0	2017
1998	0	1971
2398	0	2514
2077	0	2404
3650	0	2809
2858	1	2167
3651	0	2433
2032	0	1961
2092	0	3113
2029	0	2230
2329	0	2264
2175	0	2914
2115	0	2853
2206	0	2722
2054	0	3071
3652	0	2543
3653	0	2401
1941	0	2532
2066	0	2755
1975	0	2205
1953	0	2141
2066	0	2123
1975	0	2052
2054	0	3038
2714	1	1962
3654	1	1988
2898	1	2085
1993	0	3045
2798	1	2247
2206	0	2351
3655	0	2522
2066	0	2990
3656	1	1988
2265	0	2109
2012	0	2242
2435	0	2195
2032	0	2293
2787	0	2247
2101	0	2892
3657	0	2426
2066	0	2714
2096	0	2606
3658	0	2455
3659	1	1988
3660	0	2563
2172	0	2109
2909	0	3059
2206	0	2322
2654	0	2888
2032	0	2121
3661	0	2803
2005	0	2637
2066	0	1948
3662	0	2843
1975	0	2084
3663	1	1988
2094	0	2516
2005	0	2300
3664	0	3630
2231	0	1992
2451	0	2567
2044	0	2159
2172	0	3114
2098	0	2892
3665	0	2545
2410	0	2707
3666	1	1988
3667	1	1988
2066	0	2385
2320	0	2758
3668	0	2867
3173	0	3058
3669	0	1964
1998	0	2245
2060	1	1962
2092	0	2730
1977	0	2758
2101	0	2849
2032	0	2560
2012	0	3071
2032	0	1948
2909	0	3112
3670	1	1988
2023	0	2817
2032	0	2215
1953	0	2224
2305	0	2921
1933	0	2136
2265	0	1946
2728	0	2618
2023	0	3112
2517	0	2520
2175	0	2715
3671	0	2642
3226	0	2847
2356	1	1972
1941	0	2855
2909	0	3663
1975	0	2244
1983	0	2121
2175	0	3145
2118	0	2306
2175	0	3139
3110	0	3067
3672	1	1988
1977	0	2651
2265	0	2891
3673	1	1988
2025	0	2496
1973	0	2551
1975	0	2299
2215	1	1962
3674	0	2824
2410	0	2463
1959	0	2882
2187	0	2183
2303	0	2683
2044	0	2573
2147	0	2170
3481	0	2841
1975	0	2290
1933	0	2827
2029	0	2004
2172	0	2715
2980	0	2529
2027	0	2091
1983	0	2205
2034	0	2889
2490	0	2239
2092	0	3051
2530	0	2514
3675	0	2207
2378	0	3319
1983	0	2442
2005	0	2067
2205	1	1962
2012	0	2167
3676	1	1988
2120	0	3293
1993	0	2729
2092	0	2349
2029	0	2428
2787	0	2798
1945	0	2173
1975	0	2026
2005	0	2993
2092	0	3205
2963	0	2622
2909	0	3336
2681	0	2192
1953	0	2672
2029	0	2514
2297	0	3157
2240	0	2667
3677	0	3678
2202	0	2246
2263	1	2160
1998	0	2822
3679	0	2135
3680	0	2419
2032	0	2462
1983	0	2472
3037	1	1972
3681	0	2437
2066	0	2367
1983	0	2043
3682	0	2862
2054	0	2559
3683	0	2481
1953	0	2917
2182	0	2674
2458	1	1962
2901	0	3046
1933	0	2220
2206	0	2686
2023	0	2941
2118	0	2845
1993	0	2985
2537	1	2017
2044	0	2726
1998	0	3424
2054	0	2548
1960	1	2160
2303	0	3038
2614	1	2247
3684	0	2809
2258	0	2192
1977	0	2335
1983	0	3244
2231	0	2907
1945	0	2402
1993	0	1990
2029	0	2352
2025	0	2290
3685	0	3081
2303	0	2724
3686	0	2987
2852	0	2649
2662	1	2373
3687	0	2260
2098	0	2367
2025	0	2630
2029	0	2744
3688	0	3120
3689	1	1988
1945	0	2749
1945	0	2515
3690	0	3081
3691	0	2165
2301	0	2340
2139	0	2279
2797	0	2687
2791	1	2017
3692	0	2558
2034	0	2984
1983	0	2290
2568	0	2074
2297	0	2133
1953	0	2492
2005	0	2473
3693	0	2217
2297	0	2368
2092	0	2100
1998	0	2078
1993	0	2349
3694	0	2809
2596	0	2631
2303	0	2484
2303	0	2483
1941	0	2205
2388	1	2391
1933	0	2105
2290	1	1962
2357	1	2017
1953	0	2873
2096	0	2514
1977	0	2203
3481	0	2608
2301	0	2523
3293	1	1962
2212	0	3449
3695	0	2778
2398	0	2351
3696	0	2217
2005	0	2225
2103	0	2788
2258	0	2713
2410	0	2915
3697	0	3178
2875	1	2001
2301	0	1954
3698	0	2407
2301	0	2431
2005	0	1942
3079	1	2391
3543	0	2299
2852	0	2033
1953	0	2298
2175	0	2515
2037	0	2017
1975	0	2637
2251	0	2892
2092	0	2698
2797	0	2734
2303	0	2893
1959	0	2263
3113	1	2001
2096	0	2207
2301	0	2058
3699	1	1988
3700	0	3081
1993	0	3116
3701	0	2843
2984	1	2017
2034	0	2533
3702	0	2135
3660	0	2561
2578	0	2964
2819	1	2247
3703	0	2152
2054	0	3144
1947	0	1980
3704	0	2344
3705	1	1988
2172	0	2181
2268	0	3184
3706	0	1936
1941	0	2462
3707	0	2069
2066	0	1944
1993	0	3036
1939	0	3340
3708	0	3113
2340	1	1972
3220	1	2001
2025	0	2532
2027	0	2504
3709	0	3710
2086	1	1962
2077	0	2822
3711	0	2466
3712	1	1988
2036	1	2167
2268	0	2360
3713	0	2342
2240	0	2910
2029	0	2798
3714	0	2317
3715	0	2680
2012	0	2743
3716	0	2426
2361	0	2661
2077	0	2640
2850	1	2247
2187	0	2273
3717	1	1988
2265	0	2790
3718	0	2604
3719	0	2151
2092	0	2400
3669	0	2809
3720	1	1988
2103	0	2279
2047	0	3334
2303	0	2559
1995	0	2548
2578	0	2828
2014	0	2670
2092	0	2493
2303	0	2548
2077	0	2814
2654	0	2907
3047	0	3528
2025	0	2252
2711	0	2026
3721	0	3081
1983	0	2052
2092	0	1990
2410	0	2304
1995	0	3038
3722	0	2571
2740	0	2188
3723	0	3022
1973	0	2573
2032	0	2381
2023	0	2895
2227	0	2373
2410	0	2475
2103	0	3099
2052	1	1962
2077	0	2664
2206	0	2516
3724	1	1988
2032	0	2148
3266	1	1988
3725	1	1988
1989	0	3383
2983	0	2438
3726	0	2111
2094	0	2183
2037	0	3044
2206	0	2309
1959	0	2160
3045	1	2001
2435	0	2661
2517	0	2393
3727	0	2945
1977	0	2606
2032	0	2697
2593	0	3124
3728	0	1964
2092	0	2114
2387	0	3118
3729	0	2326
2025	0	2648
2297	0	3424
2555	0	2600
3730	0	2558
1933	0	2430
2941	1	2001
2265	0	2723
1983	0	3122
2029	0	3124
3731	0	2283
3732	1	1988
2092	0	3556
1975	0	2033
2066	0	2061
3733	0	2471
3734	0	2326
1975	0	2099
3735	0	3016
1983	0	1948
3736	0	2232
2012	0	3038
3571	1	2957
3737	1	1988
3738	0	2020
3739	1	1988
2130	0	2908
2025	0	2458
2410	0	3148
2147	0	2159
2088	0	2091
3740	0	2508
3741	0	2989
3742	1	1988
3743	0	2371
2012	0	2548
1975	0	1948
2147	0	3099
3232	1	1972
2066	0	2290
2921	1	2373
3619	1	1988
2211	1	2247
2118	0	2501
2038	1	2017
2027	0	2430
1937	0	3566
3744	1	1988
2269	1	2001
1995	0	2449
3745	1	2794
2005	0	2712
2034	0	2865
1993	0	3243
2014	0	2907
2265	0	2181
3746	1	1988
3747	0	3632
2005	0	3122
3748	1	1988
2909	0	2894
2092	0	2611
3749	0	2543
3750	0	2317
2735	0	2444
2660	1	1972
3751	0	3106
2410	0	2242
2092	0	2024
3752	0	2717
1935	0	2157
2012	0	2683
1941	0	2767
1933	0	2746
3753	0	2695
3754	0	2843
2066	0	2026
3755	0	2355
3675	0	2230
3756	1	1988
2551	1	2160
2268	0	2193
2202	0	2177
2212	0	3500
3731	0	2627
3757	1	1988
1993	0	2846
2187	0	2152
2431	1	1972
3758	0	2383
3759	0	3760
3336	1	2001
2023	0	2328
2578	0	2113
1995	0	2055
3761	0	2352
2175	0	2266
2032	0	2060
2066	0	2084
2518	1	2391
3762	0	2881
2092	0	3001
1933	0	2174
3763	0	2249
2066	0	2847
3764	1	1988
2495	0	2668
2555	0	2608
2265	0	2733
3765	0	2685
2451	0	2363
2025	0	2060
3766	0	2326
1953	0	2340
2320	0	2203
1941	0	3122
2836	1	1966
1983	0	2300
2301	0	2660
2297	0	3077
1993	0	2469
1939	0	3413
2032	0	2867
2268	0	3029
2173	1	2085
2066	0	2043
2399	0	3006
3767	1	1988
2023	0	2663
3768	0	3444
2909	0	2210
2034	0	2877
2010	0	2030
2066	0	3244
2251	0	2281
2694	0	2215
2005	0	2755
3351	1	2138
2029	0	2734
1973	0	2726
3769	0	2315
3770	0	3183
2268	0	2884
3352	0	2590
3143	1	2160
1993	0	2241
2035	1	2017
2113	1	2608
3771	0	2069
2005	0	2196
2044	0	3099
1998	0	2395
2005	0	2509
2430	1	1968
2204	0	2840
3753	0	2816
1975	0	2714
2066	0	2697
1933	0	2960
1969	0	2585
1953	0	2834
2092	0	2116
3772	0	3202
2044	0	2439
2258	0	2225
1983	0	2532
3342	0	2627
3147	1	1972
3773	1	1988
2387	0	2390
2103	0	2551
2204	0	1976
2892	1	1962
3774	0	2426
2711	0	2052
3091	1	1972
1977	0	2246
3775	0	2308
2066	0	2731
3776	0	2157
2640	1	1972
3777	0	2843
2339	0	2223
2251	0	2367
2077	0	3208
3778	0	2111
2450	1	1962
3779	0	2862
2029	0	2351
2297	0	3152
1998	0	3037
2090	0	2504
2066	0	2244
2012	0	2502
2094	0	2332
2840	1	1962
2047	0	2414
3780	0	2571
2182	0	2590
2037	0	2628
2851	1	1968
3781	0	2685
2901	0	2117
1977	0	2322
2787	0	2674
2334	1	2138
2172	0	2976
2130	0	2447
3068	0	3571
2420	0	2561
2298	1	1972
1983	0	2589
1945	0	3145
1945	0	3139
3782	0	2355
3444	1	2001
1941	0	2509
2590	1	2247
2265	0	2976
2187	0	2734
3783	0	2945
2047	0	2209
3243	1	2001
2130	0	2905
3784	0	2111
2375	0	3020
3785	0	2522
1993	0	2093
3786	1	1988
1983	0	1961
3144	1	2167
2023	0	3556
2305	0	3307
2755	1	1962
1995	0	2923
2047	0	2575
2301	0	2658
1941	0	2121
2399	0	3705
2139	0	2439
2578	0	2608
2037	0	2884
2099	1	1962
2010	0	2424
2121	1	1962
2005	0	2472
1955	0	2294
2197	0	2001
3787	0	2257
2025	0	2287
3788	0	2545
2212	0	3789
2005	0	2234
2647	0	2148
1985	0	2907
2818	0	2211
2090	0	2028
2980	0	2359
2787	0	2097
1939	0	3070
3790	1	1988
1937	0	3613
1993	0	2875
2301	0	2284
2184	0	2497
3791	0	2956
2387	0	2771
2605	0	2722
2077	0	2340
3792	0	3106
2172	0	2733
2088	0	2430
3793	0	2009
2361	0	2908
2005	0	2074
2901	0	3568
2025	0	2067
2930	1	1962
2092	0	2875
2238	1	2160
3794	0	2419
2034	0	2357
1955	0	2177
3795	0	2522
2268	0	2628
2517	0	3079
2037	0	2877
3049	1	2247
2697	1	1962
2118	0	2372
3796	0	2583
1941	0	2074
2653	0	2670
2895	1	2001
3589	1	1988
2005	0	2371
1975	0	2473
2077	0	3151
1953	0	2890
2023	0	1994
2303	0	2475
2054	0	3148
3797	0	1952
1993	0	2024
1983	0	2560
2005	0	1962
2399	0	2483
2025	0	2757
2077	0	1954
3798	0	2309
2027	0	1968
2092	0	2499
2023	0	3011
2946	0	2627
2047	0	3144
2077	0	2615
2147	0	2311
2825	1	1962
3799	1	1988
3800	0	2419
2044	0	2732
1983	0	2757
2182	0	2687
3630	1	2138
1995	0	2167
1975	0	3033
1975	0	2148
2004	1	2247
2034	0	3039
2245	1	1972
3801	0	2713
1992	1	2608
2037	0	3184
1933	0	1968
2410	0	3144
2324	1	1962
3802	0	2008
1995	0	2444
3803	1	1988
2421	1	2017
2410	0	2923
2023	0	2400
2711	0	2381
2092	0	2951
2005	0	2290
1985	0	2888
2005	0	2458
3804	0	2828
2578	0	2512
2025	0	1942
2025	0	2767
1983	0	3033
2023	0	2003
2096	0	2030
2594	1	2085
3805	0	3022
2982	0	2369
1953	0	2822
2172	0	2266
1955	0	3124
2023	0	3444
3806	0	3586
2258	0	2074
1977	0	2309
2096	0	2230
3352	0	2401
3807	0	2642
2032	0	2840
2578	0	1992
2376	1	2001
2599	0	2556
3227	0	2263
2005	0	2009
2329	0	1997
2301	0	3262
3111	1	2080
2301	0	2239
3808	1	1988
1983	0	2755
1975	0	2609
1959	0	2551
2066	0	2725
1945	0	2085
2118	0	2662
3809	0	1952
1959	0	1974
2303	0	2567
1947	0	2043
2894	1	2001
2012	0	2275
1937	0	2079
1941	0	2009
2581	0	2732
1941	0	2588
2088	0	2485
1993	0	2100
2268	0	2016
2593	0	2722
2564	1	2001
2468	0	2866
2032	0	2847
2300	1	1962
2915	1	2167
2012	0	2209
1953	0	2302
2206	0	2614
3810	0	3160
3811	0	2803
2027	0	1997
3812	1	1988
2787	0	2152
2092	0	2753
2258	0	2509
2092	0	3444
1998	0	2356
2023	0	2698
1973	0	2104
2077	0	2897
2398	0	2401
3813	0	2862
3814	0	2466
2664	1	1972
3815	0	2940
2606	1	2247
3816	0	2511
2010	0	2177
2444	1	2167
2410	0	2409
1933	0	2998
3510	0	2627
3817	0	1936
2596	0	2335
2849	1	1962
2439	1	2160
2197	0	3311
3818	1	1988
2066	0	2767
2410	0	2363
2281	1	1962
2297	0	2873
2037	0	2421
2265	0	2505
3102	1	2080
3819	0	2642
2025	0	2991
2023	0	2866
3184	1	2017
1953	0	1999
2410	0	3094
2032	0	2712
3820	0	3022
3821	0	2260
2268	0	2441
1969	0	2447
2066	0	2300
2258	0	3122
2206	0	2424
2914	1	2085
1995	0	2337
2335	1	2247
3822	1	1988
3253	1	1988
2066	0	2577
1945	0	3343
3068	0	2957
3789	1	2138
2123	1	1962
3567	0	2283
3823	1	1988
2010	0	2614
1970	1	1966
2147	0	2208
2739	1	2017
3415	0	2894
3068	0	2579
3824	0	2685
2323	0	3624
3352	0	2645
2032	0	2006
3825	0	2146
2096	0	2211
2273	1	2608
1983	0	2892
2023	0	2978
3826	0	2706
2066	0	2840
1959	0	2279
2909	0	2922
3827	0	2419
1953	0	2188
2101	0	2281
2047	0	2548
1983	0	2855
2029	0	2294
2301	0	2690
2303	0	3010
2025	0	2930
3828	0	3264
1983	0	2496
2178	0	2273
3061	1	2080
3031	0	2691
1998	0	2672
2118	0	3307
1983	0	2990
2268	0	2770
2251	0	2450
2909	0	3193
1993	0	2369
2503	0	2960
3829	0	2778
1977	0	2207
2187	0	2351
3830	0	2455
2398	0	2614
2054	0	2669
1993	0	2769
1998	0	2404
2303	0	2348
1983	0	2849
2029	0	1956
2855	1	1962
2029	0	2572
3831	0	2471
2047	0	2683
2268	0	2984
1993	0	2597
1959	0	2311
2025	0	2588
2077	0	3345
2202	0	2335
1973	0	2208
2005	0	2990
1998	0	2106
3832	0	3586
2596	0	2744
3833	0	2774
2301	0	2640
3703	0	2798
3834	0	3835
2103	0	2311
3836	0	2762
3837	0	2057
2023	0	2618
3838	1	1988
2096	0	2734
3334	1	2167
2023	0	2168
2032	0	2084
2681	0	2536
3839	0	2135
3288	0	2990
2139	0	2319
2005	0	2084
2195	1	1966
2985	1	2001
2044	0	2170
3840	0	2543
2227	0	2501
2092	0	2817
1933	0	2374
2738	1	1988
2330	0	2847
3841	1	2794
2224	1	1972
3842	0	3264
2037	0	2201
1995	0	2222
1975	0	2215
2866	1	2001
2054	0	2644
2303	0	2743
3843	0	2719
1953	0	2704
1943	0	2930
2184	0	1999
2139	0	2267
1998	0	2834
1933	0	2489
3844	0	2315
2771	1	2391
3296	1	2080
2025	0	2440
2193	1	2017
2182	0	2819
2149	1	1962
3845	0	2111
1959	0	2732
2818	0	2183
2025	0	2840
1983	0	2009
1941	0	2990
3846	1	1988
1947	0	2462
1975	0	1980
2096	0	2572
2130	0	1970
2131	1	1966
2233	0	2061
2025	0	2755
3847	0	2157
2010	0	2514
2711	0	2840
2139	0	2238
2235	0	2672
2044	0	2580
1973	0	2045
2023	0	2561
2066	0	1976
2503	0	2827
2178	0	2964
2077	0	2523
2175	0	2779
1978	1	2247
2446	0	2905
2088	0	2264
1977	0	2722
1993	0	2155
2047	0	2707
2301	0	2664
2303	0	2055
1995	0	3334
3848	0	2260
2512	1	2608
2272	0	2841
3319	1	2957
3849	0	2803
2032	0	3033
2991	1	1962
2139	0	2619
2032	0	2299
2077	0	2022
2128	1	2017
2025	0	2462
3850	0	2543
3268	1	2080
2192	1	1962
2147	0	2073
2504	1	1968
2032	0	2009
2258	0	2536
2094	0	2798
2147	0	2319
2451	0	2484
3851	0	2294
2025	0	2293
2025	0	2713
3852	0	3204
1941	0	1944
3036	1	2001
2731	1	1962
2077	0	2106
3853	0	2146
1995	0	2348
2302	1	1972
2235	0	2404
1998	0	3287
1937	0	3346
2147	0	2238
3854	0	3180
2077	0	2742
3195	1	1988
2092	0	1994
1941	0	2755
2077	0	2937
3660	0	2493
3855	0	2751
2404	1	1972
2197	0	3556
2184	0	2245
2410	0	2063
2175	0	2085
2852	0	2300
3856	0	2191
3857	0	3180
2032	0	1944
2686	1	2247
2103	0	2208
2303	0	2858
2090	0	2374
2435	0	1966
2268	0	3030
2184	0	2814
1983	0	2867
3858	0	2271
3859	0	2191
3860	0	2721
1998	0	2284
1973	0	2170
1993	0	3556
2054	0	2463
3861	1	1988
2410	0	2724
1973	0	2159
3862	1	1988
1973	0	2140
3863	0	2189
1995	0	2053
2066	0	2993
2047	0	3148
3864	0	2832
2025	0	2299
3865	0	2257
2198	1	2001
2034	0	2201
2023	0	2389
2054	0	2915
2681	0	2577
2665	1	2167
