791	1122
510	1929
283	2064
110	1176
679	1638
855	1802
344	1675
695	1210
884	1501
811	2137
274	1767
292	1892
392	1874
36	1422
216	1393
35	1268
580	1805
221	1867
511	1424
164	1803
83	1647
830	1768
241	1612
79	1498
847	1648
903	2109
785	2016
346	1611
1011	1642
381	2050
84	1227
1037	1938
665	1286
973	1865
10	1279
95	1191
24	1750
955	1469
168	1515
688	1179
809	1442
1021	1276
192	2038
748	1673
988	1545
305	1726
597	1666
117	1643
121	1118
111	1443
525	1359
822	2148
322	1496
709	1981
1056	1722
14	1232
204	1702
239	1167
462	1688
905	1797
985	1507
583	1882
315	1189
965	1795
582	1610
179	1245
673	1997
1033	1327
742	1906
358	2029
704	1697
503	2082
684	2065
480	1262
156	1686
258	2063
464	1450
1018	1298
869	1978
178	1540
994	1809
678	2118
486	1927
196	1829
445	1996
272	1433
1047	1953
546	1690
813	1848
784	1387
317	1196
12	1576
498	1976
352	1680
11	1380
441	1078
666	1247
554	2012
1071	1503
741	1472
513	2140
86	1209
399	1510
80	1151
605	1343
213	1711
388	1438
734	1890
44	1639
1029	1641
725	1237
251	1910
477	1106
970	2007
661	1772
648	1786
22	1504
432	1419
147	1137
1030	1696
265	1077
191	1214
960	1567
146	1769
1027	1622
518	1097
51	1598
342	1509
951	1658
517	2040
521	1852
932	1305
334	1149
356	2053
603	2037
199	1625
966	1876
397	1436
170	2049
380	1079
1010	1524
99	2022
817	1582
1053	2092
165	1635
1007	2003
975	1881
833	1757
1044	1165
106	1423
763	1589
984	1983
667	1817
874	2091
308	1818
120	1766
650	1267
90	1344
912	1265
467	1842
88	1405
940	1547
957	1188
412	1943
536	1657
839	1202
948	1738
302	1695
63	1457
814	1117
415	1558
886	1594
306	2035
974	1386
821	2005
914	1828
373	1086
188	1595
718	1439
361	1381
591	1928
563	1468
801	1751
993	1991
58	1452
800	1324
983	1313
664	1297
739	1357
519	1541
528	1584
928	1421
18	1263
122	1403
96	1123
755	1193
997	1532
131	2108
43	1537
1032	1326
231	1207
615	1183
442	1492
15	1352
154	1887
867	1488
309	1323
559	1091
50	1211
891	2090
627	1367
1065	1528
366	1692
1074	1395
1038	1676
569	1278
303	1775
285	1365
846	1720
473	1260
375	1200
1017	1669
533	2072
802	1169
774	1831
160	1672
692	1964
865	1370
963	2122
916	2071
401	1463
964	1523
34	1161
252	1531
345	2106
879	1716
471	1316
451	2083
487	2147
410	1897
1023	2133
619	2138
240	1090
606	1592
331	1607
850	1685
492	2099
360	1652
391	1975
512	1345
276	1937
429	1201
653	2128
139	1808
235	1143
233	1266
923	1843
311	1140
52	1382
330	1987
535	1718
108	1437
732	1258
507	1284
604	2145
378	1994
981	1314
87	1102
185	1185
210	1154
455	1835
16	1103
585	1351
586	1917
864	1581
956	1372
493	1729
594	1160
31	1171
127	2104
245	2045
172	1489
735	1322
537	1459
173	1556
625	1990
219	1401
977	2142
340	1093
101	1565
516	1417
428	1586
794	1678
481	1710
476	2020
683	1318
927	1888
175	1455
129	1665
9	1807
155	1602
544	1839
549	1174
40	1248
621	1505
632	1520
577	1608
439	1142
217	1600
610	1653
123	1789
1035	2025
600	1546
686	1930
208	2034
314	1776
1025	1570
576	1684
601	2130
458	1573
475	1880
205	1111
4	1092
623	2073
395	1485
161	1252
435	1163
551	2039
277	1377
804	1778
646	1872
365	1162
980	1585
255	1445
690	1198
418	2100
1059	1741
304	1190
1004	1777
1062	1925
454	1244
457	1328
636	1719
483	1317
279	2143
757	2139
488	1292
1008	1282
81	1534
711	1444
278	1480
113	1640
371	1992
759	1529
556	1098
39	1390
54	1397
468	1483
232	1471
901	1411
933	2129
899	1661
608	1100
522	1877
538	2043
1060	1902
326	1944
316	2044
904	1599
897	2010
941	1526
539	1129
566	1909
1063	1810
1019	1698
805	1681
944	2008
740	1781
501	1516
779	1879
828	1850
883	2132
148	1135
320	2127
766	1309
416	1384
808	1175
593	2131
57	1431
1073	1780
229	1366
202	1717
702	2032
45	1319
592	2058
459	1985
972	1173
237	1206
614	1885
630	2013
118	1215
26	2074
474	1249
153	1591
420	1281
203	2077
687	2078
836	1434
571	1243
437	1408
657	1804
922	1970
752	1178
355	1461
187	1428
698	1941
257	1220
212	1435
65	1259
150	1087
162	1139
902	2030
32	1148
900	1860
751	1604
260	1153
1050	1353
430	2105
719	1293
564	1815
638	1339
930	1429
656	2079
770	2028
321	1239
141	1127
1072	1984
708	2134
19	1261
67	1115
169	1371
227	2059
370	1679
431	1739
463	1369
967	1704
318	1731
452	1230
411	1158
323	1916
194	1466
390	1235
524	1311
157	1511
275	1616
616	1884
220	1649
434	2097
288	1336
841	1754
716	1826
338	1849
1020	1364
363	1406
436	1915
622	1287
706	1548
92	2017
598	1464
312	1289
969	1655
1009	2046
93	1951
560	1379
786	1689
799	1954
287	1222
140	1553
753	1856
590	2018
726	1375
209	1921
23	1186
958	1195
70	1668
514	1342
228	2111
1061	1349
446	1506
82	1310
749	2047
364	1192
253	1089
617	1615
873	1989
924	2096
132	1886
291	1108
201	1187
772	1519
91	1674
384	1476
135	1737
938	1432
848	1601
42	1296
824	1965
5	1430
500	1853
764	1995
109	1682
98	1081
837	1713
792	2042
506	1904
699	1800
803	1394
1024	1168
658	1254
989	1923
807	1425
301	1197
871	1671
651	2125
543	1761
259	1606
589	1961
612	2150
2	1744
895	2075
0	1742
343	1934
182	1270
952	1499
628	1566
832	1136
558	1572
743	1988
383	1629
843	1701
262	1998
827	1517
382	1283
490	2086
694	1544
618	1240
8	1347
28	1280
819	1798
596	1753
327	1333
177	1933
59	1294
1039	2098
1069	1578
555	1782
961	1905
1049	1574
299	2006
798	1361
793	1415
579	1752
394	1256
1013	1846
1066	2144
568	1949
133	1416
633	1391
1005	1889
456	1144
870	2057
642	2054
341	2146
215	1221
881	2123
689	1500
124	1727
542	1637
609	1110
693	1935
447	2023
6	1632
862	2149
882	1104
746	1878
116	1182
986	1857
573	1801
289	1870
906	1866
499	1912
230	2124
872	1590
440	1636
269	2119
765	1667
198	1275
776	1208
354	1785
816	1626
1064	2061
249	1449
733	2000
778	2004
992	1482
750	1758
465	2055
294	1121
624	1827
971	1613
929	1084
171	1946
541	1619
1002	1706
94	1494
379	1246
640	1147
634	1337
880	1999
987	2116
1006	2002
186	1502
206	1861
806	1478
790	1794
856	2067
286	1940
49	1806
717	1659
835	1932
491	1400
293	2095
911	1470
347	1568
290	2112
41	1132
562	1467
639	1893
782	2101
414	1723
125	1583
652	1770
787	1493
918	1779
270	2001
1045	1166
810	1257
300	1898
174	1491
264	1791
105	1962
407	1838
581	2076
570	2107
672	1832
797	1948
310	1346
599	1302
89	1522
548	1677
637	1708
145	1799
1048	2085
728	1474
887	1972
1	1099
775	2062
149	1088
730	1624
921	1458
136	1824
720	1605
587	1559
184	1146
37	1255
72	1356
663	1389
336	1373
565	1631
426	1251
1070	1614
114	1426
284	1440
1036	1542
875	1539
159	1895
949	2110
990	2024
295	1223
97	1875
119	1453
915	1300
826	1126
281	1745
103	1362
508	1712
682	1620
134	1851
422	1735
472	1774
913	1448
297	1618
575	1312
907	1212
574	2120
943	1891
707	1765
69	1164
831	1979
852	1490
631	1796
353	2009
820	1736
647	1862
183	1218
675	2031
863	1514
207	1253
224	1335
877	1341
777	1385
737	1114
479	1958
1003	2080
696	1603
953	2151
38	1773
654	1743
329	2041
359	1360
56	1204
296	1473
254	1085
61	2081
894	1465
195	2026
602	1911
398	1734
626	1398
189	1973
17	1560
945	2021
756	1894
889	1694
46	1321
211	1105
242	1530
754	1156
789	1216
325	1301
823	1112
671	1131
151	1820
595	1963
968	1691
102	1730
234	1141
107	1830
550	1264
158	1304
771	1226
1026	1623
115	1728
497	2066
866	2048
453	1952
282	1967
73	1587
1055	2117
697	1693
710	1203
449	1747
461	1833
982	1844
351	1656
722	1617
496	1446
273	2019
527	1477
348	1633
386	1903
248	1290
425	1350
385	1662
885	1913
773	2056
509	1348
745	2089
393	1816
402	1571
747	1355
423	1596
532	1150
829	1883
584	1650
460	1609
991	1481
126	1184
898	1811
713	1845
705	1814
815	1402
858	1724
75	1871
466	1855
85	1368
643	1715
377	1575
74	1157
674	1295
1034	1914
504	1133
767	1926
701	2084
246	1409
76	1194
950	1094
71	1399
333	1732
1001	1763
1016	1299
812	1899
222	1213
655	1783
845	2126
443	1231
357	1479
166	2027
996	2087
540	1130
484	1707
860	1945
13	1116
1000	1993
712	1597
553	1764
48	1199
834	1825
744	1947
557	2033
677	1840
427	1497
762	1538
1075	1822
731	1236
307	1784
588	1896
935	1219
959	1834
842	1819
893	1971
181	1128
478	1627
112	1080
738	1487
64	1152
1031	1974
976	1959
530	1274
55	1549
861	1555
851	1977
1058	1383
433	1771
578	1579
680	1654
978	1172
405	1759
20	1593
387	1159
700	2070
60	1272
313	1363
349	1460
263	1792
954	1670
668	1847
545	1957
256	1306
1052	1939
644	1378
261	1588
180	1329
703	1124
78	2094
324	1733
947	1388
485	2068
691	1660
920	1332
1043	1869
489	1145
796	1564
495	1931
396	1714
1042	1628
448	1224
350	1966
244	1177
100	1234
641	2115
226	2093
271	1308
876	1277
247	1291
53	1125
934	1651
607	1109
781	1554
979	1986
529	1705
937	1376
1022	1543
660	1561
681	1836
33	1508
469	1330
526	1550
128	1083
1067	1407
421	2060
369	2136
896	1755
849	1787
406	1746
238	1418
130	1513
400	1821
332	1285
670	1580
1028	2121
888	1663
27	1119
925	1512
1040	1250
444	1527
818	1936
374	1563
266	1076
104	1325
926	1687
723	1793
662	1968
339	1233
758	1374
494	1447
611	1982
531	1315
1041	1873
854	1138
892	1410
450	2036
505	1288
840	1630
520	1096
3	2011
998	1725
908	1788
502	1134
939	1107
853	1859
736	1228
919	1868
138	1170
438	1955
167	2088
613	1749
669	1303
267	1155
995	1533
567	1552
523	1748
250	1920
552	1413
676	1536
66	1229
137	1113
868	1427
218	1404
21	1101
77	1181
1012	1823
724	2113
629	1518
328	2141
659	1969
7	1864
768	1646
838	1562
482	1420
946	1095
795	2069
29	1392
280	1703
403	1525
214	1908
413	2102
367	1569
68	1358
769	1922
298	1120
721	1271
620	1901
223	1242
190	1664
999	2114
193	1644
236	1621
470	1863
176	1320
409	1551
534	1900
547	1557
962	1495
788	1960
197	1577
163	1412
337	1340
780	1756
714	1721
368	1762
572	1700
424	1414
62	1238
408	1082
243	2051
376	1924
909	1331
1046	1484
1014	1475
30	1338
890	1950
319	1699
878	1454
936	1918
917	1205
143	1462
225	1269
844	1907
152	1813
857	1634
727	1683
649	1486
389	1273
144	1790
685	2015
268	1919
362	1956
47	1180
715	1451
729	1456
417	1225
515	1740
1015	2103
419	1709
859	1217
942	2135
561	1841
25	1241
1068	1854
335	1307
645	2052
760	1535
1057	1645
910	1334
1051	1837
825	2014
931	1858
372	1441
783	1521
635	1396
1054	1942
761	1980
404	1354
142	1760
200	1812
