0	0	1
2	0	1
3	0	1
4	0	1
5	0	1
6	0	1
7	0	1
8	0	1
9	0	1
10	0	1
11	0	1
12	0	1
13	0	1
14	0	1
15	0	16
17	0	16
18	0	16
19	0	16
20	0	16
21	0	16
22	0	16
23	0	16
24	0	16
25	0	16
26	0	16
27	0	16
28	0	16
29	0	16
30	0	16
31	0	16
32	0	16
33	0	16
34	0	16
35	0	16
36	0	16
37	0	16
38	0	16
39	0	16
40	0	16
41	0	16
42	0	16
43	0	16
44	0	16
45	0	16
46	0	16
47	0	16
48	0	16
49	0	16
50	0	16
51	0	16
52	0	16
53	0	16
54	0	16
55	0	16
56	0	16
57	0	16
58	0	16
59	0	16
60	0	16
61	0	16
62	0	16
63	0	16
64	0	16
65	0	16
66	0	16
67	0	16
68	0	16
69	0	16
70	0	16
71	0	16
72	0	16
73	0	16
74	0	16
75	0	16
76	0	16
77	0	16
78	0	16
79	0	16
80	0	16
81	0	16
82	0	16
83	0	16
84	0	16
85	0	16
86	0	16
87	0	16
88	0	16
89	0	16
90	0	16
91	0	16
92	0	16
93	0	16
94	0	16
95	0	16
96	0	16
97	0	98
99	0	98
100	0	98
101	0	98
102	0	98
103	0	98
104	0	98
105	0	98
106	0	98
107	0	98
108	0	98
109	0	98
110	0	98
111	0	98
112	0	98
113	0	98
114	0	98
115	0	98
116	0	98
117	0	98
118	0	98
119	0	98
120	0	98
121	0	98
122	0	98
123	0	98
124	0	98
125	0	98
126	0	98
127	0	98
128	0	98
129	0	98
130	0	98
131	0	98
132	0	98
133	0	98
134	0	98
135	0	98
136	0	98
137	0	98
138	0	98
139	0	98
140	0	98
141	0	98
142	0	98
143	0	98
144	0	98
145	0	98
146	0	98
147	0	98
148	0	149
150	0	149
151	0	149
152	0	149
153	0	149
154	0	149
155	0	149
156	0	149
157	0	149
158	0	149
159	0	149
160	0	149
161	0	149
162	0	149
163	0	149
164	0	149
165	0	149
166	0	149
167	0	149
168	0	149
169	0	149
170	0	149
171	0	149
172	0	149
173	0	149
174	0	149
175	0	149
176	0	149
177	0	149
178	0	149
179	0	149
180	0	149
181	0	149
182	0	149
183	0	149
184	0	149
185	0	149
186	0	149
187	0	149
188	0	149
189	0	149
190	0	149
191	0	149
192	0	149
193	0	149
194	0	149
195	0	149
196	0	149
197	0	149
198	0	149
199	0	149
200	0	149
201	0	149
202	0	149
203	0	149
204	0	149
205	0	149
206	0	149
207	0	149
208	0	149
209	0	149
210	0	149
211	0	149
212	0	149
213	0	149
214	0	149
215	0	149
216	0	149
217	0	149
218	0	149
219	0	149
220	0	149
221	0	149
222	0	149
223	0	149
224	0	149
225	0	149
226	0	149
227	0	149
228	0	149
229	0	149
230	0	149
231	0	149
232	0	149
233	0	234
235	0	234
236	0	234
237	0	234
238	0	234
239	0	240
241	0	240
242	0	240
243	0	240
244	0	240
245	0	240
246	0	240
247	0	240
248	0	240
249	0	240
250	0	240
251	0	240
252	0	240
253	0	240
254	0	234
255	0	16
256	0	16
257	0	16
258	0	16
259	0	234
260	0	240
261	0	240
262	0	240
263	0	240
264	0	265
266	0	265
267	0	265
268	0	265
269	0	265
270	0	265
271	0	265
272	0	265
273	0	265
274	0	265
275	0	265
276	0	265
277	0	265
278	0	265
279	0	265
280	0	265
281	0	265
282	0	265
283	0	265
284	0	265
285	0	265
286	0	265
287	0	265
288	0	265
289	0	265
290	0	265
291	0	234
292	0	234
293	0	240
294	0	265
295	0	265
296	0	240
297	0	240
298	0	240
299	0	240
300	0	240
301	0	240
302	0	240
303	0	265
304	0	265
305	0	265
306	0	265
307	0	265
308	0	265
309	0	234
310	0	234
311	0	234
312	0	234
313	0	234
314	0	240
315	0	234
316	0	234
317	0	234
318	0	234
319	0	234
320	0	234
321	0	234
322	0	234
323	0	234
324	0	234
325	0	234
326	0	234
327	0	234
328	0	234
329	0	234
330	0	234
331	0	234
332	0	234
333	0	234
334	0	234
335	0	234
336	0	234
337	0	98
338	0	265
339	0	265
340	0	265
341	0	265
342	0	265
343	0	265
344	0	16
345	0	16
346	0	265
347	0	265
348	0	265
349	0	265
350	0	265
351	0	98
352	0	98
353	0	265
354	0	265
355	0	265
356	0	265
357	0	265
358	0	359
360	0	98
361	0	98
362	0	98
363	0	98
364	0	98
365	0	98
366	0	98
367	0	98
368	0	98
369	0	98
370	0	98
371	0	98
372	0	98
373	0	98
374	0	98
375	0	98
376	0	98
377	0	98
378	0	98
379	0	380
381	0	380
382	0	380
383	0	380
384	0	380
385	0	380
386	0	387
388	0	387
389	0	387
390	0	387
391	0	380
392	0	380
393	0	380
394	0	380
395	0	380
396	0	380
397	0	380
398	0	380
399	0	380
400	0	380
401	0	380
402	0	387
403	0	380
404	0	380
405	0	380
406	0	380
407	0	380
408	0	380
409	0	380
410	0	387
411	0	387
412	0	387
413	0	387
414	0	387
415	0	387
416	0	380
417	0	380
418	0	380
419	0	380
420	0	380
421	0	380
422	0	380
423	0	240
424	0	380
425	0	380
426	0	380
427	0	240
428	0	240
429	0	240
430	0	240
431	0	240
432	0	240
433	0	380
434	0	98
435	0	380
436	0	380
437	0	380
438	0	380
439	0	380
440	0	380
441	0	380
442	0	443
444	0	98
445	0	98
446	0	387
447	0	98
448	0	98
449	0	443
450	0	443
451	0	443
452	0	443
453	0	443
454	0	443
455	0	98
456	0	98
457	0	387
458	0	387
459	0	387
460	0	387
461	0	387
462	0	240
463	0	380
464	0	380
465	0	380
466	0	380
467	0	380
468	0	380
469	0	380
470	0	443
471	0	443
472	0	387
473	0	240
474	0	240
475	1	16
476	1	16
477	1	16
478	1	16
479	1	16
480	1	16
481	1	16
482	1	16
483	1	16
484	1	149
485	1	149
486	1	149
487	1	149
488	1	149
489	1	149
490	1	149
491	1	149
492	1	149
493	1	494
495	1	494
496	1	494
497	1	494
498	1	494
499	1	494
500	1	494
501	1	502
503	1	502
504	1	502
505	1	502
506	1	502
507	1	234
508	1	234
509	1	234
510	1	234
511	1	234
512	1	234
513	1	234
514	1	234
515	1	234
516	1	234
517	1	518
519	1	518
520	1	518
521	1	518
522	1	518
523	1	518
524	1	518
525	1	359
526	1	359
527	1	359
528	1	359
529	1	359
530	1	98
531	1	98
532	1	98
533	1	98
534	1	98
535	1	98
536	1	98
537	1	98
538	1	98
539	1	540
541	1	540
542	1	540
543	1	540
544	1	540
545	1	540
546	1	540
547	1	540
548	1	1
549	1	1
550	1	1
551	1	1
552	1	1
553	1	1
554	1	1
555	1	1
556	1	1
557	1	1
549	1	0
550	1	0
552	1	0
558	1	0
549	1	2
550	1	2
552	1	2
551	1	2
559	1	2
560	1	2
549	1	3
550	1	3
552	1	3
561	1	3
560	1	3
549	1	4
550	1	4
551	1	4
555	1	4
559	1	4
560	1	4
562	1	563
549	1	5
550	1	5
551	1	5
552	1	5
561	1	5
560	1	5
549	1	6
550	1	6
557	1	6
564	1	6
565	1	6
566	1	6
549	1	7
550	1	7
551	1	7
552	1	7
555	1	7
560	1	7
549	1	8
550	1	8
551	1	8
552	1	8
561	1	8
567	1	8
549	1	9
550	1	9
548	1	9
556	1	9
565	1	9
549	1	10
550	1	10
551	1	10
552	1	10
568	1	10
569	1	10
570	1	10
549	1	11
550	1	11
552	1	11
554	1	11
555	1	11
560	1	11
549	1	12
550	1	12
551	1	12
552	1	12
568	1	12
569	1	12
570	1	12
549	1	13
550	1	13
551	1	13
558	1	13
549	1	14
550	1	14
551	1	14
558	1	14
571	1	240
572	1	240
573	1	240
574	1	240
575	1	240
576	1	240
577	1	240
578	1	240
579	1	265
580	1	265
581	1	265
582	1	265
476	1	15
479	1	15
583	1	15
584	1	15
585	1	15
476	1	17
586	1	17
587	1	17
588	1	17
589	1	17
590	1	17
476	1	18
591	1	18
592	1	18
593	1	18
594	1	18
595	1	18
596	1	18
476	1	19
597	1	19
598	1	19
599	1	19
600	1	19
601	1	19
476	1	20
602	1	20
603	1	20
604	1	20
605	1	20
606	1	20
476	1	21
607	1	21
608	1	21
609	1	21
600	1	21
601	1	21
476	1	22
610	1	22
589	1	22
596	1	22
476	1	23
611	1	23
612	1	23
596	1	23
476	1	24
613	1	24
614	1	24
615	1	24
616	1	24
617	1	24
476	1	25
618	1	25
477	1	25
600	1	25
619	1	25
620	1	25
601	1	25
476	1	26
621	1	26
622	1	26
623	1	26
619	1	26
620	1	26
601	1	26
476	1	27
479	1	27
624	1	27
625	1	27
626	1	27
601	1	27
476	1	28
627	1	28
628	1	28
600	1	28
482	1	28
476	1	29
629	1	29
630	1	29
631	1	29
632	1	29
633	1	29
476	1	30
634	1	30
635	1	30
636	1	30
637	1	30
596	1	30
476	1	31
638	1	31
639	1	31
477	1	31
600	1	31
476	1	32
640	1	32
641	1	32
600	1	32
642	1	32
643	1	32
644	1	32
476	1	33
645	1	33
646	1	33
612	1	33
647	1	33
601	1	33
476	1	34
604	1	34
636	1	34
648	1	34
594	1	34
649	1	34
596	1	34
476	1	35
650	1	35
651	1	35
483	1	35
652	1	35
476	1	36
653	1	36
654	1	36
589	1	36
655	1	36
601	1	37
476	1	37
656	1	37
657	1	37
658	1	37
659	1	37
660	1	37
476	1	38
661	1	38
600	1	38
476	1	39
662	1	39
663	1	39
483	1	39
664	1	39
476	1	40
665	1	40
666	1	40
667	1	40
668	1	40
669	1	40
476	1	41
670	1	41
671	1	41
622	1	41
600	1	41
652	1	41
476	1	42
672	1	42
673	1	42
674	1	42
675	1	42
476	1	43
671	1	43
676	1	43
677	1	43
625	1	43
678	1	43
476	1	44
679	1	44
680	1	44
681	1	44
682	1	44
476	1	45
624	1	45
683	1	45
477	1	45
600	1	45
590	1	45
476	1	46
479	1	46
684	1	46
685	1	46
657	1	46
476	1	47
686	1	47
687	1	47
688	1	47
589	1	47
596	1	47
476	1	48
479	1	48
689	1	48
690	1	48
657	1	48
691	1	48
476	1	49
692	1	49
600	1	49
693	1	49
476	1	50
694	1	50
628	1	50
695	1	50
601	1	50
476	1	51
696	1	51
697	1	51
616	1	51
698	1	51
669	1	51
476	1	52
699	1	52
700	1	52
701	1	52
682	1	52
476	1	53
479	1	53
670	1	53
641	1	53
702	1	53
703	1	53
476	1	54
704	1	54
635	1	54
646	1	54
595	1	54
476	1	55
705	1	55
706	1	55
480	1	55
707	1	55
708	1	55
476	1	56
479	1	56
477	1	56
709	1	56
710	1	56
660	1	56
659	1	56
601	1	56
476	1	57
711	1	57
712	1	57
713	1	57
596	1	57
476	1	58
714	1	58
715	1	58
716	1	58
632	1	58
717	1	58
476	1	59
718	1	59
719	1	59
596	1	59
476	1	60
720	1	60
721	1	60
722	1	60
674	1	60
723	1	60
476	1	61
479	1	61
477	1	61
724	1	61
589	1	61
590	1	61
476	1	62
725	1	62
726	1	62
601	1	62
476	1	63
727	1	63
728	1	63
621	1	63
729	1	63
476	1	64
730	1	64
731	1	64
732	1	64
707	1	64
733	1	64
476	1	65
479	1	65
477	1	65
603	1	65
600	1	65
652	1	65
476	1	66
734	1	66
735	1	66
736	1	66
616	1	66
596	1	66
476	1	67
737	1	67
736	1	67
483	1	67
600	1	67
738	1	67
476	1	68
739	1	68
740	1	68
480	1	68
701	1	68
617	1	68
476	1	69
741	1	69
742	1	69
743	1	69
625	1	69
626	1	69
601	1	69
476	1	70
700	1	70
744	1	70
745	1	70
590	1	70
476	1	71
479	1	71
477	1	71
746	1	71
612	1	71
626	1	71
601	1	71
476	1	72
747	1	72
748	1	72
749	1	72
674	1	72
682	1	72
476	1	73
735	1	73
477	1	73
750	1	73
595	1	73
476	1	74
751	1	74
752	1	74
753	1	74
754	1	74
691	1	74
476	1	75
592	1	75
481	1	75
594	1	75
595	1	75
596	1	75
476	1	76
755	1	76
756	1	76
757	1	76
644	1	76
476	1	77
758	1	77
759	1	77
615	1	77
668	1	77
664	1	77
476	1	78
722	1	78
594	1	78
595	1	78
596	1	78
476	1	79
760	1	79
761	1	79
762	1	79
668	1	79
595	1	79
476	1	80
479	1	80
477	1	80
592	1	80
589	1	80
763	1	80
476	1	81
479	1	81
477	1	81
764	1	81
625	1	81
601	1	81
476	1	82
765	1	82
766	1	82
767	1	82
617	1	82
476	1	83
479	1	83
477	1	83
768	1	83
769	1	83
770	1	83
476	1	84
479	1	84
608	1	84
771	1	84
657	1	84
772	1	84
596	1	84
476	1	85
613	1	85
627	1	85
600	1	85
773	1	85
476	1	86
774	1	86
775	1	86
483	1	86
632	1	86
776	1	86
476	1	87
479	1	87
477	1	87
777	1	87
612	1	87
778	1	87
779	1	87
601	1	87
476	1	88
479	1	88
477	1	88
478	1	88
710	1	88
601	1	88
476	1	89
780	1	89
781	1	89
782	1	89
783	1	89
675	1	89
476	1	90
784	1	90
716	1	90
605	1	90
647	1	90
476	1	91
679	1	91
748	1	91
616	1	91
682	1	91
476	1	92
785	1	92
736	1	92
589	1	92
652	1	92
476	1	93
479	1	93
477	1	93
696	1	93
612	1	93
601	1	93
476	1	94
786	1	94
787	1	94
788	1	94
668	1	94
675	1	94
476	1	95
789	1	95
600	1	95
698	1	95
476	1	96
615	1	96
790	1	96
791	1	96
596	1	96
531	1	97
533	1	97
532	1	97
792	1	97
793	1	97
531	1	99
533	1	99
532	1	99
535	1	99
794	1	99
531	1	100
533	1	100
532	1	100
795	1	100
793	1	100
531	1	101
533	1	101
532	1	101
535	1	101
793	1	101
796	1	101
531	1	102
533	1	102
532	1	102
537	1	102
793	1	102
797	1	102
798	1	103
531	1	103
533	1	103
532	1	103
537	1	103
793	1	103
799	1	103
531	1	104
533	1	104
532	1	104
800	1	104
801	1	104
531	1	105
533	1	105
532	1	105
793	1	105
530	1	105
531	1	106
533	1	106
532	1	106
802	1	106
793	1	106
531	1	107
533	1	107
532	1	107
535	1	107
793	1	107
531	1	108
533	1	108
532	1	108
803	1	108
804	1	108
531	1	109
533	1	109
532	1	109
805	1	109
806	1	109
807	1	110
531	1	110
533	1	110
532	1	110
805	1	110
793	1	110
808	1	110
531	1	111
533	1	111
532	1	111
809	1	111
793	1	111
810	1	112
531	1	112
533	1	112
532	1	112
535	1	112
811	1	112
803	1	112
531	1	113
533	1	113
532	1	113
537	1	113
804	1	113
531	1	114
533	1	114
532	1	114
807	1	114
794	1	114
531	1	115
533	1	115
532	1	115
812	1	115
794	1	115
531	1	116
533	1	116
532	1	116
535	1	116
813	1	116
531	1	117
533	1	117
532	1	117
535	1	117
806	1	117
531	1	118
533	1	118
532	1	118
805	1	118
806	1	118
534	1	119
531	1	119
533	1	119
532	1	119
806	1	119
538	1	119
531	1	120
533	1	120
532	1	120
535	1	120
793	1	120
814	1	121
531	1	121
533	1	121
532	1	121
530	1	121
793	1	121
538	1	121
815	1	122
531	1	122
533	1	122
532	1	122
816	1	122
793	1	122
535	1	122
803	1	123
531	1	123
533	1	123
532	1	123
530	1	123
793	1	123
534	1	123
534	1	124
531	1	124
533	1	124
532	1	124
537	1	124
801	1	124
797	1	124
817	1	125
531	1	125
533	1	125
532	1	125
818	1	125
793	1	125
534	1	125
531	1	126
533	1	126
532	1	126
806	1	126
531	1	127
533	1	127
532	1	127
797	1	127
793	1	127
531	1	128
533	1	128
532	1	128
819	1	128
793	1	128
531	1	129
533	1	129
532	1	129
534	1	129
794	1	129
531	1	130
533	1	130
532	1	130
535	1	130
793	1	130
531	1	131
533	1	131
532	1	131
818	1	131
793	1	131
531	1	132
533	1	132
532	1	132
537	1	132
806	1	132
531	1	133
533	1	133
532	1	133
535	1	133
793	1	133
531	1	134
533	1	134
532	1	134
530	1	134
793	1	134
820	1	135
531	1	135
533	1	135
532	1	135
818	1	135
804	1	135
821	1	135
822	1	136
531	1	136
533	1	136
532	1	136
535	1	136
806	1	136
534	1	136
823	1	137
531	1	137
533	1	137
532	1	137
824	1	137
804	1	137
825	1	137
531	1	138
533	1	138
532	1	138
802	1	138
794	1	138
531	1	139
533	1	139
532	1	139
805	1	139
806	1	139
531	1	140
533	1	140
532	1	140
530	1	140
806	1	140
826	1	141
531	1	141
533	1	141
532	1	141
827	1	141
793	1	141
828	1	141
531	1	142
533	1	142
532	1	142
535	1	142
534	1	143
531	1	143
533	1	143
532	1	143
537	1	143
793	1	143
530	1	143
531	1	144
533	1	144
532	1	144
818	1	144
806	1	144
531	1	145
533	1	145
532	1	145
816	1	145
793	1	145
829	1	146
531	1	146
533	1	146
532	1	146
830	1	146
806	1	146
831	1	146
832	1	147
531	1	147
533	1	147
532	1	147
534	1	147
793	1	147
833	1	147
834	1	148
485	1	148
490	1	148
492	1	148
835	1	148
489	1	148
836	1	148
837	1	148
838	1	148
485	1	150
490	1	150
486	1	150
839	1	150
489	1	150
840	1	150
837	1	150
834	1	150
841	1	151
485	1	151
490	1	151
486	1	151
842	1	151
489	1	151
840	1	151
837	1	151
834	1	151
834	1	152
485	1	152
490	1	152
842	1	152
489	1	152
840	1	152
837	1	152
843	1	152
485	1	153
490	1	153
486	1	153
844	1	153
489	1	153
837	1	153
843	1	153
834	1	153
845	1	154
485	1	154
490	1	154
492	1	154
484	1	154
835	1	154
489	1	154
846	1	154
847	1	154
834	1	154
834	1	155
485	1	155
490	1	155
492	1	155
848	1	155
489	1	155
849	1	155
846	1	155
836	1	155
485	1	156
490	1	156
850	1	156
489	1	156
838	1	156
834	1	156
841	1	156
485	1	157
490	1	157
486	1	157
851	1	157
489	1	157
843	1	157
837	1	157
834	1	157
834	1	158
485	1	158
490	1	158
492	1	158
852	1	158
489	1	158
841	1	158
837	1	158
838	1	158
847	1	159
485	1	159
490	1	159
492	1	159
489	1	159
843	1	159
834	1	159
845	1	159
485	1	160
490	1	160
492	1	160
486	1	160
835	1	160
489	1	160
834	1	160
837	1	160
846	1	160
834	1	161
485	1	161
490	1	161
492	1	161
486	1	161
489	1	161
853	1	161
837	1	161
846	1	161
847	1	162
485	1	162
490	1	162
492	1	162
854	1	162
489	1	162
846	1	162
834	1	162
845	1	162
841	1	163
485	1	163
490	1	163
486	1	163
489	1	163
836	1	163
837	1	163
834	1	163
834	1	164
485	1	164
490	1	164
492	1	164
855	1	164
489	1	164
856	1	164
837	1	164
836	1	164
841	1	165
485	1	165
490	1	165
486	1	165
857	1	165
489	1	165
834	1	165
858	1	165
837	1	165
846	1	166
485	1	166
490	1	166
486	1	166
488	1	166
859	1	166
860	1	166
489	1	166
861	1	166
836	1	166
485	1	167
490	1	167
850	1	167
489	1	167
837	1	167
834	1	167
841	1	167
846	1	168
485	1	168
490	1	168
492	1	168
862	1	168
489	1	168
863	1	168
864	1	168
837	1	168
834	1	169
485	1	169
490	1	169
865	1	169
489	1	169
858	1	169
837	1	169
843	1	169
841	1	170
485	1	170
490	1	170
866	1	170
489	1	170
836	1	170
837	1	170
834	1	170
834	1	171
485	1	171
490	1	171
491	1	171
866	1	171
489	1	171
846	1	171
843	1	171
836	1	171
836	1	172
485	1	172
490	1	172
492	1	172
850	1	172
489	1	172
867	1	172
837	1	172
846	1	172
834	1	173
485	1	173
490	1	173
492	1	173
488	1	173
489	1	173
861	1	173
837	1	173
846	1	173
485	1	174
490	1	174
486	1	174
852	1	174
489	1	174
836	1	174
837	1	174
834	1	174
836	1	175
485	1	175
490	1	175
492	1	175
868	1	175
489	1	175
869	1	175
870	1	175
837	1	175
834	1	176
485	1	176
490	1	176
871	1	176
489	1	176
872	1	176
836	1	176
838	1	176
834	1	177
485	1	177
490	1	177
835	1	177
489	1	177
873	1	177
837	1	177
836	1	177
834	1	178
485	1	178
490	1	178
874	1	178
489	1	178
875	1	178
837	1	178
836	1	178
845	1	179
485	1	179
490	1	179
492	1	179
484	1	179
876	1	179
489	1	179
858	1	179
834	1	179
836	1	179
834	1	180
485	1	180
490	1	180
877	1	180
489	1	180
841	1	180
837	1	180
846	1	180
847	1	181
485	1	181
490	1	181
492	1	181
489	1	181
843	1	181
878	1	181
834	1	181
879	1	182
485	1	182
490	1	182
492	1	182
484	1	182
486	1	182
489	1	182
880	1	182
834	1	182
845	1	182
838	1	183
485	1	183
490	1	183
492	1	183
859	1	183
860	1	183
489	1	183
881	1	183
837	1	183
882	1	184
485	1	184
490	1	184
486	1	184
883	1	184
489	1	184
834	1	184
841	1	185
485	1	185
490	1	185
871	1	185
489	1	185
846	1	185
837	1	185
834	1	185
847	1	186
485	1	186
490	1	186
492	1	186
884	1	186
489	1	186
836	1	186
837	1	186
834	1	186
485	1	187
490	1	187
492	1	187
868	1	187
489	1	187
836	1	187
834	1	187
845	1	187
834	1	188
485	1	188
490	1	188
492	1	188
885	1	188
489	1	188
886	1	188
838	1	188
837	1	188
834	1	189
485	1	189
490	1	189
492	1	189
887	1	189
489	1	189
837	1	189
838	1	189
834	1	190
485	1	190
490	1	190
835	1	190
489	1	190
888	1	190
838	1	190
846	1	190
889	1	191
485	1	191
490	1	191
492	1	191
862	1	191
489	1	191
890	1	191
846	1	191
836	1	191
838	1	192
485	1	192
490	1	192
842	1	192
489	1	192
841	1	192
846	1	192
836	1	192
879	1	193
485	1	193
490	1	193
492	1	193
891	1	193
489	1	193
840	1	193
834	1	193
845	1	193
834	1	194
485	1	194
490	1	194
492	1	194
892	1	194
489	1	194
893	1	194
894	1	194
837	1	194
847	1	195
485	1	195
490	1	195
492	1	195
486	1	195
489	1	195
895	1	195
836	1	195
834	1	195
879	1	196
485	1	196
490	1	196
492	1	196
484	1	196
852	1	196
489	1	196
881	1	196
834	1	196
845	1	196
485	1	197
490	1	197
492	1	197
862	1	197
489	1	197
487	1	197
834	1	197
845	1	197
841	1	198
485	1	198
490	1	198
896	1	198
489	1	198
843	1	198
837	1	198
834	1	198
834	1	199
485	1	199
490	1	199
897	1	199
489	1	199
841	1	199
837	1	199
836	1	199
834	1	200
485	1	200
490	1	200
842	1	200
489	1	200
898	1	200
837	1	200
846	1	200
845	1	201
485	1	201
490	1	201
492	1	201
859	1	201
860	1	201
489	1	201
847	1	201
846	1	201
834	1	202
485	1	202
490	1	202
492	1	202
484	1	202
899	1	202
489	1	202
879	1	202
846	1	202
836	1	202
485	1	203
490	1	203
492	1	203
486	1	203
835	1	203
489	1	203
837	1	203
838	1	203
834	1	203
836	1	204
485	1	204
490	1	204
492	1	204
871	1	204
489	1	204
846	1	204
834	1	204
847	1	204
847	1	205
485	1	205
490	1	205
492	1	205
891	1	205
489	1	205
881	1	205
834	1	205
845	1	205
883	1	206
485	1	206
490	1	206
492	1	206
900	1	206
489	1	206
847	1	206
834	1	206
838	1	206
879	1	207
485	1	207
490	1	207
486	1	207
488	1	207
901	1	207
489	1	207
487	1	207
834	1	207
845	1	207
485	1	208
490	1	208
486	1	208
489	1	208
834	1	208
841	1	208
847	1	209
485	1	209
490	1	209
492	1	209
488	1	209
489	1	209
881	1	209
834	1	209
845	1	209
834	1	210
485	1	210
490	1	210
486	1	210
488	1	210
902	1	210
489	1	210
845	1	210
836	1	210
846	1	210
485	1	211
490	1	211
486	1	211
882	1	211
489	1	211
837	1	211
836	1	211
834	1	211
485	1	212
490	1	212
486	1	212
891	1	212
489	1	212
836	1	212
837	1	212
834	1	212
847	1	213
485	1	213
490	1	213
492	1	213
842	1	213
489	1	213
840	1	213
837	1	213
834	1	213
845	1	214
485	1	214
490	1	214
492	1	214
835	1	214
489	1	214
837	1	214
836	1	214
834	1	214
834	1	215
485	1	215
490	1	215
492	1	215
484	1	215
903	1	215
489	1	215
890	1	215
846	1	215
847	1	215
841	1	216
485	1	216
490	1	216
491	1	216
896	1	216
489	1	216
846	1	216
843	1	216
836	1	216
834	1	217
485	1	217
490	1	217
492	1	217
904	1	217
489	1	217
843	1	217
838	1	217
837	1	217
834	1	218
485	1	218
490	1	218
492	1	218
899	1	218
489	1	218
881	1	218
837	1	218
836	1	218
841	1	219
485	1	219
490	1	219
883	1	219
489	1	219
838	1	219
837	1	219
834	1	219
837	1	220
485	1	220
490	1	220
492	1	220
850	1	220
489	1	220
847	1	220
838	1	220
905	1	220
485	1	221
490	1	221
492	1	221
906	1	221
489	1	221
838	1	221
834	1	221
845	1	221
841	1	222
485	1	222
490	1	222
907	1	222
489	1	222
837	1	222
838	1	222
834	1	222
485	1	223
490	1	223
486	1	223
908	1	223
489	1	223
909	1	223
837	1	223
834	1	223
834	1	224
485	1	224
490	1	224
892	1	224
489	1	224
910	1	224
838	1	224
843	1	224
845	1	225
485	1	225
490	1	225
492	1	225
852	1	225
489	1	225
840	1	225
837	1	225
834	1	225
846	1	226
485	1	226
490	1	226
492	1	226
852	1	226
489	1	226
838	1	226
834	1	226
847	1	226
485	1	227
490	1	227
486	1	227
839	1	227
489	1	227
837	1	227
834	1	227
834	1	228
485	1	228
490	1	228
492	1	228
896	1	228
489	1	228
843	1	228
837	1	228
838	1	228
485	1	229
490	1	229
492	1	229
486	1	229
489	1	229
837	1	229
834	1	229
845	1	229
834	1	230
485	1	230
490	1	230
492	1	230
884	1	230
489	1	230
847	1	230
837	1	230
836	1	230
846	1	231
485	1	231
490	1	231
492	1	231
862	1	231
489	1	231
837	1	231
834	1	231
847	1	231
846	1	232
485	1	232
490	1	232
492	1	232
911	1	232
489	1	232
834	1	232
847	1	232
836	1	232
508	1	233
556	1	233
912	1	233
913	1	233
914	1	233
509	1	233
508	1	235
915	1	235
508	1	236
915	1	236
916	1	237
508	1	237
917	1	237
918	1	237
919	1	237
913	1	237
920	1	237
921	1	237
922	1	237
923	1	237
508	1	238
516	1	238
924	1	238
925	1	238
913	1	238
926	1	238
920	1	238
572	1	239
575	1	239
574	1	239
571	1	239
573	1	239
572	1	241
574	1	241
575	1	241
571	1	241
573	1	241
572	1	242
574	1	242
575	1	242
571	1	242
927	1	242
573	1	242
572	1	243
574	1	243
575	1	243
571	1	243
573	1	243
572	1	244
574	1	244
575	1	244
571	1	244
573	1	244
572	1	245
574	1	245
575	1	245
571	1	245
573	1	245
572	1	246
574	1	246
575	1	246
571	1	246
573	1	246
572	1	247
574	1	247
575	1	247
571	1	247
573	1	247
572	1	248
574	1	248
575	1	248
571	1	248
573	1	248
572	1	249
574	1	249
575	1	249
571	1	249
573	1	249
572	1	250
575	1	250
574	1	250
571	1	250
573	1	250
572	1	251
574	1	251
575	1	251
571	1	251
573	1	251
572	1	252
575	1	252
571	1	252
574	1	252
573	1	252
572	1	253
574	1	253
575	1	253
571	1	253
573	1	253
508	1	254
928	1	254
929	1	254
913	1	254
930	1	254
920	1	254
476	1	255
651	1	255
600	1	255
619	1	255
620	1	255
601	1	255
476	1	256
931	1	256
932	1	256
933	1	256
612	1	256
934	1	256
601	1	256
476	1	257
700	1	257
935	1	257
590	1	257
476	1	258
585	1	258
508	1	259
507	1	259
913	1	259
920	1	259
572	1	260
575	1	260
574	1	260
571	1	260
573	1	260
572	1	261
575	1	261
571	1	261
574	1	261
573	1	261
572	1	262
575	1	262
574	1	262
571	1	262
573	1	262
572	1	263
575	1	263
574	1	263
571	1	263
573	1	263
579	1	264
581	1	264
579	1	266
579	1	267
581	1	267
579	1	268
936	1	268
581	1	268
579	1	269
581	1	269
579	1	270
581	1	270
579	1	271
579	1	272
581	1	272
579	1	273
581	1	273
579	1	274
581	1	274
579	1	275
580	1	275
579	1	276
581	1	276
579	1	277
580	1	277
581	1	277
937	1	277
579	1	278
579	1	279
579	1	280
581	1	280
579	1	281
581	1	281
579	1	282
581	1	282
582	1	282
579	1	283
581	1	283
579	1	284
579	1	285
581	1	285
582	1	285
579	1	286
581	1	286
579	1	287
581	1	287
579	1	288
581	1	288
579	1	289
579	1	290
580	1	290
581	1	290
508	1	291
513	1	291
938	1	291
514	1	291
913	1	291
939	1	291
940	1	291
941	1	291
515	1	291
508	1	292
942	1	292
943	1	292
556	1	292
913	1	292
944	1	292
510	1	292
572	1	293
575	1	293
574	1	293
571	1	293
573	1	293
579	1	294
581	1	294
579	1	295
581	1	295
572	1	296
575	1	296
571	1	296
574	1	296
573	1	296
572	1	297
575	1	297
574	1	297
571	1	297
573	1	297
945	1	946
947	1	946
948	1	946
949	1	946
950	1	946
572	1	298
575	1	298
574	1	298
571	1	298
573	1	298
572	1	299
575	1	299
571	1	299
574	1	299
927	1	299
573	1	299
572	1	300
575	1	300
571	1	300
574	1	300
573	1	300
572	1	301
575	1	301
574	1	301
571	1	301
573	1	301
572	1	302
575	1	302
574	1	302
571	1	302
927	1	302
573	1	302
579	1	303
581	1	303
579	1	304
581	1	304
579	1	305
581	1	305
579	1	306
581	1	306
579	1	307
580	1	307
581	1	307
579	1	308
580	1	308
581	1	308
508	1	309
951	1	309
921	1	309
913	1	309
939	1	309
512	1	309
511	1	309
508	1	310
952	1	310
953	1	310
913	1	310
512	1	310
924	1	310
508	1	311
954	1	311
913	1	311
914	1	311
508	1	312
955	1	312
515	1	312
913	1	312
944	1	312
508	1	313
514	1	313
511	1	313
913	1	313
572	1	314
575	1	314
574	1	314
571	1	314
573	1	314
508	1	315
956	1	315
957	1	315
915	1	315
511	1	316
508	1	316
510	1	316
941	1	316
913	1	316
508	1	317
509	1	317
958	1	317
955	1	317
913	1	317
944	1	317
959	1	317
515	1	317
508	1	318
956	1	318
915	1	318
513	1	318
508	1	319
514	1	319
913	1	319
509	1	319
510	1	319
508	1	320
956	1	320
915	1	320
960	1	320
508	1	321
509	1	321
510	1	321
913	1	321
920	1	321
508	1	322
509	1	322
952	1	322
913	1	322
961	1	322
512	1	322
962	1	322
963	1	322
508	1	323
510	1	323
509	1	323
514	1	323
913	1	323
920	1	323
513	1	323
508	1	324
964	1	324
956	1	324
915	1	324
508	1	325
915	1	325
508	1	326
956	1	326
915	1	326
508	1	327
964	1	327
951	1	327
965	1	327
913	1	327
920	1	327
960	1	327
511	1	327
508	1	328
510	1	328
913	1	328
512	1	328
508	1	329
942	1	329
509	1	329
913	1	329
961	1	329
943	1	329
508	1	330
956	1	330
508	1	331
915	1	331
509	1	332
508	1	332
507	1	332
551	1	332
966	1	332
913	1	332
920	1	332
508	1	333
516	1	333
967	1	333
956	1	333
915	1	333
508	1	334
509	1	334
913	1	334
510	1	334
508	1	335
956	1	335
920	1	335
915	1	335
508	1	336
956	1	336
920	1	336
915	1	336
531	1	337
533	1	337
532	1	337
535	1	337
968	1	337
579	1	338
582	1	338
581	1	338
579	1	339
580	1	339
581	1	339
579	1	340
581	1	340
579	1	341
582	1	341
579	1	342
580	1	342
579	1	343
581	1	343
476	1	344
479	1	344
589	1	344
770	1	344
476	1	345
479	1	345
601	1	345
615	1	345
579	1	346
580	1	346
582	1	346
579	1	347
580	1	347
581	1	347
582	1	347
579	1	348
580	1	348
582	1	348
581	1	348
579	1	349
580	1	349
581	1	349
579	1	350
580	1	350
581	1	350
582	1	350
531	1	351
533	1	351
532	1	351
535	1	351
969	1	351
531	1	352
533	1	352
532	1	352
534	1	352
804	1	352
579	1	353
581	1	353
579	1	354
580	1	354
581	1	354
582	1	354
579	1	355
581	1	355
579	1	356
580	1	356
579	1	357
581	1	357
531	1	360
533	1	360
532	1	360
535	1	360
806	1	360
531	1	361
533	1	361
532	1	361
534	1	361
793	1	361
531	1	362
533	1	362
532	1	362
534	1	362
794	1	362
531	1	363
533	1	363
532	1	363
535	1	363
970	1	363
531	1	364
533	1	364
532	1	364
534	1	364
969	1	364
971	1	972
973	1	972
974	1	972
975	1	972
976	1	972
977	1	972
978	1	972
519	1	972
979	1	972
980	1	981
982	1	981
983	1	981
984	1	981
985	1	981
986	1	981
987	1	981
988	1	981
989	1	981
531	1	365
533	1	365
532	1	365
534	1	365
806	1	365
531	1	366
533	1	366
532	1	366
534	1	366
968	1	366
535	1	366
816	1	367
531	1	367
533	1	367
532	1	367
990	1	367
970	1	367
818	1	367
531	1	368
533	1	368
532	1	368
534	1	368
969	1	368
537	1	368
535	1	369
531	1	369
533	1	369
532	1	369
990	1	369
806	1	369
818	1	369
538	1	370
531	1	370
533	1	370
532	1	370
530	1	370
794	1	370
823	1	370
531	1	371
533	1	371
532	1	371
534	1	371
968	1	371
537	1	371
531	1	372
533	1	372
532	1	372
990	1	372
804	1	372
534	1	372
991	1	992
531	1	373
533	1	373
532	1	373
534	1	373
804	1	373
968	1	373
969	1	373
970	1	373
531	1	374
533	1	374
534	1	374
538	1	374
793	1	374
968	1	374
969	1	374
970	1	374
531	1	375
533	1	375
534	1	375
535	1	375
968	1	375
969	1	375
970	1	375
531	1	376
533	1	376
534	1	376
993	1	376
968	1	376
969	1	376
970	1	376
531	1	377
533	1	377
534	1	377
969	1	377
968	1	377
970	1	377
531	1	378
533	1	378
534	1	378
536	1	378
806	1	378
968	1	378
969	1	378
970	1	378
994	1	995
996	1	995
997	1	995
998	1	380
999	1	380
1000	1	380
1001	1	380
1002	1	380
1003	1	380
1004	1	380
1005	1	380
1006	1	1007
999	1	379
1001	1	379
1002	1	379
1004	1	379
1008	1	379
1009	1	379
1010	1	379
1003	1	379
1011	1	379
999	1	381
1001	1	381
1002	1	381
1004	1	381
1008	1	381
1009	1	381
1010	1	381
1003	1	381
1011	1	381
999	1	382
1001	1	382
1002	1	382
1004	1	382
1008	1	382
1009	1	382
1010	1	382
1003	1	382
1012	1	382
1012	1	383
999	1	383
1001	1	383
1002	1	383
1004	1	383
1013	1	383
1009	1	383
1010	1	383
1003	1	383
999	1	384
1001	1	384
1002	1	384
1004	1	384
1014	1	384
1009	1	384
1010	1	384
1003	1	384
1015	1	384
988	1	1016
1017	1	1016
1018	1	1016
1019	1	1016
1020	1	387
1021	1	387
1022	1	387
1023	1	387
1024	1	387
1025	1	387
1026	1	387
1027	1	387
1028	1	387
1029	1	387
1030	1	385
999	1	385
1001	1	385
1002	1	385
1031	1	385
1009	1	385
1010	1	385
1003	1	385
1012	1	385
1032	1	1033
1034	1	1033
1035	1	1033
1036	1	1033
1037	1	1033
1038	1	1033
1026	1	386
1028	1	386
1020	1	386
1039	1	386
1025	1	386
1026	1	388
1028	1	388
1020	1	388
1039	1	388
1025	1	388
1026	1	389
1028	1	389
1020	1	389
1039	1	389
1025	1	389
1026	1	390
1028	1	390
1020	1	390
1039	1	390
1025	1	390
1040	1	391
999	1	391
1001	1	391
1002	1	391
1004	1	391
1031	1	391
1009	1	391
1010	1	391
1003	1	391
1041	1	391
999	1	392
1001	1	392
1027	1	392
1008	1	392
1009	1	392
1010	1	392
1003	1	392
1041	1	392
999	1	393
1001	1	393
1004	1	393
1042	1	393
1009	1	393
1010	1	393
1003	1	393
1043	1	393
1044	1	1045
1041	1	394
999	1	394
1001	1	394
1004	1	394
1027	1	394
1008	1	394
1009	1	394
1010	1	394
1003	1	394
999	1	395
1001	1	395
1004	1	395
1000	1	395
1046	1	395
1009	1	395
1010	1	395
1003	1	395
999	1	396
1001	1	396
1004	1	396
1031	1	396
1009	1	396
1010	1	396
1003	1	396
999	1	397
1001	1	397
1004	1	397
1042	1	397
1009	1	397
1010	1	397
1003	1	397
1047	1	397
1043	1	398
999	1	398
1001	1	398
1004	1	398
1027	1	398
1009	1	398
1010	1	398
1003	1	398
1041	1	398
1040	1	398
999	1	399
1001	1	399
1004	1	399
1027	1	399
1042	1	399
1009	1	399
1010	1	399
1003	1	399
1047	1	399
1040	1	400
999	1	400
1001	1	400
1004	1	400
1027	1	400
1008	1	400
1009	1	400
1010	1	400
1003	1	400
1041	1	400
999	1	401
1001	1	401
1004	1	401
1027	1	401
1042	1	401
1009	1	401
1010	1	401
1003	1	401
1041	1	401
1022	1	402
1023	1	402
1024	1	402
1048	1	402
1049	1	402
1025	1	402
1041	1	403
999	1	403
1001	1	403
1004	1	403
1027	1	403
1042	1	403
1009	1	403
1010	1	403
1003	1	403
1047	1	403
1041	1	404
999	1	404
1001	1	404
1004	1	404
1027	1	404
1050	1	404
1009	1	404
1010	1	404
1003	1	404
909	1	404
999	1	405
1001	1	405
1004	1	405
1027	1	405
1050	1	405
1009	1	405
1010	1	405
1003	1	405
1041	1	405
1041	1	406
999	1	406
1001	1	406
1004	1	406
1027	1	406
1008	1	406
1009	1	406
1010	1	406
1003	1	406
1043	1	406
1041	1	407
999	1	407
1001	1	407
1004	1	407
1008	1	407
1009	1	407
1010	1	407
1003	1	407
1051	1	407
999	1	408
1001	1	408
1004	1	408
1027	1	408
1052	1	408
1009	1	408
1010	1	408
1003	1	408
1041	1	408
999	1	409
1001	1	409
1004	1	409
1027	1	409
1009	1	409
1010	1	409
1003	1	409
1041	1	409
1047	1	409
1022	1	410
1023	1	410
1024	1	410
1048	1	410
1025	1	410
1022	1	411
1023	1	411
1024	1	411
1048	1	411
1049	1	411
1025	1	411
1022	1	412
1023	1	412
1024	1	412
1048	1	412
1053	1	412
1025	1	412
1054	1	412
1022	1	413
1023	1	413
1024	1	413
1048	1	413
1055	1	413
1025	1	413
1022	1	414
1023	1	414
1024	1	414
1048	1	414
1056	1	414
1025	1	414
1022	1	415
1023	1	415
1024	1	415
1048	1	415
1057	1	415
1025	1	415
1054	1	415
1041	1	416
999	1	416
1001	1	416
1004	1	416
1027	1	416
1058	1	416
1009	1	416
1010	1	416
1003	1	416
909	1	416
1041	1	417
999	1	417
1001	1	417
1004	1	417
1027	1	417
1058	1	417
1009	1	417
1010	1	417
1003	1	417
1051	1	417
999	1	418
1001	1	418
1004	1	418
1027	1	418
1009	1	418
1010	1	418
1003	1	418
1041	1	418
1040	1	419
999	1	419
1001	1	419
1004	1	419
1050	1	419
1009	1	419
1010	1	419
1003	1	419
1041	1	419
1041	1	420
999	1	420
1001	1	420
1004	1	420
1027	1	420
1050	1	420
1009	1	420
1010	1	420
1003	1	420
1051	1	420
1040	1	421
999	1	421
1001	1	421
1004	1	421
1005	1	421
1009	1	421
1010	1	421
1003	1	421
909	1	421
1041	1	421
1040	1	422
999	1	422
1001	1	422
1004	1	422
1005	1	422
1009	1	422
1010	1	422
1003	1	422
1047	1	422
1041	1	422
572	1	423
575	1	423
574	1	423
571	1	423
1041	1	424
999	1	424
1001	1	424
1004	1	424
1005	1	424
1059	1	424
1009	1	424
1010	1	424
1003	1	424
1047	1	424
1041	1	425
999	1	425
1001	1	425
1004	1	425
1027	1	425
1060	1	425
1009	1	425
1010	1	425
1003	1	425
1061	1	425
1040	1	426
999	1	426
1001	1	426
1004	1	426
1027	1	426
1062	1	426
1009	1	426
1010	1	426
1003	1	426
1041	1	426
572	1	427
575	1	427
574	1	427
571	1	427
573	1	427
572	1	428
575	1	428
574	1	428
571	1	428
572	1	429
575	1	429
574	1	429
571	1	429
573	1	429
572	1	430
575	1	430
574	1	430
571	1	430
572	1	431
575	1	431
574	1	431
571	1	431
573	1	431
572	1	432
571	1	432
573	1	432
1061	1	433
999	1	433
1001	1	433
1004	1	433
1063	1	433
1009	1	433
1010	1	433
909	1	433
1003	1	433
531	1	434
533	1	434
532	1	434
534	1	434
970	1	434
1061	1	435
999	1	435
1001	1	435
1004	1	435
1064	1	435
1065	1	435
1009	1	435
1010	1	435
1003	1	435
1047	1	435
1061	1	436
999	1	436
1001	1	436
1004	1	436
1064	1	436
1066	1	436
1009	1	436
1010	1	436
1003	1	436
1040	1	436
1061	1	437
999	1	437
1001	1	437
1004	1	437
1064	1	437
1067	1	437
1009	1	437
1010	1	437
1003	1	437
1040	1	437
1041	1	438
999	1	438
1001	1	438
1004	1	438
1064	1	438
1065	1	438
1009	1	438
1010	1	438
1003	1	438
1061	1	438
1061	1	439
999	1	439
1001	1	439
1004	1	439
1064	1	439
1058	1	439
1009	1	439
1010	1	439
1003	1	439
1043	1	439
1061	1	440
999	1	440
1001	1	440
1004	1	440
1064	1	440
1058	1	440
1009	1	440
1010	1	440
1003	1	440
1041	1	440
1061	1	441
999	1	441
1001	1	441
1004	1	441
1064	1	441
1009	1	441
1010	1	441
1003	1	441
909	1	441
1051	1	441
531	1	444
533	1	444
532	1	444
534	1	444
970	1	444
531	1	445
533	1	445
532	1	445
534	1	445
793	1	445
970	1	445
1027	1	446
1029	1	446
1068	1	446
1069	1	446
1070	1	446
1025	1	446
531	1	447
533	1	447
532	1	447
534	1	447
804	1	447
970	1	447
531	1	448
533	1	448
532	1	448
534	1	448
806	1	448
970	1	448
531	1	455
533	1	455
532	1	455
534	1	455
794	1	455
970	1	455
531	1	456
533	1	456
532	1	456
534	1	456
806	1	456
970	1	456
1027	1	457
1029	1	457
1068	1	457
1069	1	457
1025	1	457
1071	1	457
1027	1	458
1029	1	458
1068	1	458
1069	1	458
1070	1	458
1025	1	458
1027	1	459
1029	1	459
1068	1	459
1069	1	459
1072	1	459
1025	1	459
1027	1	460
1029	1	460
1068	1	460
1069	1	460
1072	1	460
1025	1	460
1073	1	460
1027	1	461
1029	1	461
1068	1	461
1069	1	461
1025	1	461
572	1	462
575	1	462
574	1	462
571	1	462
909	1	463
1001	1	463
1004	1	463
1074	1	463
1064	1	463
1065	1	463
1009	1	463
1010	1	463
1003	1	463
1051	1	463
1051	1	464
1001	1	464
1004	1	464
1074	1	464
1064	1	464
1009	1	464
1010	1	464
1003	1	464
909	1	464
1001	1	465
1004	1	465
1074	1	465
1064	1	465
1009	1	465
1010	1	465
1003	1	465
1061	1	466
1001	1	466
1004	1	466
1064	1	466
1075	1	466
1009	1	466
1010	1	466
1003	1	466
1001	1	467
1004	1	467
1074	1	467
1064	1	467
1009	1	467
1010	1	467
1003	1	467
1001	1	468
1004	1	468
1074	1	468
1064	1	468
1009	1	468
1010	1	468
1003	1	468
909	1	469
1001	1	469
1004	1	469
1074	1	469
1064	1	469
1065	1	469
1009	1	469
1010	1	469
1003	1	469
1051	1	469
1027	1	472
1029	1	472
1068	1	472
1069	1	472
1072	1	472
1025	1	472
572	1	473
575	1	473
574	1	473
571	1	473
572	1	474
575	1	474
571	1	474
573	1	474
