1076	0	1077
1078	0	1079
1080	0	1081
1082	0	1079
1083	0	1081
1084	1	1085
1086	0	1081
1087	0	1088
1089	0	1090
1091	1	1092
1093	0	1077
1094	1	1095
1096	1	1097
1098	1	1099
1100	1	1101
1102	0	1103
1104	1	1105
1106	1	1103
1107	1	1108
1109	1	1101
1110	1	1101
1105	0	1088
1111	0	1088
1112	1	1113
1114	1	1115
1116	0	1099
1117	1	1118
1119	0	1103
1120	0	1090
1121	0	1077
1122	1	1123
1124	1	1125
1126	1	1127
1128	0	1088
1129	1	1130
1131	1	1132
1133	1	1134
1135	0	1088
1136	1	1137
1138	1	1139
1140	0	1141
1142	0	1079
1143	0	1141
1144	0	1081
1145	1	1146
1147	1	1148
1149	0	1141
1150	1	1081
1151	0	1103
1152	0	1103
1153	0	1090
1154	0	1088
1155	0	1077
1156	1	1157
1158	0	1159
1160	1	1161
1162	0	1081
1163	0	1079
1164	0	1103
1165	1	1166
1167	0	1090
1168	1	1159
1169	1	1170
1171	0	1103
1172	1	1173
1174	1	1099
1175	1	1176
1177	0	1090
1178	1	1157
1179	1	1180
1181	0	1103
1182	0	1081
1183	1	1181
1184	0	1081
1185	0	1088
1186	0	1103
1187	0	1088
1188	1	1189
1190	0	1077
1191	0	1103
1192	0	1081
1193	1	1194
1195	1	1196
1197	0	1090
1198	1	1199
1200	0	1081
1201	0	1090
1202	1	1087
1203	1	1204
1205	1	1206
1207	0	1088
1208	1	1209
1210	1	1211
1212	1	1213
1214	0	1088
1215	0	1081
1216	1	1191
1217	1	1218
1219	1	1220
1221	0	1088
1222	0	1077
1223	0	1077
1224	0	1081
1225	0	1079
1226	1	1227
1228	1	1229
1230	0	1231
1232	0	1099
1233	0	1077
1234	0	1081
1235	0	1159
1236	1	1152
1237	1	1238
1239	0	1141
1240	1	1241
1242	0	1088
1243	1	1090
1244	0	1231
1245	0	1088
1246	0	1079
1247	1	1248
1113	0	1081
1249	0	1090
1250	1	1251
1252	0	1088
1253	0	1088
1254	1	1255
1256	0	1079
1257	1	1080
1258	1	1152
1259	0	1103
1260	0	1090
1261	0	1103
1262	1	1103
1263	0	1103
1264	1	1099
1265	1	1266
1267	1	1268
1269	0	1088
1270	0	1088
1271	1	1272
1273	0	1159
1274	1	1081
1275	0	1088
1276	1	1159
1277	1	1245
1278	1	1279
1280	0	1103
1281	0	1079
1282	1	1283
1284	1	1285
1286	1	1248
1287	1	1132
1288	1	1134
1289	0	1141
1290	0	1090
1194	0	1103
1291	0	1090
1292	1	1088
1293	1	1294
1295	1	1296
1297	1	1181
1298	1	1299
1300	1	1301
1302	1	1261
1303	1	1248
1304	0	1088
1305	1	1306
1307	0	1141
1308	0	1077
1309	1	1310
1311	1	1097
1312	1	1090
1313	1	1314
1315	1	1081
1316	0	1231
1317	1	1103
1318	1	1319
1320	0	1088
1321	0	1103
1161	0	1103
1322	1	1229
1323	0	1141
1324	1	1325
1326	1	1327
1328	0	1159
1329	0	1088
1330	0	1079
1331	1	1242
1332	1	1333
1334	1	1335
1335	0	1088
1336	0	1077
1337	1	1338
1339	1	1171
1340	0	1081
1341	1	1329
1342	1	1108
1343	1	1344
1211	0	1103
1345	1	1346
1347	0	1099
1348	1	1266
1349	1	1350
1351	1	1352
1353	1	1354
1355	1	1356
1357	1	1358
1359	1	1360
1361	1	1362
1363	0	1141
1364	1	1159
1365	0	1077
1366	0	1088
1229	0	1103
1367	1	1368
1369	0	1079
1157	0	1103
1370	1	1371
1372	1	1373
1374	1	1181
1375	1	1238
1376	1	1377
1378	1	1194
1379	1	1380
1381	0	1081
1382	0	1103
1383	1	1384
1385	1	1102
1386	1	1173
1387	1	1344
1388	1	1095
1389	1	1390
1391	1	1392
1393	0	1088
1394	1	1080
1395	1	1079
1396	1	1397
1266	0	1141
1301	0	1141
1398	1	1399
1400	1	1088
1401	0	1088
1402	1	1403
1404	0	1088
1405	0	1103
1406	0	1081
1407	1	1408
1409	0	1090
1410	1	1335
1411	1	1253
1412	0	1088
1413	1	1099
1414	0	1079
1415	1	1416
1417	1	1418
1419	0	1090
1420	1	1103
1421	1	1085
1422	0	1103
1423	0	1081
1424	1	1333
1425	1	1426
1427	1	1428
1180	0	1103
1429	1	1085
1430	0	1099
1431	0	1103
1368	0	1103
1241	0	1103
1432	1	1108
1433	0	1077
1434	1	1435
1436	0	1079
1437	0	1081
1438	0	1159
1439	1	1294
1440	0	1077
1441	0	1081
1442	1	1443
1444	1	1431
1445	0	1103
1446	1	1447
1448	1	1418
1399	0	1103
1449	0	1090
1450	0	1079
1451	1	1452
1380	0	1099
1453	0	1081
1454	1	1128
1455	0	1088
1456	1	1457
1458	1	1206
1459	1	1081
1460	0	1077
1461	0	1077
1462	0	1081
1463	0	1079
1464	1	1261
1465	1	1466
1467	1	1468
1403	0	1081
1469	1	1196
1470	1	1471
1472	1	1164
1473	0	1090
1474	1	1457
1475	1	1476
1477	1	1360
1478	1	1162
1479	0	1077
1480	0	1077
1132	0	1103
1481	1	1482
1483	0	1079
1484	1	1485
1125	0	1103
1486	1	1161
1487	1	1115
1488	1	1489
1490	1	1491
1492	0	1231
1493	1	1494
1495	1	1496
1497	0	1090
1498	0	1103
1499	1	1346
1500	1	1199
1501	1	1502
1503	1	1328
1504	0	1103
1505	1	1457
1506	0	1159
1507	1	1314
1508	0	1103
1509	0	1077
1510	0	1079
1511	0	1088
1512	1	1418
1513	0	1081
1514	1	1515
1516	1	1134
1517	1	1127
1518	1	1392
1519	1	1227
1520	1	1452
1521	1	1522
1523	1	1333
1213	0	1088
1524	1	1525
1362	0	1081
1526	1	1108
1527	0	1081
1528	1	1163
1529	1	1181
1294	0	1103
1530	0	1090
1085	0	1141
1531	0	1090
1532	1	1533
1534	0	1103
1101	0	1103
1535	1	1498
1536	1	1537
1538	1	1498
1539	1	1540
1541	1	1097
1489	0	1088
1542	1	1327
1525	0	1079
1543	1	1159
1544	1	1211
1545	1	1314
1546	1	1115
1547	1	1108
1548	1	1549
1550	1	1360
1551	0	1079
1552	1	1347
1553	0	1081
1554	1	1522
1555	1	1556
1557	1	1130
1558	0	1159
1146	0	1088
1559	1	1560
1561	1	1204
1562	1	1213
1563	0	1081
1564	1	1565
1566	1	1211
1522	0	1103
1567	1	1333
1568	0	1077
1569	0	1081
1570	1	1571
1572	1	1232
1573	0	1159
1457	0	1103
1574	1	1571
1575	0	1081
1576	0	1099
1577	0	1088
1578	1	1159
1579	1	1090
1371	0	1088
1580	1	1125
1581	1	1515
1582	1	1583
1584	1	1360
1408	0	1079
1585	1	1314
1586	0	1090
1587	0	1103
1588	0	1090
1589	1	1151
1590	1	1320
1591	0	1088
1592	1	1593
1594	1	1595
1596	0	1090
1358	0	1103
1597	1	1431
1598	0	1103
1599	1	1600
1601	1	1602
1603	1	1598
1123	0	1103
1604	1	1157
1605	1	1272
1606	0	1141
1607	0	1141
1196	0	1141
1608	1	1090
1609	0	1159
1610	1	1611
1612	0	1090
1496	0	1141
1613	1	1173
1614	1	1506
1310	0	1103
1615	1	1358
1616	0	1077
1617	1	1272
1618	0	1090
1619	1	1130
1620	1	1382
1621	0	1141
1622	1	1159
1623	1	1159
1624	1	1152
1625	0	1088
1626	1	1569
1627	1	1103
1628	1	1463
1629	0	1079
1630	1	1087
1631	1	1632
1633	0	1077
1634	1	1635
1636	0	1079
1637	1	1130
1502	0	1088
1638	1	1639
1640	0	1081
1641	1	1159
1642	1	1246
1643	0	1081
1644	0	1088
1645	1	1558
1646	1	1647
1648	1	1649
1650	1	1352
1418	0	1141
1651	1	1306
1652	0	1081
1653	1	1504
1654	1	1639
1655	1	1656
1565	0	1081
1583	0	1081
1657	1	1081
1658	1	1333
1659	1	1452
1452	0	1103
1660	1	1199
1661	1	1404
1662	0	1079
1663	1	1664
1665	0	1081
1666	1	1261
1667	1	1310
1668	0	1103
1669	1	1299
1670	1	1141
1671	1	1185
1649	0	1088
1672	0	1088
1306	0	1103
1673	1	1674
1675	0	1103
1676	1	1327
1392	0	1103
1677	1	1099
1678	1	1679
1680	0	1081
1681	1	1682
1683	1	1457
1176	0	1081
1684	1	1090
1685	1	1686
1687	1	1418
1688	0	1090
1689	1	1494
1690	1	1130
1691	1	1692
1693	1	1598
1694	1	1214
1695	0	1090
1696	1	1662
1697	1	1397
1698	1	1299
1699	0	1141
1700	1	1090
1635	0	1088
1701	1	1591
1702	0	1088
1703	0	1077
1704	1	1141
1705	1	1360
1706	1	1079
1707	1	1088
1708	1	1338
1709	0	1079
1710	1	1103
1711	0	1088
1712	1	1141
1713	1	1087
1714	0	1079
1715	1	1148
1716	1	1717
1718	1	1081
1719	1	1338
1356	0	1103
1720	1	1329
1721	1	1452
1722	1	1723
1724	1	1635
1595	0	1088
1725	1	1079
1726	0	1077
1727	0	1081
1728	0	1081
1466	0	1088
1729	1	1447
1730	0	1081
1731	0	1141
1732	0	1141
1733	0	1141
1734	0	1079
1735	0	1079
1736	1	1737
1738	1	1095
1739	0	1090
1740	1	1108
1741	1	1414
1742	0	1099
1743	1	1422
1744	0	1099
1476	0	1079
1745	0	1077
1115	0	1103
1746	0	1079
1747	0	1231
1748	1	1097
1749	1	1750
1751	1	1325
1752	1	1077
1753	1	1229
1737	0	1081
1754	1	1329
1755	1	1275
1756	1	1522
1757	1	1137
1717	0	1088
1758	1	1587
1759	0	1079
1760	0	1081
1761	1	1130
1137	0	1081
1762	0	1081
1763	1	1079
1686	0	1088
1108	0	1141
1764	1	1099
1560	0	1103
1285	0	1141
1765	1	1152
1227	0	1103
1766	0	1081
1767	0	1077
1397	0	1103
1768	1	1769
1770	1	1268
1771	0	1079
1772	1	1773
1774	0	1159
1775	0	1077
1776	0	1090
1272	0	1103
1777	1	1079
1778	1	1441
1779	1	1206
1780	1	1609
1373	0	1141
1781	1	1358
1296	0	1103
1782	1	1099
1783	1	1422
1784	0	1077
1785	0	1077
1786	1	1161
1682	0	1081
1787	1	1602
1788	1	1242
1789	0	1081
1790	0	1081
1791	0	1077
1792	0	1090
1793	1	1272
1794	1	1123
1549	0	1103
1795	1	1333
1796	1	1392
1797	1	1649
1798	1	1083
1799	0	1081
1800	1	1382
1801	1	1090
1802	1	1803
1804	1	1199
1805	1	1377
1806	0	1103
1807	0	1099
1602	0	1088
1808	0	1081
1809	1	1533
1810	1	1771
1811	1	1812
1813	0	1088
1377	0	1077
1814	1	1549
1815	1	1632
1816	0	1079
1817	1	1248
1818	0	1077
1819	1	1820
1821	0	1079
1822	1	1079
1823	1	1283
1824	0	1081
1139	0	1088
1825	1	1635
1647	0	1103
1826	1	1452
1827	1	1319
1828	1	1266
1829	0	1088
1830	0	1081
1831	1	1209
1832	1	1296
1833	0	1159
1834	1	1196
1835	0	1081
1836	1	1639
1837	1	1838
1839	1	1130
1238	0	1103
1840	1	1537
1803	0	1088
1841	1	1430
1842	0	1079
1773	0	1103
1843	1	1206
1844	1	1314
1845	1	1431
1846	1	1629
1847	1	1498
1848	1	1182
1849	0	1077
1850	1	1127
1851	0	1081
1852	1	1097
1853	1	1447
1854	1	1159
1855	0	1079
1856	1	1157
1857	1	1314
1858	1	1306
1426	0	1081
1859	1	1252
1860	1	1861
1862	1	1344
1863	0	1231
1864	0	1099
1865	1	1173
1866	1	1867
1868	1	1206
1869	1	1816
1870	0	1077
1871	0	1103
1872	1	1397
1750	0	1103
1428	0	1088
1873	1	1874
1632	0	1099
1346	0	1141
1692	0	1081
1875	0	1081
1876	1	1285
1877	1	1097
1878	1	1399
1556	0	1088
1879	1	1102
1880	1	1103
1881	1	1173
1882	1	1352
1319	0	1103
1883	1	1769
1884	1	1674
1338	0	1103
1885	1	1750
1886	0	1081
1887	0	1088
1888	1	1695
1204	0	1103
1889	1	1079
1890	1	1229
1891	1	1892
1893	1	1171
1894	1	1194
1895	0	1088
1896	1	1560
1897	0	1159
1898	0	1090
1899	1	1728
1900	1	1081
1820	0	1088
1901	1	1241
1902	1	1350
1325	0	1081
1903	0	1159
1904	1	1134
1905	1	1496
1906	1	1164
1907	1	1591
1435	0	1088
1908	0	1088
1909	1	1632
1910	0	1090
1255	0	1103
1911	1	1593
1912	1	1447
1913	1	1595
1914	1	1327
1354	0	1079
1915	0	1079
1916	0	1141
1917	1	1560
1918	1	1919
1920	0	1090
1921	0	1088
1922	1	1647
1923	1	1314
1924	0	1081
1925	1	1251
1639	0	1103
1926	1	1310
1927	1	1088
1928	1	1263
1929	1	1892
1930	1	1180
1931	1	1447
1932	1	1933
1934	0	1077
1935	1	1806
1936	1	1569
1937	0	1077
1938	1	1327
1939	1	1082
1940	0	1077
1209	0	1103
1941	1	1191
1942	1	1943
1944	0	1141
1945	1	1218
1946	0	1088
1947	1	1668
1148	0	1103
1948	1	1730
1664	0	1088
1949	1	1279
1950	1	1214
1951	0	1103
1952	0	1231
1953	1	1436
1679	0	1081
1352	0	1103
1954	1	1362
1955	0	1079
1956	0	1081
1957	1	1130
1958	1	1103
1959	1	1173
1960	1	1494
1961	1	1180
1962	0	1081
1963	1	1498
1964	1	1806
1965	1	1113
1966	0	1077
1967	0	1077
1919	0	1077
1723	0	1159
1968	1	1390
1969	1	1204
1970	1	1206
1971	1	1466
1972	1	1973
1974	1	1975
1976	1	1447
1977	1	1511
1978	1	1455
1979	1	1769
1980	1	1498
1981	1	1204
1769	0	1081
1982	1	1186
1983	1	1314
1984	1	1985
1986	1	1173
1987	0	1141
1988	1	1164
1989	1	1933
1990	1	1537
1199	0	1103
1991	1	1924
1992	0	1081
1993	1	1079
1994	0	1081
1995	1	1534
1996	0	1081
1997	1	1296
1998	0	1090
1999	1	1270
1611	0	1077
2000	1	1152
1220	0	1103
2001	0	1077
2002	1	2003
2004	1	1102
2005	1	1737
2006	0	1090
1537	0	1103
1975	0	1079
2007	1	1569
2008	1	1892
2009	0	1077
2010	1	1625
2011	0	1099
2012	1	1099
2013	1	1392
2014	1	1113
1344	0	1103
2015	1	1321
2016	1	2017
2018	1	1319
2019	0	1077
1943	0	1159
2020	1	1103
1933	0	1088
2021	1	1095
2022	0	1081
1416	0	1081
2023	0	1081
2024	1	1569
2025	1	1327
2026	0	1088
2027	0	1088
1540	0	1088
2028	1	1647
2029	0	1360
1838	0	1079
2030	1	1154
2031	1	1296
1867	0	1088
2032	1	1125
2033	1	1099
2034	0	1088
2035	0	1077
2017	0	1103
1973	0	1088
2036	0	1231
2037	1	1593
2038	0	1088
2039	1	1099
2040	1	1097
2041	0	1141
2042	1	1875
2043	1	1081
2044	0	1141
1485	0	1079
2045	0	1090
2046	1	1525
2047	1	1356
1127	0	1081
2048	1	2049
2050	0	1079
2051	0	1090
2052	1	1508
2053	0	1077
2054	1	1148
2055	0	1079
2056	1	1368
1333	0	1141
1491	0	1088
2057	1	1455
2058	1	1263
1471	0	1088
2059	0	1088
2060	0	1079
2061	1	1079
1218	0	1088
2062	1	1209
2063	0	1103
2064	0	1077
1656	0	1081
2065	1	1321
2066	1	1447
1443	0	1081
1985	0	1159
1279	0	1099
2067	1	1803
2068	1	1088
2069	1	1234
2070	1	1382
1251	0	1079
2071	1	1206
1189	0	1141
1206	0	1141
2072	1	1760
1861	0	1088
2073	1	2074
2075	1	2026
2076	1	1377
2077	0	1088
2078	1	1180
2079	1	1255
2080	1	1629
2081	0	1103
2082	1	1134
2083	0	1231
2084	1	1358
2085	1	1159
2086	1	1088
1170	0	1081
2087	1	1533
2088	0	1088
1593	0	1103
1268	0	1103
2089	1	1668
1494	0	1103
2090	1	1435
2091	1	1540
2092	1	1943
2049	0	1088
2093	0	1088
2094	0	1103
2095	0	1090
2096	1	1418
1874	0	1079
2097	0	1081
2098	1	1159
2099	1	1088
2100	0	1079
2101	1	1522
2102	0	1159
1384	0	1079
2074	0	1103
1283	0	1079
2103	1	1476
1812	0	1088
2104	0	1081
2105	0	1090
2106	0	1103
1350	0	1079
2107	1	1279
1600	0	1088
1674	0	1103
2108	0	1081
2109	1	1221
1515	0	1088
2110	1	1095
1118	0	1081
2111	0	1088
2112	0	1077
1390	0	1103
2113	1	2081
2114	1	1079
2115	1	1148
2116	1	1314
2117	1	2102
2118	1	1537
2119	0	1077
2120	1	1090
2121	1	1159
2122	1	1496
2123	1	1218
2124	0	1088
1571	0	1159
2125	1	1268
2126	1	1187
2127	0	1141
1892	0	1141
2128	1	1422
2129	1	1306
1092	0	1099
2130	1	1211
2131	1	1263
2132	1	1146
2133	1	1159
2134	1	1549
2135	1	1892
2136	0	1081
2137	1	1080
2138	1	1241
2139	1	1194
2140	1	1108
2141	0	1141
2142	1	1173
2143	0	1077
2144	1	1915
2145	1	1593
2146	0	1077
2147	1	1088
2148	1	1824
2149	1	1207
1248	0	1103
2150	1	1186
2151	1	1346
