55.8588	0.001396
57.8843	0.001308
59.9624	0.000847
62.1333	0.001043
64.2931	0.001175
66.4377	0.001266
68.5922	0.001512
70.7531	0.001653
72.8605	0.002044
74.9566	0.002499
77.047	0.003258
79.1805	0.004268
81.3097	0.005406
83.48	0.00598
85.5959	0.006778
87.7232	0.007634
89.8513	0.008458
91.9608	0.009866
94.1704	0.011246
96.2846	0.012406
98.41	0.0139
100.5095	0.017209
102.6369	0.020385
104.7151	0.021676
106.9139	0.024402
109.0788	0.028093
111.2123	0.030669
113.3954	0.032537
115.4951	0.034711
117.5657	0.038724
119.6325	0.041076
121.6855	0.045041
123.8036	0.048547
125.9054	0.051153
128.0696	0.052141
130.2645	0.05829
132.4458	0.06099
134.4947	0.064345
136.6465	0.065825
138.8266	0.07007
140.954	0.072173
143.0962	0.075027
145.2505	0.079511
147.4383	0.082244
149.633	0.085276
151.7696	0.089388
153.8947	0.091871
155.9864	0.092991
158.1938	0.096183
160.4032	0.098256
162.6288	0.101295
164.7942	0.104028
166.9291	0.106366
169.1522	0.107551
171.3085	0.108902
173.5119	0.111052
175.6955	0.111204
177.8599	0.113508
179.9692	0.113905
182.1258	0.115777
184.2999	0.117411
186.4394	0.119459
188.5856	0.119645
190.7539	0.120346
192.8746	0.12146
195.0232	0.122401
197.2072	0.123936
199.4039	0.125987
201.6286	0.12672
203.7891	0.12758
205.8641	0.128684
207.9571	0.129312
210.0615	0.129285
212.1998	0.129922
214.3047	0.132693
216.4322	0.133643
218.5718	0.134252
220.6575	0.135089
222.7344	0.136201
224.807	0.137201
226.9284	0.137824
229.0722	0.138347
231.1476	0.138832
233.283	0.138592
235.4671	0.139497
237.6141	0.141617
239.7489	0.142932
241.9068	0.143968
244.0739	0.145286
246.2516	0.145283
248.3932	0.146154
250.5276	0.147383
252.6961	0.148331
254.8736	0.149002
256.9788	0.149204
259.0887	0.150593
261.1896	0.152109
263.2686	0.152837
265.4448	0.154434
267.6174	0.155251
269.7282	0.155614
271.8733	0.156172
273.958	0.155869
276.1478	0.157079
278.2373	0.156893
280.3824	0.158458
282.5561	0.158523
284.6542	0.159448
286.8332	0.160246
289.0534	0.161849
291.184	0.162579
293.3151	0.164283
295.4728	0.164334
297.6143	0.165406
299.7797	0.165914
301.8711	0.167813
303.9726	0.169756
306.0891	0.169469
308.1682	0.170441
310.2656	0.17126
312.4303	0.170984
314.608	0.173548
316.8483	0.174902
318.9835	0.176474
321.0891	0.176384
323.306	0.178295
325.4416	0.179806
327.5592	0.180437
329.6789	0.180935
331.7343	0.181726
333.8767	0.182795
335.9508	0.182832
338.1217	0.184367
340.2645	0.185929
342.4103	0.187188
344.5345	0.188678
346.7408	0.189596
348.8851	0.192333
351.0367	0.190942
353.2375	0.191925
355.4111	0.192173
357.5725	0.194397
359.7652	0.195205
361.8652	0.195889
364.0298	0.197456
366.1887	0.197576
368.3791	0.198408
370.5452	0.199815
372.6458	0.199832
374.7337	0.200355
376.8744	0.202307
378.9531	0.203243
381.0949	0.203282
383.2463	0.206833
385.3896	0.208279
387.4658	0.206158
389.562	0.206595
391.5913	0.209536
393.7173	0.209214
395.8269	0.209205
397.9047	0.211089
400.0297	0.21155
402.113	0.212532
404.1152	0.213458
406.2146	0.214499
408.3746	0.215442
410.5491	0.214894
412.6164	0.214802
414.6592	0.215593
416.8251	0.218193
418.9154	0.217858
421.0319	0.218331
423.0979	0.217975
425.1866	0.218344
427.2746	0.219711
429.3502	0.22262
431.4184	0.220836
433.4758	0.222687
435.6121	0.222234
437.6621	0.22338
439.7543	0.224047
441.834	0.225551
443.9395	0.225916
446.1051	0.22875
448.2153	0.227635
450.3779	0.228827
452.5481	0.229732
454.7686	0.229823
456.9958	0.228617
459.1434	0.230791
461.245	0.230622
463.4028	0.231098
465.5307	0.230574
467.6705	0.23248
469.7431	0.232266
471.8566	0.234132
473.9505	0.23406
476.0692	0.233092
478.1967	0.234334
480.2795	0.236101
482.3767	0.235993
484.4899	0.237359
486.5907	0.238269
488.7075	0.23643
490.8482	0.238964
492.8997	0.239075
494.9978	0.239792
497.1654	0.238333
499.3309	0.240244
501.5213	0.239168
503.6787	0.241738
505.8352	0.242227
507.9114	0.240993
509.9873	0.240989
512.1128	0.241763
514.2889	0.241697
516.4099	0.242915
518.5168	0.24334
520.5972	0.245296
522.7406	0.244575
524.9493	0.244523
527.0893	0.245476
529.2585	0.246421
531.4788	0.24735
533.5814	0.248781
535.7222	0.247858
537.8168	0.248616
539.9942	0.249106
542.1704	0.248961
544.3832	0.249751
546.5206	0.251085
548.7	0.24991
550.8927	0.248913
553.0629	0.250996
555.1928	0.250434
557.3764	0.250298
559.5218	0.251559
561.7096	0.251339
563.9272	0.251822
566.175	0.251476
568.3552	0.252685
570.4998	0.253299
572.683	0.251287
574.8261	0.253076
576.972	0.253024
579.0724	0.2528
581.1887	0.253383
583.3278	0.252467
585.5531	0.253158
587.7494	0.252962
589.9193	0.254229
592.0365	0.254259
594.1815	0.254086
596.2842	0.256671
598.4271	0.25484
600.5749	0.257151
602.6964	0.256012
604.8153	0.25574
606.96	0.259575
609.0418	0.257138
611.1834	0.257274
613.3443	0.258284
615.4763	0.258366
617.6122	0.258286
619.7745	0.260038
621.9295	0.258805
624.0397	0.25956
626.1598	0.260014
628.2632	0.258627
630.3739	0.259209
632.4939	0.262416
634.6334	0.261812
636.8494	0.262574
639.0148	0.262366
641.0858	0.262032
643.1494	0.261839
645.2694	0.261283
647.4234	0.262436
649.5927	0.261911
651.7906	0.260952
653.9751	0.264397
656.1352	0.265208
658.2142	0.264152
660.273	0.264428
662.4119	0.264736
664.5636	0.266037
666.7369	0.265692
668.8726	0.266505
671.0569	0.266056
673.2508	0.264546
675.4346	0.265535
677.5433	0.265799
679.6576	0.266334
681.7707	0.267595
683.9426	0.267395
686.0325	0.267201
688.1262	0.267808
690.2099	0.268426
692.3366	0.26966
694.4659	0.269416
696.5596	0.270899
698.6578	0.270864
700.7457	0.270363
702.8602	0.270212
704.9722	0.270102
707.107	0.269725
709.2391	0.270465
711.4451	0.270915
713.5461	0.272853
715.6786	0.26994
717.8699	0.272055
720.0516	0.272113
722.2097	0.270141
724.3921	0.273199
726.5092	0.272483
728.6051	0.273809
730.7882	0.271829
732.9726	0.273883
735.0763	0.272595
737.1604	0.273869
739.3435	0.2738
741.4872	0.272181
743.6472	0.273685
745.7804	0.274875
747.9607	0.275911
750.0973	0.275163
752.27	0.276459
754.4578	0.274685
756.6718	0.275812
758.8307	0.277167
760.9976	0.27465
763.2241	0.275403
765.4363	0.276552
767.6165	0.27712
769.793	0.276597
771.9858	0.275281
774.129	0.276052
776.2989	0.276062
778.5288	0.277546
780.6645	0.278634
782.7473	0.278889
784.8391	0.278579
787.0174	0.277444
789.1853	0.277116
791.3465	0.277728
793.512	0.276684
795.5701	0.276999
797.6812	0.277041
799.8757	0.275582
802.0704	0.276063
804.2495	0.277131
806.3704	0.277454
808.5292	0.278669
810.7251	0.277975
812.8804	0.278275
815.0301	0.278926
817.1597	0.280906
819.2953	0.27865
821.4373	0.27858
823.594	0.279717
825.76	0.279352
827.9064	0.280643
830.1058	0.279522
832.2502	0.281285
834.2909	0.280596
836.3818	0.280179
838.4356	0.282066
840.5593	0.279912
842.6317	0.280878
844.7034	0.28029
846.7894	0.281332
848.8384	0.282255
850.8823	0.283981
853.1043	0.281353
855.3683	0.281539
857.5854	0.282371
859.7585	0.283524
861.9304	0.280989
864.1004	0.283126
866.2721	0.281963
868.4326	0.283156
870.5456	0.282402
872.7106	0.283284
874.8873	0.282904
877.0759	0.281771
879.2488	0.282949
881.4289	0.282834
883.6097	0.283937
885.8016	0.283821
887.9562	0.284982
890.1102	0.284164
892.2404	0.285451
894.3272	0.284899
896.4708	0.285852
898.5925	0.284449
900.7759	0.285622
902.9735	0.285678
905.1266	0.286654
907.1983	0.28687
909.3021	0.287134
911.4517	0.2868
913.5918	0.284877
915.8008	0.288066
918.0019	0.286469
920.2014	0.287543
922.2681	0.286453
924.35	0.286232
926.4486	0.285607
928.5827	0.286176
930.7007	0.287184
932.8014	0.28638
934.8887	0.286938
937.1061	0.287033
939.1847	0.286304
941.3585	0.285684
943.5239	0.287399
945.6925	0.287959
947.865	0.28671
950.0188	0.286221
952.1811	0.288054
1243.9366	0.288514
1246.131	0.288156
1248.2786	0.288167
1250.4032	0.287432
1252.5437	0.287112
1254.6344	0.288675
1256.8362	0.287307
1258.9844	0.288266
1261.1726	0.287519
1263.3247	0.288778
1265.4828	0.289814
1267.6223	0.287774
1269.8217	0.286959
1271.9761	0.286868
1274.1239	0.285893
1276.2555	0.28746
1278.3912	0.287927
1280.5582	0.28592
1282.7777	0.288403
1284.9792	0.286951
1287.1379	0.286897
1289.2763	0.287799
1291.4327	0.2885
1293.4989	0.288212
1295.5684	0.286832
1297.658	0.289511
1299.7016	0.287916
1301.8829	0.290151
1304.0449	0.289829
1306.1646	0.289448
1308.342	0.2886
1310.543	0.287965
1312.687	0.289369
1314.8638	0.288301
1317.0195	0.291516
1319.1152	0.287629
1321.3004	0.28825
1323.474	0.28967
1325.59	0.28908
1327.7085	0.2896
1329.8538	0.288562
1331.9595	0.289841
1334.1572	0.288906
1336.3338	0.289988
1338.4563	0.289193
1340.6916	0.288339
1342.8585	0.289769
1344.979	0.289648
1347.1746	0.287859
1349.2938	0.290079
1351.4703	0.289522
1353.6389	0.290409
1355.821	0.290307
1357.9618	0.28902
1360.13	0.288977
1362.2642	0.287224
1364.4003	0.292823
1366.5058	0.288311
1368.7049	0.286517
1370.8651	0.289407
1373.0051	0.289086
1375.1529	0.290496
1377.294	0.288906
1379.4122	0.287953
1381.5555	0.288055
1383.7161	0.289145
1385.8205	0.288916
1387.896	0.289888
1390.0482	0.289133
1392.1885	0.290549
1539.1613	0.289116
1541.5463	0.28833
1543.7203	0.287779
1545.8758	0.289541
1547.9607	0.288624
1550.2229	0.288579
1552.3808	0.287777
1554.6182	0.289437
1556.8585	0.290175
1558.9652	0.288664
1561.1523	0.288354
1563.3372	0.287458
1565.5044	0.288531
1567.6366	0.287834
1569.7951	0.288407
1571.9699	0.290156
1574.1693	0.288651
1576.406	0.28988
1578.6019	0.288551
1580.694	0.290274
1582.8361	0.28981
1584.8984	0.290858
1587.0191	0.289563
1589.2454	0.289708
1591.4259	0.29018
1593.6083	0.290774
1595.7835	0.289951
1597.9446	0.289164
1600.0501	0.291529
1602.1785	0.290479
1604.2592	0.291217
1606.3633	0.291416
1608.5387	0.291789
1610.7165	0.290689
1612.8622	0.2928
1614.9831	0.291295
1617.1083	0.290442
1619.2364	0.291261
1621.3389	0.290402
1623.5561	0.291682
1625.7527	0.291799
1627.8574	0.291876
1629.9779	0.292202
1632.1169	0.292317
1634.2553	0.291609
1636.4311	0.291746
1638.5665	0.291521
1640.8131	0.292142
1642.9943	0.292602
1645.1923	0.292277
1647.4348	0.291934
1649.6431	0.291229
1651.8054	0.289507
1653.9443	0.29172
1656.1073	0.289113
1658.2689	0.288796
1660.356	0.289042
1662.4593	0.291199
1664.5437	0.291254
1666.6895	0.291409
1881.1702	0.289181
1883.2358	0.288574
1885.3482	0.290135
1887.3946	0.289014
1889.5762	0.291065
1891.7463	0.28876
1893.943	0.288879
1896.1469	0.288301
1898.2854	0.290626
1900.4348	0.288768
1902.5736	0.289186
1904.6681	0.288779
1906.8267	0.290921
1908.9935	0.290018
1911.1565	0.289956
1913.3161	0.289092
1915.5184	0.288827
1917.6435	0.288166
1919.7747	0.289242
1921.9332	0.289352
1924.0506	0.288481
1926.2368	0.289318
1928.3683	0.28994
1930.4471	0.289333
1932.487	0.29008
1934.6113	0.289763
1936.6496	0.288668
1938.8148	0.288184
1940.9701	0.288849
1943.1727	0.289616
1945.3571	0.288461
1947.5036	0.288056
1949.6219	0.289042
1951.7748	0.288183
1953.8672	0.289383
1955.9881	0.288439
1958.0842	0.288902
1960.1632	0.289253
1962.2862	0.290732
1964.3432	0.287569
1966.4724	0.290181
1968.6984	0.288645
1970.8665	0.288504
1973.0681	0.288667
1975.2693	0.290483
1977.4191	0.289558
1979.5823	0.288408
1981.7723	0.289281
1983.918	0.286883
1986.0691	0.286815
2296.4055	0.288411
2298.6571	0.289201
2301.0101	0.28922
2303.2807	0.289509
2305.4164	0.288493
2307.5127	0.28816
2309.7289	0.288597
2311.837	0.286908
2313.9724	0.287264
2316.1055	0.286068
2318.1883	0.286287
2320.3046	0.285198
2322.3763	0.285274
2324.4815	0.286173
2326.6154	0.286457
2328.758	0.284813
2330.8895	0.284085
2333.0956	0.285702
2335.2587	0.284174
2337.4154	0.285305
2339.5847	0.284856
2341.7335	0.286002
2343.8695	0.28554
2346.0547	0.284206
2348.2183	0.285065
2350.3774	0.283318
2352.5629	0.284159
2354.7848	0.281579
2356.8751	0.283709
2358.9944	0.282896
