1.2002	0.000681
2.2812	0.000674
3.3042	0.00063
4.3434	0.000764
5.3817	0.000952
6.4367	0.001211
7.4898	0.001539
8.5745	0.001967
9.6268	0.00258
10.6424	0.003386
11.7269	0.003764
12.7764	0.004448
13.8215	0.004993
14.8856	0.006293
15.9401	0.007893
17.0069	0.008842
18.0798	0.009848
19.1188	0.011749
20.1777	0.013068
21.24	0.013724
22.3024	0.015858
23.3224	0.017101
24.3804	0.018442
25.4079	0.020104
26.458	0.022379
27.489	0.024317
28.5119	0.026509
29.573	0.028146
30.6305	0.030016
31.6841	0.033482
32.7177	0.034874
33.7807	0.038685
34.8561	0.04146
35.9144	0.043583
36.9458	0.048328
37.9903	0.052043
39.0225	0.055553
40.0498	0.05817
41.0844	0.060657
42.1432	0.064203
43.1954	0.067613
44.2454	0.072102
45.2972	0.074907
46.3373	0.077937
47.362	0.082005
48.3901	0.085915
49.4556	0.090588
50.5049	0.095632
51.5544	0.099947
52.6096	0.102876
53.6803	0.108729
54.7018	0.110654
55.7572	0.115282
56.8206	0.117607
57.8365	0.12034
58.8873	0.122415
59.9149	0.127332
60.9428	0.131072
62.0057	0.134916
63.0081	0.137601
64.0262	0.144397
65.0215	0.14699
66.0158	0.151287
67.0203	0.153681
68.0432	0.158807
69.0743	0.16006
70.1004	0.16556
71.1468	0.167958
72.1545	0.17045
73.2017	0.174701
74.25	0.176942
75.3327	0.179328
76.3802	0.181287
77.4025	0.183732
78.4325	0.186403
79.4693	0.189283
80.5219	0.190285
81.5843	0.193357
82.6473	0.197267
83.7108	0.199263
84.7827	0.204162
85.8331	0.204637
86.8748	0.207575
87.9125	0.208049
88.9286	0.212854
89.9564	0.214679
90.9852	0.216717
92.0069	0.218818
93.055	0.221977
94.0962	0.223633
95.111	0.226715
96.1591	0.228098
97.215	0.231562
98.2526	0.23342
99.2904	0.234748
100.3394	0.23715
101.3765	0.240855
102.4526	0.243893
103.4868	0.24686
104.5332	0.249562
105.55	0.249122
106.5497	0.253591
107.5709	0.254381
108.6311	0.254412
109.6398	0.255979
110.6904	0.258968
111.7433	0.259174
112.8087	0.261699
113.8565	0.270681
114.8899	0.268597
115.9011	0.271519
116.9339	0.274099
117.9561	0.275352
118.9662	0.278295
119.9907	0.27962
121.0278	0.278763
122.0866	0.282157
123.102	0.286656
124.2035	0.289813
125.2505	0.289789
126.2755	0.291684
127.32	0.295391
128.3786	0.295175
129.4323	0.296328
130.4694	0.29739
131.49	0.299097
132.4959	0.299103
133.5335	0.300797
134.5771	0.301536
135.6035	0.302601
136.638	0.30344
137.6605	0.305491
138.6719	0.305341
139.6782	0.307885
140.7049	0.307338
141.7399	0.30903
142.7848	0.308889
143.8599	0.308477
144.889	0.309443
145.9677	0.311471
147.0305	0.312635
148.1019	0.313584
149.1867	0.317082
150.2334	0.31732
151.2778	0.316755
152.3024	0.318538
153.3154	0.319944
154.3455	0.319742
155.4049	0.320564
156.4232	0.32036
157.4727	0.322561
158.4912	0.323561
159.5638	0.325637
160.6297	0.325792
161.6841	0.325017
162.7617	0.32627
163.8055	0.325619
164.8631	0.327362
165.9116	0.327196
167.0044	0.331194
168.0149	0.330651
169.0976	0.331446
170.1318	0.333163
171.1918	0.332939
172.2192	0.334572
173.2649	0.337289
174.292	0.335394
175.6715	0.336628
176.7051	0.337067
177.7178	0.340719
178.7217	0.339082
179.7765	0.341133
180.8473	0.340452
181.9114	0.34081
182.9912	0.34056
184.0551	0.341421
185.1001	0.343203
186.1508	0.34343
187.2093	0.344003
188.238	0.346123
189.292	0.345312
190.3513	0.344832
191.3993	0.346753
192.4472	0.346413
193.5045	0.346952
194.5861	0.346886
195.6434	0.347502
196.6862	0.346958
197.7176	0.348374
198.8207	0.347924
199.896	0.348238
200.9778	0.348065
202.005	0.347939
203.0564	0.349373
204.1036	0.349094
205.1427	0.348258
206.1759	0.349761
207.2214	0.349718
208.3009	0.350466
209.3306	0.349865
210.4029	0.348918
211.4839	0.350454
212.5544	0.352012
213.5941	0.351332
214.692	0.352489
215.7545	0.35257
216.8408	0.3529
217.9134	0.353019
218.9733	0.355923
220.0185	0.353484
221.0899	0.354255
222.151	0.354891
223.1958	0.356026
224.2278	0.354815
225.2642	0.353674
226.3048	0.357056
227.3464	0.355924
228.3591	0.353722
229.3796	0.354547
230.3918	0.352907
231.4454	0.355887
232.5168	0.354991
233.5567	0.354194
234.6429	0.353222
235.7168	0.354471
236.7745	0.355746
237.8232	0.355106
238.8795	0.353987
239.9088	0.355042
240.9597	0.354565
