15.8346	0.059359
29.5602	0.183785
43.0177	0.268934
56.4949	0.315097
70.156	0.346795
83.9051	0.363221
97.5871	0.375901
111.2156	0.383968
124.7437	0.391093
138.5781	0.396286
153.1662	0.403954
167.2355	0.409561
181.1023	0.41412
195.0516	0.417913
208.9712	0.421398
222.9817	0.427835
236.9256	0.422644
250.8424	0.426571
264.6034	0.427489
278.401	0.430629
292.3223	0.429524
306.1449	0.435739
319.9598	0.435225
333.8853	0.43602
347.9021	0.436081
361.846	0.438711
375.8926	0.436877
389.8672	0.437286
403.7956	0.443716
417.7966	0.437234
431.4362	0.442497
444.9613	0.440036
458.5678	0.445091
472.3116	0.444499
485.9182	0.445917
499.6277	0.445441
513.1802	0.448143
526.9184	0.446808
540.6654	0.450762
554.2781	0.451311
567.8087	0.445586
581.5185	0.450291
595.187	0.452269
608.7953	0.451996
622.4447	0.449725
636.155	0.449924
649.8116	0.447931
663.4048	0.45081
677.0487	0.449959
690.6687	0.453289
704.3102	0.449862
717.9393	0.452295
731.7076	0.450109
745.4682	0.450804
759.1286	0.454019
772.7072	0.454865
786.1211	0.450537
799.5961	0.449324
813.0184	0.452441
826.4795	0.453196
840.2635	0.450229
853.7179	0.453564
867.2027	0.448512
880.7889	0.451475
894.3406	0.454012
907.8081	0.458406
921.2386	0.456858
934.7695	0.456971
948.3662	0.454225
961.8213	0.455628
975.4079	0.458106
988.9247	0.453364
1002.3749	0.456929
1015.978	0.454745
1029.5153	0.455421
1042.8232	0.455667
1056.2886	0.450981
1069.8132	0.453036
1083.2334	0.455534
1096.6156	0.454908
1110.1412	0.451899
1123.7318	0.451817
1137.3093	0.456844
1150.9363	0.452602
1164.5334	0.452082
1178.0012	0.454605
1191.5526	0.455142
1205.0617	0.458364
1218.5019	0.455741
1232.1776	0.457831
1245.7373	0.458916
1259.1841	0.459198
1272.5907	0.455787
1285.9984	0.459953
1299.564	0.455564
1313.0471	0.456154
1326.6917	0.458231
1340.2578	0.458504
1353.8132	0.459653
1367.329	0.460818
1380.9781	0.459583
1394.4526	0.45913
1407.8211	0.45538
1421.4166	0.456573
1434.8794	0.457418
1448.2888	0.458113
1461.8715	0.455534
1475.4951	0.458086
1488.8784	0.458802
1502.4442	0.457204
1515.915	0.459011
1529.3625	0.458943
1542.778	0.456262
1556.1059	0.461003
1569.6247	0.458528
1582.9127	0.459051
1596.3381	0.456617
1609.8009	0.454654
1623.3102	0.458486
1636.7071	0.458278
1650.1986	0.457901
1663.7147	0.456183
1677.3536	0.458321
1690.8796	0.460696
1704.3251	0.458593
1718.0052	0.459657
1731.5433	0.459788
1745.009	0.4579
1758.4744	0.460977
1772.0011	0.459791
1785.6749	0.461
1799.1876	0.460124
1812.7352	0.460362
1826.2799	0.459103
1839.697	0.457793
1853.2295	0.458912
1866.7586	0.460037
1880.3457	0.45767
1893.9791	0.457852
1907.5227	0.459558
