76.2613	0.424719
80.5285	0.44491
84.4495	0.458369
88.3223	0.471465
92.0431	0.483465
95.8885	0.494871
99.571	0.505501
103.2281	0.512589
106.8934	0.519925
110.5918	0.52608
178.774	0.531182
182.635	0.535745
186.4274	0.539189
190.2412	0.543279
193.8862	0.547692
197.7123	0.553055
201.6158	0.554832
205.4826	0.556232
209.061	0.561168
212.6774	0.564308
284.2914	0.566692
287.8412	0.564082
291.5148	0.566321
295.2601	0.567002
298.9487	0.569659
302.7318	0.570588
306.4873	0.571173
310.3112	0.571381
314.2125	0.570904
317.8524	0.572466
379.9391	0.571175
383.5112	0.571429
387.0375	0.570952
390.6347	0.569257
394.3478	0.568869
397.8758	0.569628
401.5953	0.56763
405.4804	0.567255
409.2914	0.568811
412.9121	0.568849
474.647	0.569491
478.3089	0.567778
482.1432	0.569631
485.9635	0.571121
489.6078	0.569538
493.2708	0.569429
496.8713	0.574163
500.687	0.573035
504.5395	0.575246
508.3964	0.57526
581.1562	0.576981
584.971	0.577633
588.6271	0.578024
592.2193	0.577346
595.7984	0.577986
599.5983	0.577432
603.3127	0.581114
607.0923	0.58136
610.6373	0.585103
614.1892	0.584007
688.0794	0.584343
691.8477	0.584107
695.4384	0.585834
699.0664	0.585736
702.6384	0.584581
706.3184	0.585667
709.8485	0.586243
713.3417	0.584818
716.8692	0.585453
720.3762	0.586773
774.9947	0.587038
778.5543	0.5876
782.3529	0.588106
785.8623	0.587093
789.4451	0.589332
793.2282	0.588564
796.7946	0.588198
800.4418	0.589745
804.0234	0.588826
807.5168	0.589735
873.6525	0.587991
877.3873	0.589322
880.9897	0.589354
884.7217	0.589997
888.4544	0.588098
891.9881	0.590056
895.4099	0.58859
898.9453	0.5894
902.5598	0.589552
906.0759	0.590232
972.2288	0.588939
975.798	0.593073
979.2844	0.59039
982.7952	0.592106
986.5246	0.594252
990.3059	0.592436
993.8458	0.591998
997.668	0.592301
1001.4023	0.593051
1005.1557	0.592263
1071.1579	0.592912
1074.8691	0.593685
1078.5928	0.593779
1082.3983	0.596956
1086.1843	0.595703
1089.7835	0.595822
1093.4944	0.595329
1097.2223	0.594479
1100.78	0.595026
1104.3872	0.595046
1166.9724	0.597737
1170.5496	0.597466
1174.1762	0.598276
1177.8199	0.597632
1181.6208	0.599497
1185.3539	0.599553
1188.8956	0.600211
1192.4887	0.598973
1196.2321	0.600728
1199.9736	0.602825
1269.6346	0.599746
1273.213	0.601419
1276.6975	0.600174
1280.2321	0.600687
1283.9815	0.601275
1287.5437	0.601746
1291.0395	0.601937
1294.7856	0.602986
1298.3705	0.601592
1302.1426	0.602047
1378.458	0.601437
1382.1925	0.601051
1385.8578	0.603057
1389.4776	0.603766
1393.2905	0.603797
1397.1294	0.603786
1400.7885	0.603465
1404.4131	0.604216
1407.965	0.604396
1411.5987	0.603268
1466.0167	0.605703
1469.7949	0.605412
1473.4334	0.606545
1477.1969	0.604013
1480.9455	0.605389
1484.4804	0.604408
1488.2251	0.605557
1491.7911	0.605991
1495.4685	0.605191
1499.1867	0.604561
1557.6336	0.604759
1561.4877	0.604964
1565.2755	0.604786
1568.8997	0.605603
1572.6048	0.605539
1576.2368	0.605814
1579.7511	0.605042
1583.2993	0.605873
1586.882	0.606611
1590.7023	0.604879
