11.3444	0.005509
22.7107	0.018669
33.9215	0.036964
45.1863	0.051093
56.4026	0.058829
67.7031	0.068757
78.8555	0.074447
90.2104	0.079659
101.6347	0.086142
112.8153	0.091652
124.1842	0.097245
135.5773	0.099353
146.8185	0.103154
158.159	0.109235
169.4567	0.111333
180.8803	0.116135
192.1709	0.121259
203.68	0.128081
215.1693	0.128121
226.3606	0.129508
237.4353	0.134449
248.479	0.137423
259.5934	0.141956
270.6643	0.14502
281.8776	0.14765
292.9663	0.150633
304.0505	0.152343
315.1224	0.154025
326.255	0.159168
337.3838	0.162452
348.4799	0.167962
359.769	0.167072
371.0129	0.170073
382.35	0.171521
393.4884	0.169573
404.4883	0.172531
415.6487	0.177199
426.9482	0.176083
438.083	0.178027
449.2456	0.179732
460.4474	0.182579
471.5763	0.183651
482.7757	0.185372
493.9082	0.191291
505.1875	0.191707
516.2673	0.187879
527.2206	0.193902
538.3993	0.190818
549.4917	0.196962
560.5663	0.194334
571.7414	0.200557
582.8906	0.202304
594.1185	0.203537
605.1169	0.206622
616.3016	0.207595
627.4914	0.205134
638.9442	0.207746
650.1652	0.206746
661.4403	0.211157
672.6041	0.211432
683.9565	0.214731
695.2873	0.216361
706.5907	0.218156
717.7136	0.22374
728.9315	0.223914
740.0638	0.227436
751.2306	0.229211
762.3409	0.227005
773.6542	0.228941
784.8249	0.232409
795.8836	0.237235
806.8733	0.233295
818.1298	0.238204
829.2997	0.243835
840.3477	0.240551
851.8191	0.239189
862.9183	0.243948
874.0689	0.245726
885.1876	0.246069
896.2609	0.24811
907.3811	0.248937
918.5868	0.249726
929.8958	0.252879
941.0982	0.254343
952.2027	0.254643
963.3328	0.252019
974.6193	0.255434
985.779	0.257376
996.9349	0.259231
1008.2828	0.264127
1019.4987	0.263813
1030.6362	0.262717
1041.8708	0.263403
1053.1043	0.265867
1064.4035	0.266367
1075.5677	0.264906
1086.7526	0.270712
1097.9743	0.268535
1109.2957	0.267467
1120.4329	0.275021
1131.6934	0.274756
1142.971	0.277406
1154.2787	0.275927
1165.2596	0.281719
1176.5418	0.277688
1187.7034	0.279713
1198.6654	0.283495
1209.7611	0.28457
1220.9279	0.283002
1232.1525	0.285697
1243.4126	0.285376
1254.7204	0.286222
1266.0155	0.288555
1277.0905	0.28986
1288.339	0.290563
1299.4721	0.292832
1310.7765	0.29199
1322.0673	0.293504
1333.4058	0.300799
1344.7368	0.301425
1356.0217	0.298237
1367.2381	0.29998
1378.3815	0.30488
1389.5861	0.304592
1400.9807	0.304525
1412.1168	0.30414
1423.2988	0.305323
1434.6328	0.307746
1445.9593	0.310806
1457.2181	0.309175
1468.4344	0.314274
1480.0839	0.313022
1491.2844	0.310106
1502.4866	0.312989
1513.8004	0.311777
1524.9577	0.316278
1536.2707	0.317729
1547.6436	0.316907
1558.9879	0.316513
1570.2424	0.317873
1581.3511	0.315832
1592.3575	0.317429
1603.6111	0.32033
1614.871	0.325188
1626.325	0.324362
1637.7174	0.320495
1648.9356	0.324398
1660.255	0.321687
1671.4543	0.324296
1682.6558	0.320729
1693.9124	0.322603
1705.1607	0.326129
1716.3049	0.325698
1727.4228	0.327612
1738.6511	0.325501
1749.7113	0.331686
1760.9065	0.330602
1772.2751	0.329908
1783.5025	0.329775
1794.767	0.332715
1805.8373	0.327643
1816.988	0.324946
1828.2446	0.333243
1839.4171	0.330186
1850.804	0.333965
1862.1739	0.336504
1873.4573	0.334944
1884.69	0.338
1895.8959	0.338091
1907.0958	0.337384
1918.4047	0.335122
1929.7238	0.338279
1940.7109	0.337773
1952.0424	0.339379
1963.235	0.339025
1974.4945	0.337122
1985.7161	0.339928
1997.0935	0.334964
2008.3671	0.335371
2019.6493	0.337501
2030.9174	0.33849
2042.0892	0.341277
2053.3829	0.33665
2064.5588	0.337484
2075.7289	0.338661
2086.8644	0.340023
2097.9672	0.33857
2109.2867	0.339952
2120.4676	0.343392
2131.7782	0.344579
2143.0194	0.346731
2154.2754	0.346315
2165.3766	0.348504
2176.5915	0.349463
2187.9598	0.354197
2199.2372	0.347764
2210.4117	0.351063
2221.6706	0.35055
2232.8454	0.353107
2244.0193	0.353754
2255.2605	0.350775
2266.549	0.35098
2277.8071	0.350477
2288.7937	0.346054
2299.8727	0.350009
2311.1051	0.351359
2322.4005	0.349109
2333.5805	0.352284
2344.6602	0.351231
2355.7019	0.35192
2366.9801	0.350978
2378.139	0.353492
2389.508	0.352741
2400.8057	0.350465
2411.9481	0.353201
2423.2662	0.353909
2434.2863	0.352111
2445.4276	0.35219
2456.7044	0.351787
2468.1096	0.353916
2479.3341	0.359353
2490.5756	0.357191
2501.7206	0.360355
2512.8944	0.36106
2524.03	0.355201
2535.2535	0.356017
2546.5658	0.357863
2557.7343	0.360001
2569.0538	0.355887
2580.1327	0.359271
2591.2338	0.359843
2602.3983	0.359303
2613.537	0.359624
2624.6207	0.357977
2635.9742	0.357986
2647.2577	0.362024
2658.3459	0.358705
2669.4757	0.362001
2680.659	0.359289
2691.8583	0.360477
2703.2322	0.36463
2714.6034	0.364979
2725.8883	0.362305
2737.1116	0.361022
2748.3122	0.362505
2759.6268	0.364876
2770.8923	0.361757
2782.0944	0.365002
2793.4952	0.365224
2804.6397	0.36301
2815.7661	0.361283
2826.8064	0.363798
2837.9957	0.362793
2849.3282	0.366897
2860.4953	0.364689
2871.7058	0.361795
2883.0321	0.363272
2894.3574	0.364113
2905.4617	0.365458
2916.546	0.364515
2927.8249	0.366608
2939.0131	0.36813
2950.1033	0.369097
2961.2066	0.367669
2972.3068	0.370082
2983.5103	0.371032
2994.5852	0.372137
3005.8631	0.366519
3016.9919	0.366108
3028.0058	0.360297
