5.221	0.185
8.883	0.374
12.493	0.46
15.987	0.51
19.445	0.556
22.888	0.582
26.379	0.599
29.785	0.612
33.294	0.621
36.923	0.63
40.395	0.636
43.829	0.643
47.281	0.648
50.846	0.653
54.403	0.657
57.881	0.661
61.383	0.664
64.931	0.668
68.556	0.67
72.176	0.672
75.765	0.674
79.165	0.676
82.618	0.678
86.08	0.679
89.602	0.682
93.042	0.684
96.483	0.685
99.893	0.686
103.333	0.689
106.928	0.689
110.487	0.69
114.006	0.691
117.47	0.693
120.898	0.695
124.51	0.695
128.061	0.697
131.545	0.698
135.024	0.699
138.43	0.699
141.92	0.7
145.438	0.702
148.821	0.703
152.414	0.704
155.989	0.705
159.416	0.705
162.878	0.706
166.337	0.707
169.799	0.708
173.202	0.708
176.768	0.708
180.347	0.708
183.863	0.71
187.38	0.71
190.834	0.712
194.232	0.711
197.794	0.712
201.184	0.712
204.627	0.714
208.148	0.715
211.621	0.716
215.068	0.715
218.612	0.716
222.075	0.717
225.572	0.718
229.049	0.718
232.509	0.718
236.019	0.718
239.581	0.719
243.045	0.72
246.471	0.719
249.952	0.719
253.47	0.72
256.855	0.718
260.375	0.719
263.815	0.718
267.275	0.72
270.76	0.72
274.252	0.721
277.691	0.721
281.163	0.722
284.734	0.722
288.215	0.723
291.712	0.723
295.205	0.723
298.752	0.724
302.176	0.725
305.655	0.725
309.136	0.725
312.658	0.726
316.223	0.726
319.698	0.726
323.302	0.727
326.745	0.727
330.269	0.727
333.689	0.727
337.17	0.728
340.698	0.728
344.14	0.727
347.618	0.729
351.208	0.728
354.674	0.728
358.155	0.728
361.592	0.728
365.02	0.728
368.499	0.729
371.935	0.729
375.323	0.73
378.918	0.729
382.442	0.73
385.903	0.728
389.398	0.73
392.947	0.729
396.418	0.731
399.914	0.73
403.413	0.731
406.92	0.731
410.47	0.731
413.959	0.731
417.436	0.731
420.817	0.732
424.418	0.731
427.901	0.731
431.379	0.733
434.775	0.732
438.297	0.733
441.769	0.732
445.197	0.731
448.737	0.732
452.277	0.732
455.795	0.732
459.23	0.732
462.656	0.732
466.126	0.732
469.541	0.732
473.074	0.731
476.482	0.732
479.975	0.731
483.551	0.731
487.183	0.731
490.755	0.732
494.149	0.732
497.731	0.733
501.268	0.732
504.696	0.731
508.206	0.732
511.656	0.732
515.104	0.733
518.522	0.732
522.087	0.732
525.69	0.733
529.154	0.732
532.64	0.733
536.105	0.733
539.578	0.734
543.08	0.734
546.597	0.735
550.108	0.734
553.596	0.734
557.029	0.734
560.611	0.733
564.109	0.734
567.539	0.733
570.978	0.734
574.331	0.733
577.761	0.734
581.274	0.733
584.769	0.734
588.168	0.733
591.62	0.733
595.208	0.734
598.677	0.734
602.071	0.733
605.5	0.734
608.946	0.735
612.479	0.735
616.058	0.735
619.5	0.735
623.043	0.735
626.448	0.735
629.928	0.735
633.418	0.735
636.917	0.735
640.28	0.735
643.891	0.735
647.346	0.734
650.803	0.735
654.294	0.735
657.755	0.735
661.302	0.734
664.763	0.735
668.329	0.732
671.792	0.733
675.316	0.734
678.807	0.734
682.284	0.734
685.763	0.735
689.176	0.735
692.638	0.735
696.072	0.735
699.476	0.734
702.979	0.734
706.508	0.735
709.984	0.734
713.567	0.735
717.143	0.736
720.575	0.736
724.111	0.736
727.666	0.735
731.151	0.734
734.705	0.733
738.321	0.733
741.852	0.733
745.366	0.732
748.87	0.734
752.435	0.734
755.986	0.735
759.44	0.735
762.877	0.735
766.342	0.735
769.744	0.736
773.342	0.735
776.806	0.734
780.364	0.735
783.883	0.735
787.448	0.736
790.899	0.736
794.387	0.737
797.86	0.736
801.299	0.736
804.758	0.737
808.227	0.736
811.768	0.737
815.178	0.736
818.616	0.736
822.124	0.736
825.495	0.738
829.018	0.737
832.591	0.736
836.098	0.736
839.518	0.736
843.057	0.736
846.477	0.735
849.912	0.735
853.346	0.735
856.792	0.736
860.296	0.735
863.715	0.736
867.216	0.736
870.73	0.736
874.238	0.737
877.719	0.737
881.192	0.737
884.683	0.734
888.169	0.736
891.7	0.736
895.055	0.737
898.522	0.737
901.978	0.737
905.427	0.738
908.848	0.738
912.42	0.738
916.009	0.738
919.387	0.738
922.767	0.737
926.27	0.737
929.622	0.739
933.101	0.738
936.594	0.736
940.254	0.738
943.832	0.738
947.377	0.737
950.968	0.736
954.37	0.737
957.854	0.738
961.287	0.738
964.824	0.738
968.325	0.737
971.92	0.737
975.386	0.738
978.843	0.738
982.224	0.738
985.817	0.737
989.224	0.738
992.645	0.736
996.152	0.738
999.684	0.738
1003.044	0.738
1006.518	0.738
1009.936	0.738
1013.262	0.738
1016.703	0.738
1020.205	0.738
1023.79	0.739
1027.153	0.738
1030.628	0.738
1034.102	0.738
1037.559	0.738
1041.0	0.738
1044.49	0.739
1047.967	0.738
1051.331	0.739
1054.79	0.738
1058.211	0.738
1061.715	0.739
1065.221	0.738
1068.633	0.737
1072.116	0.738
1075.639	0.738
1079.126	0.737
1082.638	0.737
1086.015	0.737
1089.463	0.736
1092.928	0.737
1096.451	0.737
1099.917	0.737
1103.44	0.737
1106.883	0.737
1110.376	0.736
1113.905	0.738
1117.425	0.736
1120.811	0.736
1124.191	0.737
1127.595	0.736
1131.12	0.738
1134.58	0.738
1138.121	0.738
1141.712	0.738
1145.275	0.738
1148.674	0.737
1152.216	0.738
1155.669	0.738
1159.073	0.736
1162.629	0.737
1166.214	0.738
1169.816	0.738
1173.265	0.738
1176.71	0.737
1180.296	0.739
1183.821	0.737
1187.232	0.737
1190.806	0.738
1194.311	0.737
1197.718	0.738
1201.299	0.738
1204.839	0.738
1208.314	0.738
1211.812	0.737
1215.306	0.737
1218.711	0.737
1222.199	0.737
1225.623	0.737
1229.148	0.737
1232.689	0.738
1236.277	0.738
1239.82	0.737
1243.309	0.739
1246.784	0.739
1250.169	0.739
1253.679	0.738
1257.222	0.739
1260.821	0.738
1264.308	0.739
1267.792	0.738
1271.327	0.739
1274.9	0.739
1278.329	0.738
1281.91	0.739
1285.445	0.739
1288.868	0.739
1292.389	0.739
1295.793	0.738
1299.282	0.737
1302.736	0.738
1306.254	0.738
1309.753	0.737
1313.172	0.737
1316.655	0.737
1320.061	0.738
1323.552	0.737
1327.136	0.737
1330.488	0.737
1333.926	0.736
1337.258	0.736
1340.727	0.736
1344.201	0.737
1347.655	0.736
1351.151	0.736
1354.674	0.736
1358.181	0.737
1361.771	0.736
1365.285	0.736
1368.683	0.736
1372.18	0.737
1375.784	0.737
1379.269	0.738
1382.763	0.738
1386.252	0.739
1389.727	0.738
1393.291	0.738
1396.649	0.737
1400.154	0.737
1403.602	0.738
1407.119	0.738
1410.636	0.738
1414.195	0.738
1417.645	0.738
1421.201	0.738
1424.65	0.738
1428.118	0.738
1431.534	0.738
1435.035	0.738
1438.321	0.738
1441.749	0.738
1445.195	0.738
1448.673	0.739
1452.191	0.739
1455.674	0.74
1459.122	0.74
1462.54	0.739
1466.049	0.738
1469.546	0.74
1473.041	0.74
1476.509	0.74
1479.955	0.741
1483.441	0.74
1486.95	0.741
1490.441	0.741
1494.01	0.74
1497.588	0.74
1501.043	0.741
1504.552	0.741
1508.005	0.741
1511.521	0.741
1515.081	0.74
1518.534	0.741
1522.005	0.741
1525.408	0.741
1528.891	0.741
1532.311	0.741
1535.856	0.741
1539.417	0.741
1542.908	0.742
1546.387	0.741
1549.891	0.741
1553.395	0.74
1556.954	0.74
1560.379	0.741
1563.902	0.741
1567.352	0.741
1570.761	0.741
1574.273	0.74
1577.768	0.74
1581.32	0.741
1584.756	0.74
1588.158	0.741
1591.649	0.74
1595.162	0.741
1598.625	0.74
1602.142	0.74
1605.682	0.741
1609.085	0.741
1612.573	0.741
1616.156	0.74
1619.616	0.74
1623.214	0.74
1626.727	0.741
1630.204	0.74
1633.776	0.74
1637.186	0.74
1640.613	0.74
1644.148	0.74
1647.665	0.741
1651.178	0.74
1654.656	0.74
1658.165	0.74
1661.647	0.74
1665.088	0.74
1668.678	0.74
1672.138	0.74
1675.703	0.741
1679.193	0.741
1682.78	0.739
1686.325	0.739
1689.872	0.739
1693.469	0.74
1696.896	0.739
1700.34	0.738
1703.79	0.739
1707.18	0.739
1710.684	0.74
1714.059	0.739
1717.509	0.739
1721.039	0.739
1724.672	0.739
1728.079	0.738
1731.587	0.739
1735.021	0.74
1738.532	0.74
1742.038	0.739
1745.552	0.74
1749.044	0.739
1752.556	0.739
1755.992	0.739
1759.475	0.739
1762.784	0.739
1766.333	0.739
1769.917	0.739
1773.441	0.739
1776.869	0.739
1780.314	0.74
1783.894	0.74
1787.378	0.74
1790.771	0.74
1794.089	0.741
1797.654	0.741
1801.045	0.741
1804.624	0.74
1808.089	0.739
1811.616	0.739
1815.061	0.738
1818.529	0.739
1822.08	0.739
1825.518	0.739
1829.007	0.74
1832.562	0.74
1836.04	0.741
1839.562	0.741
1843.086	0.741
1846.531	0.74
1849.97	0.741
1853.48	0.74
1856.946	0.741
1860.462	0.739
1864.011	0.739
1867.507	0.741
1870.907	0.74
1874.505	0.74
1877.868	0.74
1881.415	0.74
1884.979	0.74
1888.501	0.74
1892.006	0.74
1895.518	0.739
1899.042	0.739
1902.55	0.739
1906.065	0.739
1909.566	0.739
1913.136	0.739
1916.645	0.74
1920.07	0.739
1923.445	0.74
1926.976	0.739
1930.45	0.739
1933.97	0.739
1937.5	0.739
1940.959	0.74
1944.409	0.74
1947.793	0.74
1951.201	0.74
1954.665	0.74
1958.167	0.74
1961.62	0.74
1965.071	0.74
1968.56	0.741
1972.109	0.74
1975.576	0.741
1979.087	0.741
1982.584	0.74
1986.013	0.74
1989.402	0.74
1992.846	0.739
1996.279	0.739
1999.73	0.74
2003.139	0.74
2006.541	0.74
2010.09	0.741
2013.567	0.742
2016.897	0.74
2020.38	0.741
2023.806	0.741
2027.321	0.741
2030.861	0.74
2034.378	0.742
2037.828	0.742
2041.34	0.741
2044.832	0.741
2048.322	0.74
2051.858	0.741
2055.384	0.741
2058.801	0.741
2062.146	0.741
2065.575	0.74
2069.094	0.741
2072.561	0.741
2076.064	0.742
2079.576	0.742
2083.154	0.741
2086.622	0.74
2090.072	0.74
2093.704	0.741
2097.146	0.74
2100.59	0.741
2104.022	0.741
2107.439	0.741
2110.974	0.741
2114.492	0.741
2117.914	0.741
2121.416	0.742
2124.905	0.741
2128.446	0.741
2131.938	0.739
2135.362	0.741
2138.778	0.741
2142.313	0.74
2145.789	0.74
2149.171	0.739
2152.675	0.739
2156.176	0.74
2159.727	0.739
2163.304	0.741
2166.786	0.74
2170.225	0.74
2173.7	0.74
2177.167	0.741
2180.691	0.74
2184.127	0.741
2187.497	0.74
2191.048	0.741
2194.592	0.741
2198.036	0.741
2201.475	0.74
2204.925	0.741
2208.361	0.741
2211.897	0.739
2215.409	0.739
2218.911	0.741
2222.378	0.74
2225.933	0.74
2229.476	0.739
2232.993	0.739
2236.473	0.739
2239.988	0.739
2243.454	0.74
2246.857	0.74
2250.422	0.74
2253.837	0.74
2257.331	0.739
2260.725	0.74
2264.204	0.738
2267.696	0.739
2271.177	0.741
2274.662	0.74
2278.098	0.74
2281.466	0.74
2285.02	0.739
2288.358	0.738
2291.915	0.738
2295.292	0.739
2298.733	0.739
2302.122	0.739
2305.564	0.739
2308.976	0.739
2312.486	0.739
2316.05	0.74
2319.443	0.739
2322.845	0.739
2326.326	0.738
2329.824	0.739
2333.35	0.739
2336.724	0.739
2340.257	0.74
2343.766	0.738
2347.189	0.74
2350.706	0.74
2354.264	0.74
2357.77	0.74
2361.233	0.74
2364.744	0.739
2368.277	0.739
2371.797	0.74
2375.354	0.739
2378.89	0.741
2382.33	0.739
2385.84	0.739
2389.2	0.74
2392.739	0.739
2396.178	0.74
2399.701	0.74
2403.051	0.739
2406.551	0.74
2410.094	0.739
2413.438	0.74
2416.883	0.739
2420.441	0.739
2423.961	0.739
2427.494	0.74
2430.918	0.74
2434.423	0.74
2437.818	0.74
2441.357	0.739
2444.927	0.739
2448.391	0.739
2451.819	0.738
2455.326	0.74
2458.744	0.738
2462.211	0.738
2465.748	0.738
2469.195	0.738
2472.662	0.739
2476.022	0.74
2479.504	0.739
2482.944	0.739
2486.346	0.74
2489.88	0.74
2493.318	0.739
2496.76	0.74
2500.168	0.74
2503.594	0.739
2507.132	0.739
2510.505	0.737
2514.044	0.739
2517.672	0.739
2521.172	0.74
2524.622	0.739
2528.123	0.739
2531.546	0.74
2535.029	0.739
2538.472	0.74
2542.059	0.74
2545.553	0.74
2548.997	0.74
2552.392	0.74
2555.9	0.741
2559.452	0.741
2562.956	0.74
2566.421	0.741
2569.987	0.739
2573.376	0.74
2576.932	0.739
2580.395	0.738
2583.919	0.739
2587.423	0.739
2590.806	0.738
2594.257	0.738
2597.769	0.738
2601.175	0.738
2604.633	0.739
2608.171	0.739
2611.712	0.739
2615.188	0.739
2618.701	0.739
2622.144	0.739
2625.536	0.739
2628.99	0.738
2632.462	0.738
2636.041	0.739
2639.542	0.739
2643.075	0.741
2646.574	0.74
2650.029	0.741
2653.435	0.741
2656.956	0.74
2660.409	0.74
2663.841	0.74
2667.252	0.74
2670.744	0.739
2674.254	0.741
2677.871	0.74
2681.315	0.74
2684.786	0.74
2688.427	0.74
2691.966	0.74
2695.449	0.742
2698.744	0.741
2702.265	0.74
2705.783	0.739
2709.198	0.74
2712.656	0.739
2716.116	0.739
2719.531	0.74
2723.074	0.74
2726.532	0.74
2729.964	0.74
2733.404	0.739
2736.805	0.74
2740.216	0.74
2743.761	0.74
2747.272	0.74
2750.654	0.74
2754.053	0.739
2757.439	0.74
2760.918	0.739
2764.337	0.739
2767.763	0.739
2771.319	0.74
2774.873	0.74
2778.294	0.739
2781.751	0.74
2785.28	0.74
2788.746	0.74
2792.142	0.739
2795.432	0.74
2798.884	0.741
2802.373	0.739
2805.851	0.739
2809.291	0.74
2812.689	0.739
2816.262	0.739
2819.813	0.739
2823.302	0.739
2826.769	0.74
2830.289	0.741
2833.771	0.741
2837.248	0.74
2840.731	0.741
2844.148	0.74
2847.638	0.741
2851.137	0.741
2854.604	0.74
2858.141	0.741
2861.719	0.74
2865.231	0.74
2868.631	0.74
2872.083	0.74
2875.696	0.74
2879.226	0.74
2882.644	0.74
2886.127	0.741
2889.554	0.741
2893.006	0.741
2896.489	0.741
2900.053	0.74
2903.557	0.74
2906.974	0.74
2910.452	0.74
2913.878	0.74
2917.444	0.739
2920.942	0.741
2924.403	0.741
2927.954	0.741
2931.472	0.742
2934.995	0.74
2938.502	0.741
2942.088	0.741
2945.643	0.741
2949.069	0.74
2952.615	0.74
2956.051	0.74
2959.622	0.739
2963.133	0.74
2966.556	0.74
2969.974	0.74
2973.357	0.74
2976.954	0.739
2980.49	0.74
2984.04	0.74
2987.49	0.739
2991.007	0.739
2994.62	0.74
2998.19	0.74
3001.659	0.741
3005.129	0.74
3008.679	0.74
3012.076	0.74
3015.598	0.74
3019.015	0.739
3022.509	0.739
3026.135	0.739
3029.565	0.74
3033.103	0.74
3036.652	0.74
3040.098	0.74
3043.673	0.74
3047.272	0.74
3050.768	0.741
3054.215	0.74
3057.694	0.741
3061.092	0.741
3064.565	0.739
3068.056	0.741
3071.555	0.74
3075.137	0.74
3078.631	0.74
3082.141	0.738
3085.626	0.739
3089.209	0.74
3092.749	0.739
3096.216	0.738
3099.546	0.739
3103.15	0.739
3106.528	0.74
3109.988	0.739
3113.506	0.739
3117.017	0.738
3120.443	0.738
3123.962	0.739
3127.561	0.738
3131.09	0.739
3134.664	0.74
3138.203	0.739
3141.66	0.738
3145.07	0.738
3148.541	0.739
3151.991	0.739
3155.373	0.74
3158.879	0.74
3162.245	0.741
3165.766	0.74
3169.172	0.74
3172.585	0.74
3176.016	0.74
3179.469	0.739
3182.974	0.74
3186.503	0.741
3190.007	0.74
3193.542	0.741
3197.093	0.741
3200.542	0.742
3204.176	0.741
3207.618	0.741
3211.143	0.742
3214.59	0.74
3218.107	0.741
3221.622	0.741
3224.963	0.742
3228.528	0.741
3232.068	0.74
3235.51	0.741
3238.956	0.74
3242.521	0.74
3246.072	0.741
3249.496	0.74
3252.933	0.74
3256.463	0.74
3259.856	0.739
3263.249	0.74
3266.829	0.741
3270.339	0.74
3273.817	0.739
3277.244	0.739
3280.792	0.74
3284.262	0.74
3287.781	0.74
3291.355	0.74
3294.942	0.74
3298.44	0.741
3301.94	0.74
3305.444	0.74
3308.814	0.74
3312.299	0.74
3315.786	0.739
3319.232	0.739
3322.678	0.74
3326.175	0.739
3329.607	0.739
3333.136	0.739
3336.583	0.74
3340.097	0.739
3343.701	0.74
3347.231	0.74
3350.739	0.741
3354.272	0.74
3357.898	0.74
3361.364	0.74
3364.87	0.74
3368.405	0.739
3371.967	0.74
3375.4	0.739
3378.898	0.739
3382.419	0.739
3385.935	0.74
3389.503	0.74
3392.997	0.739
3396.526	0.739
3399.987	0.74
3403.522	0.739
3406.953	0.738
3410.477	0.74
3413.848	0.739
3417.365	0.739
3420.814	0.738
3424.285	0.74
3427.784	0.739
3431.287	0.739
3434.687	0.74
3438.263	0.74
3441.729	0.74
3445.267	0.74
3448.666	0.74
3452.071	0.74
3455.492	0.739
3458.961	0.74
3462.29	0.739
3465.78	0.74
3469.287	0.74
3472.779	0.74
3476.212	0.74
3479.668	0.74
3483.204	0.74
3486.625	0.739
3490.109	0.739
3493.623	0.739
3497.067	0.74
3500.485	0.74
3503.882	0.74
3507.347	0.74
3510.764	0.74
3514.282	0.74
3517.76	0.741
3521.259	0.741
3524.755	0.74
3528.113	0.741
3531.595	0.741
3535.065	0.739
3538.558	0.74
3542.035	0.741
3545.488	0.741
3548.941	0.742
3552.366	0.742
3555.866	0.741
3559.325	0.741
3562.915	0.741
3566.364	0.741
3569.831	0.741
3573.283	0.74
3576.759	0.74
3580.264	0.74
3583.79	0.74
3587.401	0.739
3590.803	0.739
3594.18	0.739
3597.603	0.74
3601.128	0.74
3604.537	0.74
3608.064	0.739
3611.626	0.738
3615.096	0.739
3618.512	0.74
3621.894	0.74
3625.343	0.74
3628.844	0.74
3632.278	0.74
3635.614	0.739
3639.081	0.738
3642.595	0.739
3646.099	0.738
3649.514	0.738
3652.976	0.739
3656.386	0.74
3659.881	0.739
3663.295	0.739
3666.807	0.74
3670.247	0.74
3673.794	0.74
3677.248	0.739
3680.738	0.739
3684.226	0.739
3687.814	0.739
3691.31	0.739
3694.846	0.739
3698.376	0.739
3701.774	0.739
3705.292	0.739
3708.827	0.739
3712.29	0.739
3715.712	0.737
3719.153	0.738
3722.676	0.739
3726.114	0.738
3729.547	0.739
3733.027	0.739
3736.502	0.739
3740.136	0.739
3743.646	0.739
3747.152	0.74
3750.659	0.739
3754.203	0.74
3757.691	0.74
3761.195	0.74
3764.675	0.739
3768.181	0.739
3771.651	0.739
3775.119	0.74
3778.615	0.74
3782.033	0.74
3785.427	0.741
3788.943	0.74
3792.493	0.74
3796.093	0.74
3799.611	0.739
3803.126	0.74
3806.55	0.739
3810.123	0.739
3813.63	0.739
3816.966	0.739
3820.363	0.739
3823.808	0.738
3827.288	0.739
3830.854	0.739
3834.422	0.739
3837.818	0.74
3841.367	0.741
3844.92	0.742
3848.277	0.741
3851.698	0.741
3855.17	0.741
3858.533	0.74
3862.05	0.74
3865.526	0.739
3869.104	0.74
3872.491	0.74
3875.926	0.741
3879.416	0.739
3882.963	0.741
3886.532	0.741
3890.003	0.74
3893.54	0.74
3897.107	0.739
3900.555	0.739
3904.051	0.74
3907.627	0.74
3911.114	0.74
3914.593	0.74
3917.985	0.74
3921.497	0.741
3925.008	0.741
3928.515	0.741
3932.029	0.74
3935.544	0.741
3938.995	0.74
3942.437	0.74
3945.927	0.74
3949.368	0.74
3952.807	0.741
3956.287	0.74
3959.746	0.741
3963.191	0.74
3966.591	0.74
3970.167	0.741
3973.613	0.74
3977.143	0.741
3980.751	0.741
3984.211	0.741
3987.755	0.74
3991.288	0.741
3994.636	0.74
3998.097	0.74
4001.656	0.741
4005.222	0.74
4008.805	0.74
4012.326	0.74
4015.828	0.741
4019.247	0.74
4022.826	0.741
4026.281	0.741
4029.816	0.74
4033.304	0.74
4036.765	0.74
4040.285	0.74
4043.782	0.74
4047.267	0.74
4050.756	0.741
4054.208	0.741
4057.718	0.741
4061.098	0.74
4064.546	0.74
4068.043	0.741
4071.513	0.74
4075.05	0.741
4078.556	0.741
4081.996	0.74
4085.431	0.74
4088.982	0.741
4092.429	0.74
4095.921	0.741
4099.397	0.74
4102.904	0.74
4106.421	0.739
4109.891	0.741
4113.526	0.74
4117.042	0.741
4120.398	0.741
4123.949	0.742
4127.486	0.742
4130.935	0.742
4134.474	0.741
4137.902	0.741
4141.44	0.743
4144.935	0.741
4148.428	0.742
4152.001	0.741
4155.555	0.741
4159.138	0.741
4162.62	0.741
4166.098	0.741
4169.69	0.74
4173.205	0.741
4176.697	0.742
4180.256	0.741
4183.75	0.74
