5.221	0.185
8.883	0.374
12.493	0.46
15.987	0.51
19.445	0.556
22.888	0.582
26.379	0.599
29.785	0.612
33.294	0.621
36.923	0.63
40.395	0.636
43.829	0.643
47.281	0.648
50.846	0.653
54.403	0.657
57.881	0.661
61.383	0.664
64.931	0.668
68.556	0.67
72.176	0.672
75.765	0.674
79.165	0.676
82.618	0.678
86.08	0.679
89.602	0.682
93.042	0.684
96.483	0.685
99.893	0.686
103.333	0.689
106.928	0.689
110.487	0.69
114.006	0.691
117.47	0.693
120.898	0.695
124.51	0.695
128.061	0.697
131.545	0.698
135.024	0.699
138.43	0.699
141.92	0.7
145.438	0.702
148.821	0.703
152.414	0.704
155.989	0.705
159.416	0.705
162.878	0.706
166.337	0.707
169.799	0.708
173.202	0.708
176.768	0.708
180.347	0.708
183.863	0.71
187.38	0.71
190.834	0.712
194.232	0.711
197.794	0.712
201.184	0.712
204.627	0.714
208.148	0.715
211.621	0.716
215.068	0.715
218.612	0.716
222.075	0.717
225.572	0.718
229.049	0.718
232.509	0.718
236.019	0.718
239.581	0.719
243.045	0.72
246.471	0.719
249.952	0.719
253.47	0.72
256.855	0.718
260.375	0.719
263.815	0.718
267.275	0.72
270.76	0.72
274.252	0.721
277.691	0.721
281.163	0.722
284.734	0.722
288.215	0.723
291.712	0.723
295.205	0.723
298.752	0.724
302.176	0.725
305.655	0.725
309.136	0.725
312.658	0.726
316.223	0.726
319.698	0.726
323.302	0.727
326.745	0.727
330.269	0.727
333.689	0.727
337.17	0.728
340.698	0.728
344.14	0.727
347.618	0.729
351.208	0.728
354.674	0.728
358.155	0.728
361.592	0.728
365.02	0.728
368.499	0.729
371.935	0.729
375.323	0.73
378.918	0.729
382.442	0.73
385.903	0.728
389.398	0.73
392.947	0.729
396.418	0.731
399.914	0.73
403.413	0.731
406.92	0.731
410.47	0.731
413.959	0.731
417.436	0.731
420.817	0.732
424.418	0.731
427.901	0.731
431.379	0.733
434.775	0.732
438.297	0.733
441.769	0.732
445.197	0.731
448.737	0.732
452.277	0.732
455.795	0.732
459.23	0.732
462.656	0.732
466.126	0.732
469.541	0.732
473.074	0.731
476.482	0.732
479.975	0.731
483.551	0.731
487.183	0.731
490.755	0.732
494.149	0.732
497.731	0.733
501.268	0.732
504.696	0.731
508.206	0.732
511.656	0.732
515.104	0.733
518.522	0.732
522.087	0.732
525.69	0.733
529.154	0.732
532.64	0.733
536.105	0.733
539.578	0.734
543.08	0.734
546.597	0.735
550.108	0.734
553.596	0.734
557.029	0.734
560.611	0.733
564.109	0.734
567.539	0.733
570.978	0.734
574.331	0.733
577.761	0.734
581.274	0.733
584.769	0.734
588.168	0.733
591.62	0.733
595.208	0.734
598.677	0.734
602.071	0.733
605.5	0.734
608.946	0.735
612.479	0.735
616.058	0.735
619.5	0.735
623.043	0.735
626.448	0.735
629.928	0.735
633.418	0.735
636.917	0.735
640.28	0.735
643.891	0.735
647.346	0.734
650.803	0.735
654.294	0.735
657.755	0.735
661.302	0.734
664.763	0.735
668.329	0.732
671.792	0.733
675.316	0.734
678.807	0.734
682.284	0.734
685.763	0.735
689.176	0.735
692.638	0.735
696.072	0.735
699.476	0.734
702.979	0.734
706.508	0.735
709.984	0.734
713.567	0.735
717.143	0.736
720.575	0.736
724.111	0.736
727.666	0.735
731.151	0.734
734.705	0.733
738.321	0.733
741.852	0.733
745.366	0.732
748.87	0.734
752.435	0.734
755.986	0.735
759.44	0.735
762.877	0.735
766.342	0.735
769.744	0.736
773.342	0.735
776.806	0.734
780.364	0.735
783.883	0.735
787.448	0.736
790.899	0.736
794.387	0.737
797.86	0.736
801.299	0.736
804.758	0.737
808.227	0.736
811.768	0.737
815.178	0.736
818.616	0.736
822.124	0.736
825.495	0.738
829.018	0.737
832.591	0.736
836.098	0.736
839.518	0.736
843.057	0.736
846.477	0.735
849.912	0.735
853.346	0.735
856.792	0.736
860.296	0.735
863.715	0.736
867.216	0.736
870.73	0.736
874.238	0.737
877.719	0.737
881.192	0.737
884.683	0.734
888.169	0.736
891.7	0.736
895.055	0.737
898.522	0.737
901.978	0.737
905.427	0.738
908.848	0.738
912.42	0.738
916.009	0.738
919.387	0.738
922.767	0.737
926.27	0.737
929.622	0.739
933.101	0.738
936.594	0.736
940.254	0.738
943.832	0.738
947.377	0.737
950.968	0.736
954.37	0.737
957.854	0.738
961.287	0.738
964.824	0.738
968.325	0.737
971.92	0.737
975.386	0.738
978.843	0.738
982.224	0.738
985.817	0.737
989.224	0.738
992.645	0.736
996.152	0.738
999.684	0.738
1003.044	0.738
1006.518	0.738
1009.936	0.738
1013.262	0.738
1016.703	0.738
1020.205	0.738
1023.79	0.739
1027.153	0.738
1030.628	0.738
1034.102	0.738
1037.559	0.738
1041.0	0.738
1044.49	0.739
1047.967	0.738
1051.331	0.739
1054.79	0.738
1058.211	0.738
1061.715	0.739
1065.221	0.738
1068.633	0.737
1072.116	0.738
1075.639	0.738
1079.126	0.737
1082.638	0.737
1086.015	0.737
1089.463	0.736
1092.928	0.737
1096.451	0.737
1099.917	0.737
1103.44	0.737
1106.883	0.737
1110.376	0.736
1113.905	0.738
1117.425	0.736
1120.811	0.736
1124.191	0.737
1127.595	0.736
1131.12	0.738
1134.58	0.738
1138.121	0.738
1141.712	0.738
1145.275	0.738
1148.674	0.737
1152.216	0.738
1155.669	0.738
1159.073	0.736
1162.629	0.737
1166.214	0.738
1169.816	0.738
1173.265	0.738
1176.71	0.737
1180.296	0.739
1183.821	0.737
1187.232	0.737
1190.806	0.738
1194.311	0.737
1197.718	0.738
1201.299	0.738
1204.839	0.738
1208.314	0.738
1211.812	0.737
1215.306	0.737
1218.711	0.737
1222.199	0.737
1225.623	0.737
1229.148	0.737
1232.689	0.738
1236.277	0.738
1239.82	0.737
1243.309	0.739
1246.784	0.739
1250.169	0.739
1253.679	0.738
1257.222	0.739
1260.821	0.738
1264.308	0.739
1267.792	0.738
1271.327	0.739
1274.9	0.739
1278.329	0.738
1281.91	0.739
1285.445	0.739
1288.868	0.739
1292.389	0.739
1295.793	0.738
1299.282	0.737
1302.736	0.738
1306.254	0.738
1309.753	0.737
1313.172	0.737
1316.655	0.737
1320.061	0.738
1323.552	0.737
1327.136	0.737
1330.488	0.737
1333.926	0.736
1337.258	0.736
1340.727	0.736
1344.201	0.737
1347.655	0.736
1351.151	0.736
1354.674	0.736
1358.181	0.737
1361.771	0.736
1365.285	0.736
1368.683	0.736
1372.18	0.737
1375.784	0.737
1379.269	0.738
1382.763	0.738
1386.252	0.739
1389.727	0.738
1393.291	0.738
1396.649	0.737
1400.154	0.737
1403.602	0.738
1407.119	0.738
1410.636	0.738
1414.195	0.738
1417.645	0.738
1421.201	0.738
1424.65	0.738
1428.118	0.738
1431.534	0.738
1435.035	0.738
1438.321	0.738
1441.749	0.738
1445.195	0.738
1448.673	0.739
1452.191	0.739
1455.674	0.74
1459.122	0.74
1462.54	0.739
1466.049	0.738
1469.546	0.74
1473.041	0.74
1476.509	0.74
1479.955	0.741
1483.441	0.74
1486.95	0.741
1490.441	0.741
1494.01	0.74
1497.588	0.74
1501.043	0.741
1504.552	0.741
1508.005	0.741
1511.521	0.741
1515.081	0.74
1518.534	0.741
1522.005	0.741
1525.408	0.741
1528.891	0.741
1532.311	0.741
1535.856	0.741
1539.417	0.741
1542.908	0.742
1546.387	0.741
1549.891	0.741
1553.395	0.74
1556.954	0.74
1560.379	0.741
1563.902	0.741
1567.352	0.741
1570.761	0.741
1574.273	0.74
1577.768	0.74
1581.32	0.741
1584.756	0.74
1588.158	0.741
1591.649	0.74
1595.162	0.741
1598.625	0.74
1602.142	0.74
1605.682	0.741
1609.085	0.741
1612.573	0.741
1616.156	0.74
1619.616	0.74
1623.214	0.74
1626.727	0.741
1630.204	0.74
1633.776	0.74
1637.186	0.74
1640.613	0.74
1644.148	0.74
1647.665	0.741
1651.178	0.74
1654.656	0.74
1658.165	0.74
1661.647	0.74
1665.088	0.74
1668.678	0.74
1672.138	0.74
1675.703	0.741
1679.193	0.741
1682.78	0.739
1686.325	0.739
1689.872	0.739
1693.469	0.74
1696.896	0.739
1700.34	0.738
1703.79	0.739
1707.18	0.739
1710.684	0.74
1714.059	0.739
1717.509	0.739
1721.039	0.739
1724.672	0.739
1728.079	0.738
1731.587	0.739
1735.021	0.74
1738.532	0.74
1742.038	0.739
1745.552	0.74
1749.044	0.739
1752.556	0.739
1755.992	0.739
1759.475	0.739
1762.784	0.739
1766.333	0.739
1769.917	0.739
1773.441	0.739
1776.869	0.739
1780.314	0.74
1783.894	0.74
1787.378	0.74
1790.771	0.74
1794.089	0.741
1797.654	0.741
1801.045	0.741
1804.624	0.74
1808.089	0.739
1811.616	0.739
1815.061	0.738
1818.529	0.739
1822.08	0.739
1825.518	0.739
1829.007	0.74
1832.562	0.74
1836.04	0.741
1839.562	0.741
1843.086	0.741
1846.531	0.74
1849.97	0.741
1853.48	0.74
1856.946	0.741
1860.462	0.739
1864.011	0.739
1867.507	0.741
1870.907	0.74
1874.505	0.74
1877.868	0.74
1881.415	0.74
1884.979	0.74
1888.501	0.74
1892.006	0.74
1895.518	0.739
1899.042	0.739
1902.55	0.739
1906.065	0.739
1909.566	0.739
1913.136	0.739
1916.645	0.74
1920.07	0.739
1923.445	0.74
1926.976	0.739
1930.45	0.739
1933.97	0.739
1937.5	0.739
1940.959	0.74
1944.409	0.74
1947.793	0.74
1951.201	0.74
1954.665	0.74
1958.167	0.74
1961.62	0.74
1965.071	0.74
1968.56	0.741
1972.109	0.74
1975.576	0.741
1979.087	0.741
1982.584	0.74
1986.013	0.74
1989.402	0.74
1992.846	0.739
1996.279	0.739
1999.73	0.74
2003.139	0.74
2006.541	0.74
2010.09	0.741
2013.567	0.742
2016.897	0.74
2020.38	0.741
2023.806	0.741
2027.321	0.741
2030.861	0.74
2034.378	0.742
2037.828	0.742
2041.34	0.741
2044.832	0.741
2048.322	0.74
2051.858	0.741
2055.384	0.741
2058.801	0.741
2062.146	0.741
2065.575	0.74
2069.094	0.741
2072.561	0.741
2076.064	0.742
2079.576	0.742
2083.154	0.741
2086.622	0.74
2090.072	0.74
2093.704	0.741
2097.146	0.74
2100.59	0.741
2104.022	0.741
2107.439	0.741
2110.974	0.741
2114.492	0.741
2117.914	0.741
2121.416	0.742
2124.905	0.741
2128.446	0.741
2131.938	0.739
2135.362	0.741
2138.778	0.741
2142.313	0.74
2145.789	0.74
2149.171	0.739
2152.675	0.739
2156.176	0.74
2159.727	0.739
2163.304	0.741
2166.786	0.74
2170.225	0.74
2173.7	0.74
2177.167	0.741
2180.691	0.74
2184.127	0.741
2187.497	0.74
2191.048	0.741
2194.592	0.741
2198.036	0.741
2201.475	0.74
2204.925	0.741
2208.361	0.741
2211.897	0.739
2215.409	0.739
2218.911	0.741
2222.378	0.74
2225.933	0.74
2229.476	0.739
2232.993	0.739
2236.473	0.739
2239.988	0.739
2243.454	0.74
2246.857	0.74
2250.422	0.74
2253.837	0.74
2257.331	0.739
2260.725	0.74
2264.204	0.738
2267.696	0.739
2271.177	0.741
2274.662	0.74
2278.098	0.74
2281.466	0.74
2285.02	0.739
2288.358	0.738
2291.915	0.738
2295.292	0.739
2298.733	0.739
2302.122	0.739
2305.564	0.739
2308.976	0.739
2312.486	0.739
2316.05	0.74
2319.443	0.739
2322.845	0.739
2326.326	0.738
2329.824	0.739
2333.35	0.739
2336.724	0.739
2340.257	0.74
2343.766	0.738
2347.189	0.74
2350.706	0.74
2354.264	0.74
2357.77	0.74
2361.233	0.74
2364.744	0.739
2368.277	0.739
2371.797	0.74
2375.354	0.739
2378.89	0.741
2382.33	0.739
2385.84	0.739
2389.2	0.74
2392.739	0.739
2396.178	0.74
2399.701	0.74
2403.051	0.739
2406.551	0.74
2410.094	0.739
2413.438	0.74
2416.883	0.739
2420.441	0.739
2423.961	0.739
2427.494	0.74
2430.918	0.74
2434.423	0.74
2437.818	0.74
2441.357	0.739
2444.927	0.739
2448.391	0.739
2451.819	0.738
2455.326	0.74
2458.744	0.738
2462.211	0.738
2465.748	0.738
2469.195	0.738
2472.662	0.739
2476.022	0.74
2479.504	0.739
2482.944	0.739
2486.346	0.74
2489.88	0.74
2493.318	0.739
2496.76	0.74
2500.168	0.74
2503.594	0.739
2507.132	0.739
2510.505	0.737
2514.044	0.739
2517.672	0.739
2521.172	0.74
2524.622	0.739
2528.123	0.739
2531.546	0.74
2535.029	0.739
2538.472	0.74
2542.059	0.74
2545.553	0.74
2548.997	0.74
2552.392	0.74
2555.9	0.741
2559.452	0.741
2562.956	0.74
2566.421	0.741
2569.987	0.739
2573.376	0.74
2576.932	0.739
2580.395	0.738
2583.919	0.739
2587.423	0.739
2590.806	0.738
2594.257	0.738
2597.769	0.738
2601.175	0.738
2604.633	0.739
2608.171	0.739
2611.712	0.739
2615.188	0.739
2618.701	0.739
2622.144	0.739
2625.536	0.739
2628.99	0.738
2632.462	0.738
2636.041	0.739
2639.542	0.739
2643.075	0.741
2646.574	0.74
2650.029	0.741
2653.435	0.741
2656.956	0.74
2660.409	0.74
2663.841	0.74
2667.252	0.74
2670.744	0.739
2674.254	0.741
2677.871	0.74
2681.315	0.74
2684.786	0.74
2688.427	0.74
2691.966	0.74
2695.449	0.742
2698.744	0.741
2702.265	0.74
2705.783	0.739
2709.198	0.74
2712.656	0.739
2716.116	0.739
2719.531	0.74
2723.074	0.74
2726.532	0.74
2729.964	0.74
2733.404	0.739
2736.805	0.74
2740.216	0.74
2743.761	0.74
2747.272	0.74
2750.654	0.74
2754.053	0.739
2757.439	0.74
2760.918	0.739
2764.337	0.739
2767.763	0.739
2771.319	0.74
2774.873	0.74
2778.294	0.739
2781.751	0.74
2785.28	0.74
2788.746	0.74
2792.142	0.739
2795.432	0.74
2798.884	0.741
2802.373	0.739
2805.851	0.739
2809.291	0.74
2812.689	0.739
2816.262	0.739
2819.813	0.739
2823.302	0.739
2826.769	0.74
2830.289	0.741
2833.771	0.741
2837.248	0.74
2840.731	0.741
2844.148	0.74
2847.638	0.741
2851.137	0.741
2854.604	0.74
2858.141	0.741
2861.719	0.74
2865.231	0.74
2868.631	0.74
2872.083	0.74
2875.696	0.74
2879.226	0.74
2882.644	0.74
2886.127	0.741
2889.554	0.741
2893.006	0.741
2896.489	0.741
2900.053	0.74
2903.557	0.74
2906.974	0.74
2910.452	0.74
2913.878	0.74
2917.444	0.739
2920.942	0.741
2924.403	0.741
2927.954	0.741
2931.472	0.742
2934.995	0.74
2938.502	0.741
2942.088	0.741
2945.643	0.741
2949.069	0.74
2952.615	0.74
2956.051	0.74
2959.622	0.739
2963.133	0.74
2966.556	0.74
2969.974	0.74
2973.357	0.74
2976.954	0.739
2980.49	0.74
2984.04	0.74
2987.49	0.739
2991.007	0.739
2994.62	0.74
2998.19	0.74
3001.659	0.741
3005.129	0.74
3008.679	0.74
3012.076	0.74
3015.598	0.74
3019.015	0.739
3022.509	0.739
3026.135	0.739
3029.565	0.74
3033.103	0.74
3036.652	0.74
3040.098	0.74
3043.673	0.74
3047.272	0.74
3050.768	0.741
3054.215	0.74
3057.694	0.741
3061.092	0.741
3064.565	0.739
3068.056	0.741
3071.555	0.74
3075.137	0.74
3078.631	0.74
3082.141	0.738
3085.626	0.739
3089.209	0.74
3092.749	0.739
3096.216	0.738
3099.546	0.739
3103.15	0.739
3106.528	0.74
3109.988	0.739
3113.506	0.739
3117.017	0.738
3120.443	0.738
3123.962	0.739
3127.561	0.738
3131.09	0.739
3134.664	0.74
3138.203	0.739
3141.66	0.738
3145.07	0.738
3148.541	0.739
3151.991	0.739
3155.373	0.74
3158.879	0.74
3162.245	0.741
3165.766	0.74
3169.172	0.74
3172.585	0.74
3176.016	0.74
3179.469	0.739
3182.974	0.74
3186.503	0.741
3190.007	0.74
3193.542	0.741
3197.093	0.741
3200.542	0.742
3204.176	0.741
3207.618	0.741
3211.143	0.742
3214.59	0.74
3218.107	0.741
3221.622	0.741
3224.963	0.742
3228.528	0.741
3232.068	0.74
3235.51	0.741
3238.956	0.74
3242.521	0.74
3246.072	0.741
3249.496	0.74
3252.933	0.74
3256.463	0.74
3259.856	0.739
3263.249	0.74
3266.829	0.741
3270.339	0.74
3273.817	0.739
3277.244	0.739
3280.792	0.74
3284.262	0.74
3287.781	0.74
3291.355	0.74
3294.942	0.74
3298.44	0.741
3301.94	0.74
3305.444	0.74
3308.814	0.74
3312.299	0.74
3315.786	0.739
3319.232	0.739
3322.678	0.74
3326.175	0.739
3329.607	0.739
3333.136	0.739
3336.583	0.74
3340.097	0.739
3343.701	0.74
3347.231	0.74
3350.739	0.741
3354.272	0.74
3357.898	0.74
3361.364	0.74
3364.87	0.74
3368.405	0.739
3371.967	0.74
3375.4	0.739
3378.898	0.739
3382.419	0.739
3385.935	0.74
3389.503	0.74
3392.997	0.739
3396.526	0.739
3399.987	0.74
3403.522	0.739
3406.953	0.738
3410.477	0.74
3413.848	0.739
3417.365	0.739
3420.814	0.738
3424.285	0.74
3427.784	0.739
3431.287	0.739
3434.687	0.74
3438.263	0.74
3441.729	0.74
3445.267	0.74
3448.666	0.74
3452.071	0.74
3455.492	0.739
3458.961	0.74
3462.29	0.739
3465.78	0.74
3469.287	0.74
3472.779	0.74
3476.212	0.74
3479.668	0.74
3483.204	0.74
3486.625	0.739
3490.109	0.739
3493.623	0.739
3497.067	0.74
3500.485	0.74
3503.882	0.74
3507.347	0.74
3510.764	0.74
3514.282	0.74
3517.76	0.741
3521.259	0.741
3524.755	0.74
3528.113	0.741
3531.595	0.741
3535.065	0.739
3538.558	0.74
3542.035	0.741
3545.488	0.741
3548.941	0.742
3552.366	0.742
3555.866	0.741
3559.325	0.741
3562.915	0.741
3566.364	0.741
3569.831	0.741
3573.283	0.74
3576.759	0.74
3580.264	0.74
3583.79	0.74
3587.401	0.739
3590.803	0.739
3594.18	0.739
3597.603	0.74
3601.128	0.74
3604.537	0.74
3608.064	0.739
3611.626	0.738
3615.096	0.739
3618.512	0.74
3621.894	0.74
3625.343	0.74
3628.844	0.74
3632.278	0.74
3635.614	0.739
3639.081	0.738
3642.595	0.739
3646.099	0.738
3649.514	0.738
3652.976	0.739
3656.386	0.74
3659.881	0.739
3663.295	0.739
3666.807	0.74
3670.247	0.74
3673.794	0.74
3677.248	0.739
3680.738	0.739
3684.226	0.739
3687.814	0.739
3691.31	0.739
3694.846	0.739
3698.376	0.739
3701.774	0.739
3705.292	0.739
3708.827	0.739
3712.29	0.739
3715.712	0.737
3719.153	0.738
3722.676	0.739
3726.114	0.738
3729.547	0.739
3733.027	0.739
3736.502	0.739
3740.136	0.739
3743.646	0.739
3747.152	0.74
3750.659	0.739
3754.203	0.74
3757.691	0.74
3761.195	0.74
3764.675	0.739
3768.181	0.739
3771.651	0.739
3775.119	0.74
3778.615	0.74
3782.033	0.74
3785.427	0.741
3788.943	0.74
3792.493	0.74
3796.093	0.74
3799.611	0.739
3803.126	0.74
3806.55	0.739
3810.123	0.739
3813.63	0.739
3816.966	0.739
3820.363	0.739
3823.808	0.738
3827.288	0.739
3830.854	0.739
3834.422	0.739
3837.818	0.74
3841.367	0.741
3844.92	0.742
3848.277	0.741
3851.698	0.741
3855.17	0.741
3858.533	0.74
3862.05	0.74
3865.526	0.739
3869.104	0.74
3872.491	0.74
3875.926	0.741
3879.416	0.739
3882.963	0.741
3886.532	0.741
3890.003	0.74
3893.54	0.74
3897.107	0.739
3900.555	0.739
3904.051	0.74
3907.627	0.74
3911.114	0.74
3914.593	0.74
3917.985	0.74
3921.497	0.741
3925.008	0.741
3928.515	0.741
3932.029	0.74
3935.544	0.741
3938.995	0.74
3942.437	0.74
3945.927	0.74
3949.368	0.74
3952.807	0.741
3956.287	0.74
3959.746	0.741
3963.191	0.74
3966.591	0.74
3970.167	0.741
3973.613	0.74
3977.143	0.741
3980.751	0.741
3984.211	0.741
3987.755	0.74
3991.288	0.741
3994.636	0.74
3998.097	0.74
4001.656	0.741
4005.222	0.74
4008.805	0.74
4012.326	0.74
4015.828	0.741
4019.247	0.74
4022.826	0.741
4026.281	0.741
4029.816	0.74
4033.304	0.74
4036.765	0.74
4040.285	0.74
4043.782	0.74
4047.267	0.74
4050.756	0.741
4054.208	0.741
4057.718	0.741
4061.098	0.74
4064.546	0.74
4068.043	0.741
4071.513	0.74
4075.05	0.741
4078.556	0.741
4081.996	0.74
4085.431	0.74
4088.982	0.741
4092.429	0.74
4095.921	0.741
4099.397	0.74
4102.904	0.74
4106.421	0.739
4109.891	0.741
4113.526	0.74
4117.042	0.741
4120.398	0.741
4123.949	0.742
4127.486	0.742
4130.935	0.742
4134.474	0.741
4137.902	0.741
4141.44	0.743
4144.935	0.741
4148.428	0.742
4152.001	0.741
4155.555	0.741
4159.138	0.741
4162.62	0.741
4166.098	0.741
4169.69	0.74
4173.205	0.741
4176.697	0.742
4180.256	0.741
4183.75	0.74
4187.275	0.746
4190.642	0.748
4194.21	0.749
4197.774	0.75
4201.32	0.752
4204.879	0.753
4208.317	0.753
4211.706	0.755
4215.127	0.753
4218.695	0.754
4222.137	0.755
4225.625	0.754
4229.076	0.755
4232.511	0.755
4235.935	0.756
4239.527	0.756
4242.97	0.756
4246.355	0.756
4249.876	0.756
4253.371	0.756
4256.874	0.756
4260.475	0.757
4263.95	0.758
4267.398	0.759
4270.893	0.758
4274.492	0.758
4278.036	0.758
4281.56	0.758
4285.134	0.758
4288.663	0.759
4292.129	0.759
4295.636	0.758
4299.145	0.759
4302.649	0.759
4306.151	0.759
4309.535	0.758
4312.939	0.759
4316.541	0.759
4320.005	0.759
4323.503	0.759
4327.007	0.759
4330.478	0.76
4333.922	0.761
4337.457	0.76
4340.958	0.76
4344.517	0.759
4348.059	0.759
4351.608	0.76
4355.108	0.759
4358.677	0.759
4362.155	0.761
4365.669	0.76
4369.19	0.759
4372.696	0.76
4376.271	0.76
4379.734	0.76
4383.228	0.76
4386.708	0.76
4390.125	0.76
4393.621	0.76
4397.018	0.76
4400.409	0.761
4403.847	0.761
4407.346	0.759
4410.861	0.761
4414.29	0.76
4417.725	0.76
4421.307	0.759
4424.83	0.759
4428.206	0.76
4431.66	0.761
4435.151	0.76
4438.616	0.76
4442.193	0.76
4445.659	0.761
4449.041	0.761
4452.515	0.761
4455.929	0.761
4459.335	0.761
4462.753	0.761
4466.244	0.762
4469.755	0.763
4473.264	0.762
4476.801	0.762
4480.18	0.762
4483.562	0.762
4487.025	0.762
4490.607	0.762
4494.098	0.761
4497.449	0.762
4501.006	0.761
4504.44	0.762
4507.836	0.763
4511.322	0.762
4514.914	0.763
4518.28	0.762
4521.723	0.763
4525.228	0.763
4528.747	0.763
4532.156	0.762
4535.552	0.762
4539.165	0.763
4542.569	0.762
4546.03	0.763
4549.486	0.763
4552.921	0.762
4556.405	0.762
4559.924	0.762
4563.412	0.762
4566.933	0.763
4570.332	0.763
4573.793	0.764
4577.242	0.763
4580.695	0.763
4584.214	0.763
4587.645	0.764
4591.159	0.763
4594.547	0.763
4597.981	0.763
4601.428	0.763
4604.838	0.763
4608.282	0.762
4611.827	0.763
4615.262	0.763
4618.687	0.763
4622.211	0.763
4625.635	0.763
4629.154	0.762
4632.633	0.763
4636.111	0.762
4639.649	0.763
4643.162	0.763
4646.696	0.762
4650.124	0.763
4653.529	0.762
4657.005	0.763
4660.505	0.764
4664.047	0.763
4667.551	0.762
4670.948	0.763
4674.537	0.763
4677.962	0.763
4681.453	0.763
4684.989	0.763
4688.546	0.763
4692.085	0.763
4695.563	0.763
4699.178	0.764
4702.768	0.764
4706.116	0.764
4709.531	0.765
4713.026	0.764
4716.457	0.764
4719.936	0.764
4723.328	0.763
4726.779	0.764
4730.222	0.764
4733.683	0.764
4737.11	0.764
4740.616	0.764
4744.084	0.764
4747.594	0.764
4751.034	0.764
4754.577	0.764
4758.06	0.764
4761.541	0.764
4764.938	0.765
4768.542	0.764
4772.034	0.765
4775.603	0.765
4779.03	0.765
4782.651	0.765
4786.036	0.765
4789.494	0.766
4792.917	0.765
4796.437	0.764
4799.922	0.765
4803.364	0.764
4806.954	0.764
4810.391	0.763
4813.792	0.764
4817.314	0.764
4820.843	0.764
4824.323	0.765
4827.761	0.765
4831.278	0.765
4834.867	0.765
4838.349	0.765
4841.902	0.765
4845.362	0.765
4848.788	0.765
4852.374	0.766
4855.904	0.764
4859.355	0.765
4862.803	0.765
4866.263	0.765
4869.674	0.766
4873.15	0.766
4876.607	0.766
4880.022	0.766
4883.507	0.766
4886.943	0.766
4890.336	0.766
4893.802	0.766
4897.194	0.765
4900.694	0.765
4904.14	0.766
4907.559	0.766
4911.011	0.765
4914.403	0.764
4917.893	0.765
4921.435	0.765
4924.956	0.765
4928.425	0.765
4931.826	0.765
4935.225	0.765
4938.72	0.765
4942.124	0.765
4945.659	0.765
4949.08	0.765
4952.582	0.765
4956.066	0.765
4959.491	0.765
4963.04	0.765
4966.515	0.765
4969.964	0.765
4973.548	0.765
4976.978	0.766
4980.563	0.766
4984.02	0.765
4987.477	0.766
4990.957	0.765
4994.344	0.766
4997.885	0.765
5001.313	0.765
5004.856	0.766
5008.319	0.765
5011.777	0.765
5015.208	0.766
5018.649	0.764
5022.157	0.765
5025.616	0.765
5029.062	0.764
5032.536	0.765
5035.999	0.764
5039.525	0.765
5042.884	0.766
5046.353	0.766
5049.876	0.766
5053.332	0.766
5056.803	0.765
5060.239	0.766
5063.754	0.766
5067.262	0.765
5070.84	0.765
5074.316	0.765
5077.821	0.765
5081.319	0.765
5084.744	0.765
5088.221	0.764
5091.674	0.765
5095.112	0.765
5098.52	0.765
5101.925	0.765
5105.514	0.766
5108.939	0.764
5112.524	0.764
5115.901	0.765
5119.417	0.765
5122.98	0.764
5126.549	0.765
5130.079	0.765
5133.567	0.765
5137.003	0.766
5140.507	0.765
5144.074	0.766
5147.619	0.765
5151.133	0.766
5154.664	0.763
5158.123	0.765
5161.641	0.765
5165.093	0.764
5168.611	0.765
5172.115	0.764
5175.478	0.766
5178.976	0.765
5182.4	0.766
5185.875	0.765
5189.278	0.765
5192.78	0.765
5196.288	0.765
5199.81	0.766
5203.302	0.765
5206.728	0.765
5210.191	0.765
5213.706	0.765
5217.287	0.766
5220.662	0.765
5224.18	0.765
5227.647	0.765
5231.105	0.765
5234.498	0.765
5238.01	0.764
5241.565	0.765
5245.119	0.765
5248.511	0.765
5251.978	0.766
5255.515	0.766
5258.998	0.765
5262.454	0.765
5266.055	0.765
5269.45	0.765
5272.953	0.765
5276.414	0.765
5279.892	0.766
5283.312	0.764
5286.723	0.765
5290.149	0.766
5293.581	0.765
5297.073	0.766
5300.497	0.765
5303.968	0.766
5307.465	0.766
5310.915	0.766
5314.385	0.766
5317.852	0.766
5321.328	0.765
5324.699	0.765
5328.153	0.766
5331.631	0.766
5335.081	0.766
5338.543	0.766
5341.979	0.766
5345.461	0.765
5348.905	0.765
5352.368	0.765
5355.797	0.765
5359.232	0.765
5362.633	0.766
5366.208	0.765
5369.71	0.765
5373.261	0.765
5376.76	0.765
5380.313	0.765
5383.831	0.765
5387.348	0.766
5390.787	0.766
5394.126	0.766
5397.602	0.766
5401.066	0.766
5404.557	0.766
5408.105	0.765
5411.639	0.765
5415.084	0.767
5418.636	0.765
5422.19	0.766
5425.653	0.766
5429.127	0.766
5432.589	0.766
5436.164	0.765
5439.675	0.766
5443.057	0.766
5446.539	0.766
5449.919	0.766
5453.351	0.766
5456.864	0.765
5460.411	0.766
5463.82	0.766
5467.282	0.767
5470.763	0.766
5474.194	0.766
5477.675	0.766
5481.149	0.766
5484.608	0.766
5488.069	0.766
5491.549	0.766
5495.03	0.766
5498.459	0.766
5502.032	0.766
5505.482	0.767
5508.904	0.767
5512.427	0.767
5516.0	0.767
5519.402	0.767
5522.844	0.767
5526.291	0.767
5529.773	0.767
5533.29	0.768
5536.714	0.768
5540.172	0.768
5543.789	0.767
5547.388	0.767
5550.823	0.767
5554.343	0.768
5557.87	0.767
5561.298	0.768
5564.747	0.768
5568.313	0.768
5571.778	0.768
5575.225	0.768
5578.642	0.768
5582.2	0.768
5585.55	0.768
5589.1	0.768
5592.586	0.769
5596.186	0.769
5599.581	0.768
5603.049	0.768
5606.519	0.768
5609.886	0.768
5613.344	0.769
5616.801	0.768
5620.276	0.768
5623.752	0.768
5627.248	0.768
5630.815	0.768
5634.262	0.768
5637.728	0.768
5641.192	0.768
5644.783	0.767
5648.395	0.768
5651.9	0.768
5655.428	0.767
5658.932	0.767
5662.432	0.768
5665.929	0.768
5669.34	0.768
5672.745	0.768
5676.274	0.767
5679.685	0.768
5683.132	0.767
5686.611	0.767
5690.128	0.768
5693.659	0.768
5697.088	0.767
5700.637	0.768
5704.168	0.767
5707.628	0.768
5711.139	0.767
5714.612	0.767
5718.182	0.768
5721.697	0.767
5725.009	0.768
5728.476	0.767
5731.904	0.767
5735.323	0.768
5738.868	0.767
5742.448	0.767
5745.917	0.768
5749.291	0.768
5752.859	0.768
5756.339	0.768
5759.842	0.767
5763.299	0.768
5766.763	0.768
5770.22	0.768
5773.661	0.768
5777.17	0.768
5780.687	0.768
5784.161	0.768
5787.601	0.768
5791.002	0.768
5794.455	0.768
5797.943	0.768
5801.449	0.768
5804.92	0.768
5808.468	0.768
5811.937	0.769
5815.424	0.767
5818.9	0.767
5822.432	0.767
5825.85	0.767
5829.303	0.767
5832.791	0.768
5836.281	0.768
5839.857	0.768
5843.356	0.767
5846.838	0.767
5850.34	0.767
5853.77	0.767
5857.295	0.766
5860.685	0.767
5864.165	0.766
5867.613	0.766
5871.154	0.766
5874.542	0.767
5878.005	0.765
5881.417	0.765
5884.901	0.765
5888.448	0.765
5891.93	0.765
5895.517	0.766
5899.021	0.765
5902.583	0.766
5906.064	0.765
5909.461	0.765
5912.918	0.766
5916.382	0.766
5919.844	0.766
5923.298	0.767
5926.732	0.766
5930.316	0.767
5933.87	0.767
5937.405	0.767
5940.841	0.768
5944.279	0.766
5947.711	0.767
5951.225	0.767
5954.722	0.767
5958.346	0.766
5961.831	0.766
5965.408	0.767
5968.936	0.766
5972.365	0.766
5975.811	0.767
5979.212	0.766
5982.805	0.766
5986.302	0.766
5989.767	0.767
5993.24	0.766
5996.717	0.767
6000.129	0.767
6003.645	0.767
6007.233	0.766
6010.797	0.767
6014.334	0.767
6017.769	0.767
6021.209	0.766
6024.717	0.766
6028.166	0.767
6031.584	0.767
6035.084	0.767
6038.561	0.766
6042.083	0.767
6045.637	0.767
6049.156	0.766
6052.624	0.766
6056.007	0.767
6059.54	0.768
6062.962	0.767
6066.369	0.767
6069.896	0.768
6073.227	0.766
6076.63	0.768
6080.156	0.768
6083.569	0.768
6087.001	0.767
6090.38	0.767
6093.889	0.768
6097.339	0.767
6100.894	0.767
6104.397	0.767
6107.957	0.767
6111.424	0.766
6114.848	0.766
6118.282	0.767
6121.704	0.767
6125.204	0.766
6128.678	0.767
6132.16	0.767
6135.602	0.767
6139.111	0.766
6142.551	0.766
6146.016	0.766
6149.494	0.767
6152.953	0.767
6156.424	0.767
6159.926	0.767
6163.46	0.766
6167.02	0.767
6170.518	0.768
6173.854	0.768
6177.324	0.767
6180.773	0.767
6184.308	0.767
6187.901	0.767
6191.437	0.767
6194.84	0.767
6198.361	0.766
6201.82	0.767
6205.216	0.768
6208.648	0.768
6212.122	0.768
6215.54	0.768
6218.973	0.768
6222.471	0.768
6225.921	0.768
6229.418	0.768
6232.942	0.768
6236.523	0.768
6239.866	0.768
6243.375	0.768
6246.778	0.769
6250.193	0.769
6253.649	0.769
6257.067	0.769
6260.539	0.769
6263.996	0.769
6267.424	0.769
6270.919	0.768
6274.346	0.769
6277.708	0.769
6281.122	0.769
6284.679	0.769
6288.101	0.769
6291.568	0.769
6295.094	0.77
6298.518	0.769
6302.017	0.77
6305.433	0.769
6308.933	0.769
6312.389	0.769
6315.82	0.769
6319.243	0.769
6322.733	0.769
6326.223	0.769
6329.643	0.769
6333.144	0.769
6336.613	0.769
6340.103	0.77
6343.621	0.77
6347.11	0.77
6350.63	0.769
6354.108	0.769
6357.675	0.769
6361.084	0.769
6364.672	0.77
6368.201	0.77
6371.533	0.768
6374.986	0.769
6378.38	0.769
6381.939	0.769
6385.447	0.769
6388.879	0.769
6392.353	0.769
6395.857	0.769
6399.362	0.77
6402.88	0.769
6406.425	0.769
6409.944	0.77
6413.37	0.77
6416.822	0.77
6420.31	0.77
6423.784	0.769
6427.29	0.77
6430.846	0.77
6434.261	0.769
6437.716	0.769
6441.146	0.769
6444.637	0.768
6448.222	0.769
6451.729	0.769
6455.191	0.769
6458.795	0.77
6462.325	0.768
6465.781	0.768
6469.228	0.769
6472.779	0.767
6476.23	0.767
6479.764	0.768
6483.281	0.767
6486.745	0.768
6490.161	0.768
6493.558	0.769
6497.106	0.768
6500.583	0.767
6503.969	0.768
6507.404	0.768
6510.863	0.768
6514.385	0.768
6517.841	0.768
6521.243	0.768
6524.642	0.768
6528.167	0.767
6531.678	0.767
6535.086	0.767
6538.571	0.767
6541.976	0.768
6545.455	0.767
6548.886	0.767
6552.271	0.768
6555.697	0.767
6559.121	0.767
6562.728	0.767
6566.336	0.767
6569.888	0.768
6573.391	0.767
6576.832	0.767
6580.346	0.767
6583.789	0.768
6587.208	0.767
6590.638	0.767
6594.086	0.768
6597.692	0.767
6601.1	0.768
6604.529	0.768
6608.099	0.768
6611.506	0.768
6615.001	0.768
6618.44	0.767
6621.914	0.768
6625.381	0.768
6628.815	0.768
6632.217	0.768
6635.674	0.768
6639.13	0.768
6642.632	0.768
6646.159	0.768
6649.664	0.767
6653.202	0.768
6656.637	0.768
6660.124	0.767
6663.641	0.767
6667.191	0.768
6670.671	0.767
6674.112	0.768
6677.645	0.767
6681.151	0.767
6684.584	0.768
6688.091	0.768
6691.531	0.768
6695.011	0.769
6698.49	0.768
6702.012	0.768
6705.528	0.769
6709.056	0.767
6712.468	0.768
6716.021	0.768
6719.498	0.768
6722.907	0.769
6726.488	0.768
6729.971	0.769
6733.404	0.767
6736.879	0.768
6740.383	0.768
6743.88	0.767
6747.381	0.768
6750.79	0.768
6754.264	0.768
6757.675	0.768
6761.119	0.768
6764.678	0.768
6768.206	0.769
6771.765	0.768
6775.328	0.768
6778.831	0.768
6782.351	0.768
6785.802	0.768
6789.264	0.768
6792.715	0.768
6796.296	0.768
6799.776	0.768
6803.248	0.768
6806.769	0.768
6810.289	0.768
6813.753	0.768
6817.339	0.768
6820.786	0.768
6824.43	0.768
6827.884	0.768
6831.476	0.768
6835.007	0.768
6838.518	0.768
6842.058	0.769
6845.589	0.768
6849.076	0.769
6852.497	0.768
6855.939	0.768
6859.471	0.768
6863.049	0.768
6866.601	0.768
6870.101	0.769
6873.609	0.768
6877.149	0.768
6880.607	0.769
6884.029	0.768
6887.466	0.769
6890.979	0.769
6894.503	0.769
6898.055	0.768
6901.576	0.769
6905.026	0.768
6908.432	0.768
6911.937	0.769
6915.353	0.769
6918.766	0.769
6922.317	0.769
6925.77	0.769
6929.226	0.768
6932.612	0.768
6936.149	0.768
6939.732	0.769
6943.132	0.768
6946.616	0.769
6950.04	0.768
6953.446	0.768
6956.954	0.769
6960.416	0.768
6963.852	0.769
6967.301	0.768
6970.817	0.769
6974.262	0.769
6977.66	0.768
6981.166	0.768
6984.584	0.767
6987.994	0.768
6991.378	0.768
6994.851	0.768
6998.334	0.768
7001.822	0.768
7005.361	0.769
7008.94	0.768
7012.512	0.767
7016.022	0.768
7019.452	0.767
7023.054	0.768
7026.421	0.768
7029.852	0.768
7033.42	0.768
7036.913	0.768
7040.466	0.768
7043.942	0.769
7047.412	0.768
7050.901	0.769
7054.267	0.768
7057.765	0.769
7061.246	0.769
7064.676	0.768
7068.178	0.768
7071.691	0.768
7075.145	0.768
7078.691	0.768
7082.206	0.768
7085.727	0.768
7089.113	0.768
7092.56	0.768
7096.103	0.768
7099.559	0.768
7103.079	0.768
7106.441	0.769
7109.78	0.769
7113.139	0.768
7116.564	0.767
7120.154	0.767
7123.673	0.768
7127.159	0.768
7130.636	0.768
7134.139	0.768
7137.653	0.767
7141.101	0.768
7144.547	0.769
7148.085	0.767
7151.568	0.768
7155.019	0.768
7158.518	0.768
7162.042	0.768
7165.509	0.767
7169.017	0.767
7172.539	0.768
7176.035	0.768
7179.462	0.768
7183.001	0.768
7186.452	0.768
7189.865	0.768
7193.329	0.768
7196.816	0.768
7200.232	0.768
7203.747	0.768
7207.163	0.767
7210.606	0.768
7214.159	0.768
7217.721	0.769
7221.189	0.768
7224.688	0.768
7228.203	0.768
7231.74	0.768
7235.096	0.769
7238.505	0.767
7242.028	0.769
7245.433	0.769
7248.906	0.769
7252.347	0.768
7255.842	0.768
7259.271	0.768
7262.699	0.768
7266.182	0.768
7269.574	0.767
7272.993	0.768
7276.37	0.767
7279.922	0.768
7283.522	0.767
7286.937	0.768
7290.492	0.767
7293.985	0.768
7297.414	0.768
7300.918	0.767
7304.272	0.767
7307.709	0.767
7311.195	0.768
7314.683	0.769
7318.152	0.767
7321.607	0.768
7325.154	0.767
7328.589	0.768
7332.025	0.767
7335.508	0.768
7339.013	0.767
7342.544	0.768
7346.071	0.768
7349.589	0.767
7353.105	0.767
7356.496	0.767
7359.919	0.767
7363.478	0.768
7366.96	0.767
7370.426	0.768
7374.042	0.768
7377.404	0.767
7380.98	0.768
7384.441	0.768
7387.979	0.767
7391.397	0.768
7394.855	0.767
7398.285	0.768
7401.815	0.769
7405.219	0.768
7408.69	0.769
7412.193	0.768
7415.746	0.768
7419.323	0.768
7422.894	0.768
7426.38	0.767
7429.876	0.767
7433.429	0.768
7436.966	0.767
7440.321	0.768
7443.866	0.767
7447.194	0.768
7450.67	0.768
7454.205	0.767
7457.61	0.767
7461.004	0.767
7464.448	0.768
7467.912	0.767
7471.496	0.767
7474.952	0.768
7478.478	0.766
7482.008	0.768
7485.571	0.766
7488.938	0.766
7492.423	0.767
7495.945	0.767
7499.468	0.766
7503.007	0.767
7506.444	0.768
7509.953	0.767
7513.458	0.767
7516.938	0.767
7520.465	0.768
7523.967	0.767
7527.372	0.768
7530.881	0.767
7534.326	0.768
7537.852	0.768
7541.275	0.768
7544.722	0.768
7548.21	0.768
7551.767	0.768
7555.337	0.767
7558.791	0.767
7562.212	0.768
7565.646	0.768
7569.133	0.767
7572.485	0.768
7576.024	0.767
7579.518	0.768
7583.003	0.767
7586.413	0.768
7589.909	0.767
7593.509	0.767
7597.031	0.767
7600.526	0.767
7603.925	0.767
7607.369	0.767
7610.906	0.767
7614.426	0.767
7617.934	0.766
7621.493	0.767
7624.862	0.767
7628.371	0.767
7631.897	0.767
7635.324	0.767
7638.853	0.767
7642.315	0.766
7645.824	0.767
7649.244	0.766
7652.723	0.766
7656.2	0.767
7659.698	0.767
7663.127	0.767
7666.483	0.767
7669.934	0.767
7673.425	0.767
7676.897	0.767
7680.394	0.767
7683.871	0.767
7687.439	0.767
7690.855	0.767
7694.39	0.767
7697.903	0.767
7701.452	0.767
7704.849	0.767
7708.326	0.767
7711.865	0.767
7715.415	0.766
7718.932	0.767
7722.417	0.768
7725.933	0.767
7729.431	0.766
7733.012	0.768
7736.626	0.766
7740.106	0.767
7743.577	0.767
7747.154	0.767
7750.606	0.767
7754.048	0.768
7757.444	0.767
7760.898	0.766
7764.382	0.767
7767.832	0.766
7771.227	0.767
7774.711	0.767
7778.101	0.767
7781.542	0.767
7784.967	0.766
7788.424	0.767
7791.87	0.767
7795.309	0.767
7798.781	0.767
7802.246	0.767
7805.734	0.767
7809.18	0.767
7812.71	0.767
7816.154	0.767
7819.682	0.768
7823.078	0.768
7826.525	0.768
7830.005	0.768
7833.485	0.768
7837.0	0.768
7840.373	0.768
7843.845	0.767
7847.4	0.769
7850.835	0.768
7854.321	0.768
7857.704	0.768
7861.144	0.769
7864.467	0.769
7867.82	0.768
7871.36	0.769
7874.793	0.768
7878.332	0.769
7881.908	0.769
7885.43	0.769
7888.892	0.768
7892.273	0.768
7895.784	0.769
7899.188	0.769
7902.636	0.769
7906.082	0.77
7909.557	0.769
7913.071	0.769
7916.585	0.769
7920.092	0.77
7923.494	0.769
7926.927	0.769
7930.317	0.77
7933.748	0.77
7937.245	0.768
7940.777	0.77
7944.266	0.768
7947.743	0.769
7951.216	0.77
7954.775	0.769
7958.233	0.77
7961.763	0.769
7965.296	0.769
7968.757	0.769
7972.175	0.768
7975.605	0.769
7979.105	0.769
7982.474	0.768
7985.908	0.769
7989.355	0.769
7992.804	0.768
7996.378	0.769
7999.859	0.767
8003.332	0.769
8006.723	0.768
8010.281	0.769
8013.759	0.769
8017.224	0.768
8020.62	0.768
8024.186	0.768
8027.592	0.768
8031.092	0.768
8034.627	0.769
8038.064	0.769
8041.605	0.769
8045.085	0.769
8048.679	0.768
8052.163	0.769
8055.738	0.768
8059.196	0.768
8062.586	0.768
8066.152	0.768
8069.658	0.769
8073.217	0.768
8076.632	0.769
8080.106	0.768
8083.578	0.768
8087.02	0.769
8090.58	0.769
8093.97	0.769
8097.494	0.768
8101.012	0.768
8104.41	0.769
8107.822	0.769
8111.369	0.769
8114.886	0.768
8118.298	0.768
8121.753	0.768
8125.327	0.768
8128.855	0.769
8132.377	0.768
8135.933	0.768
8139.508	0.768
8142.974	0.769
8146.459	0.769
8149.872	0.768
8153.441	0.769
8156.87	0.768
8160.301	0.769
8163.725	0.769
8167.237	0.769
8170.635	0.768
8174.01	0.769
8177.398	0.769
8180.88	0.769
8184.399	0.768
8187.872	0.769
8191.36	0.768
8194.855	0.769
8198.328	0.769
8201.735	0.769
8205.308	0.769
8208.762	0.769
8212.251	0.768
8215.768	0.769
8219.242	0.768
8222.75	0.769
8226.102	0.769
8229.713	0.769
8233.146	0.769
8236.589	0.768
8240.045	0.768
8243.534	0.768
8246.945	0.768
8250.334	0.769
8253.881	0.768
8257.457	0.769
8260.895	0.768
8264.291	0.769
8267.768	0.769
8271.182	0.769
8274.658	0.768
8278.136	0.769
8281.6	0.769
8285.035	0.769
8288.549	0.769
8292.07	0.769
8295.566	0.769
8298.918	0.768
8302.32	0.769
8305.852	0.769
8309.364	0.768
8312.851	0.768
8316.309	0.769
8319.891	0.768
8323.413	0.769
8326.89	0.768
8330.521	0.77
8334.016	0.769
8337.523	0.769
8341.021	0.769
8344.616	0.769
8348.171	0.769
8351.629	0.769
8355.195	0.769
8358.724	0.768
8362.226	0.769
8365.735	0.77
8369.309	0.771
8372.809	0.772
8376.358	0.772
8379.839	0.772
8383.264	0.773
8386.653	0.773
8390.067	0.774
8393.522	0.774
8397.117	0.774
8400.665	0.774
8404.171	0.775
8407.583	0.775
8411.155	0.775
8414.663	0.776
8418.219	0.775
8421.804	0.775
8425.247	0.775
8428.654	0.775
8432.113	0.776
8435.563	0.775
8439.029	0.775
8442.399	0.775
8445.915	0.774
8449.382	0.775
8452.861	0.775
8456.441	0.775
8459.977	0.776
8463.482	0.776
8467.023	0.777
8470.529	0.777
8473.897	0.777
8477.434	0.777
8480.862	0.776
8484.323	0.777
8487.833	0.777
8491.183	0.776
8494.637	0.776
8498.198	0.776
8501.657	0.776
8505.118	0.776
8508.554	0.776
8512.113	0.776
8515.648	0.777
8519.281	0.778
8522.695	0.777
8526.255	0.777
8529.781	0.777
8533.236	0.777
8536.698	0.777
8540.14	0.777
8543.642	0.778
8547.116	0.777
8550.537	0.777
8554.076	0.777
8557.67	0.777
8561.039	0.778
8564.423	0.777
8567.907	0.777
8571.435	0.777
8574.905	0.778
8578.344	0.778
8581.81	0.777
8585.294	0.777
8588.769	0.778
8592.233	0.777
8595.773	0.777
8599.38	0.777
8602.952	0.777
8606.337	0.777
8609.789	0.777
8613.375	0.778
8616.772	0.778
8620.232	0.777
8623.824	0.778
8627.33	0.778
8630.837	0.777
8634.252	0.778
8637.768	0.779
8641.242	0.778
8644.789	0.778
8648.283	0.778
8651.703	0.778
8655.144	0.778
8658.624	0.779
8662.219	0.778
8665.752	0.779
8669.205	0.779
8672.627	0.779
8676.159	0.779
8679.699	0.779
8683.182	0.779
8686.756	0.779
8690.24	0.779
8693.77	0.779
8697.185	0.779
8700.669	0.779
8704.213	0.78
8707.646	0.779
8711.196	0.779
8714.63	0.779
8718.077	0.779
8721.553	0.779
8725.07	0.779
8728.553	0.78
8732.028	0.779
8735.488	0.779
8739.014	0.779
8742.561	0.78
8745.996	0.779
8749.452	0.78
8752.923	0.78
8756.523	0.778
8760.112	0.779
8763.713	0.779
8767.164	0.779
8770.688	0.778
8774.075	0.779
8777.431	0.779
8780.872	0.779
8784.324	0.779
8787.848	0.779
8791.358	0.778
8794.792	0.779
8798.315	0.779
8801.692	0.779
8805.158	0.779
8808.706	0.779
8812.272	0.779
8815.835	0.779
8819.395	0.779
8822.929	0.779
8826.457	0.78
8829.944	0.779
8833.378	0.778
8836.812	0.779
8840.281	0.779
8843.838	0.779
8847.275	0.779
8850.683	0.778
8854.264	0.779
8857.724	0.779
8861.27	0.779
8864.668	0.779
8868.242	0.779
8871.791	0.779
8875.136	0.779
8878.65	0.778
8882.176	0.779
8885.655	0.779
8889.149	0.779
8892.704	0.778
8896.179	0.779
8899.639	0.78
8903.014	0.779
8906.451	0.779
8910.041	0.779
8913.597	0.779
8917.161	0.778
8920.693	0.779
8924.155	0.779
8927.588	0.779
8931.096	0.78
8934.598	0.779
8938.162	0.779
8941.75	0.78
8945.209	0.78
8948.692	0.78
8952.052	0.78
8955.491	0.781
8959.06	0.78
8962.598	0.78
8965.907	0.78
8969.334	0.78
8972.889	0.78
8976.458	0.779
8979.931	0.78
8983.381	0.78
8986.869	0.781
8990.348	0.781
8993.782	0.78
8997.277	0.78
9000.741	0.78
9004.236	0.78
9007.742	0.78
9011.258	0.78
9014.707	0.78
9018.184	0.779
9021.732	0.78
9025.295	0.78
9028.883	0.78
9032.416	0.78
9035.926	0.78
9039.436	0.78
9043.003	0.78
9046.488	0.78
9050.021	0.78
9053.497	0.78
9056.966	0.78
9060.472	0.78
9064.003	0.78
9067.44	0.779
9070.813	0.78
9074.299	0.78
9077.798	0.78
9081.276	0.78
9084.83	0.78
9088.271	0.779
9091.634	0.78
9095.195	0.78
9098.672	0.779
9102.202	0.78
9105.662	0.78
9109.21	0.78
9112.795	0.779
9116.303	0.779
9119.754	0.779
9123.37	0.78
9127.006	0.779
9130.444	0.78
9134.073	0.78
9137.609	0.779
9141.073	0.779
9144.423	0.78
9147.904	0.779
9151.451	0.779
9155.004	0.779
9158.515	0.779
9162.032	0.78
9165.501	0.779
9168.977	0.779
9172.468	0.78
9175.902	0.78
9179.286	0.779
9182.704	0.779
9186.255	0.78
9189.685	0.779
9193.277	0.779
9196.739	0.779
9200.191	0.78
9203.814	0.779
9207.265	0.779
9210.754	0.78
9214.164	0.779
9217.712	0.779
9221.295	0.779
9224.877	0.779
9228.279	0.779
9231.768	0.78
9235.217	0.779
9238.751	0.78
9242.195	0.779
9245.729	0.779
9249.177	0.779
9252.602	0.778
9256.166	0.779
9259.703	0.779
9263.127	0.779
9266.675	0.779
9270.053	0.779
9273.533	0.779
9277.01	0.779
9280.612	0.779
9284.118	0.778
9287.464	0.778
9290.92	0.778
9294.441	0.778
9297.948	0.778
9301.428	0.779
9304.753	0.779
9308.21	0.779
9311.703	0.78
9315.158	0.778
9318.575	0.779
9322.036	0.778
9325.54	0.779
9329.014	0.779
9332.46	0.779
9335.883	0.779
9339.396	0.778
9342.93	0.779
9346.464	0.779
9349.955	0.779
9353.523	0.779
9356.937	0.778
9360.546	0.779
9364.054	0.779
9367.52	0.779
9370.993	0.779
9374.352	0.779
9377.816	0.779
9381.26	0.779
9384.768	0.779
9388.265	0.779
9391.773	0.78
9395.347	0.78
9398.987	0.779
9402.389	0.779
9405.879	0.779
9409.355	0.779
9412.806	0.78
9416.336	0.779
9419.818	0.78
9423.244	0.78
9426.705	0.78
9430.189	0.78
9433.633	0.779
9437.107	0.779
9440.553	0.78
9443.963	0.78
9447.496	0.78
9451.077	0.779
9454.505	0.779
9458.084	0.779
9461.57	0.78
9465.015	0.779
9468.645	0.779
9472.125	0.78
9475.697	0.779
9479.202	0.78
9482.732	0.78
9486.352	0.779
9489.767	0.779
9493.283	0.78
9496.899	0.779
9500.372	0.779
9503.834	0.779
9507.396	0.779
9510.946	0.779
9514.435	0.78
9517.964	0.78
9521.511	0.78
9524.93	0.779
9528.501	0.779
9532.001	0.78
9535.469	0.78
9538.919	0.78
9542.407	0.78
9545.785	0.779
9549.226	0.78
9552.679	0.781
9556.186	0.78
9559.73	0.78
9563.24	0.78
9566.738	0.779
9570.292	0.78
9573.823	0.781
9577.245	0.781
9580.715	0.781
9584.242	0.78
9587.594	0.781
9591.131	0.781
9594.62	0.781
9598.002	0.781
9601.473	0.781
9605.113	0.781
9608.747	0.78
9612.177	0.781
9615.625	0.781
9619.035	0.781
9622.458	0.781
9626.01	0.781
9629.486	0.781
9632.878	0.78
9636.196	0.78
9639.773	0.781
9643.178	0.781
9646.595	0.781
9650.098	0.78
9653.538	0.78
9656.93	0.78
9660.29	0.78
9663.671	0.78
9667.188	0.78
9670.694	0.78
9674.169	0.781
9677.735	0.78
9681.368	0.78
9684.958	0.78
9688.384	0.78
9691.963	0.781
9695.538	0.781
9699.187	0.781
9702.769	0.781
9706.311	0.781
9709.796	0.781
9713.238	0.781
9716.683	0.78
9720.124	0.78
9723.602	0.78
9727.161	0.78
9730.596	0.78
9733.974	0.78
9737.413	0.781
9740.893	0.781
9744.411	0.78
9747.869	0.781
9751.43	0.781
9754.893	0.781
9758.361	0.78
9761.929	0.781
9765.371	0.78
9768.834	0.78
9772.337	0.78
9775.879	0.78
9779.348	0.78
9782.902	0.78
9786.346	0.779
9789.802	0.78
9793.168	0.78
9796.658	0.779
9800.217	0.78
9803.798	0.779
9807.345	0.779
9810.869	0.78
9814.455	0.78
9817.78	0.779
9821.323	0.781
9824.674	0.78
9828.13	0.78
9831.589	0.78
9835.123	0.78
9838.655	0.78
9842.069	0.78
9845.553	0.779
9849.07	0.78
9852.519	0.78
9855.95	0.78
9859.52	0.78
9862.905	0.78
9866.324	0.781
9869.795	0.78
9873.306	0.78
9876.814	0.78
9880.324	0.78
9883.865	0.78
9887.316	0.781
9890.84	0.78
9894.301	0.78
9897.723	0.78
9901.23	0.781
9904.655	0.78
9908.121	0.781
9911.546	0.78
9914.962	0.781
9918.481	0.781
9921.987	0.781
9925.445	0.781
9928.91	0.781
9932.502	0.781
9936.007	0.781
9939.464	0.782
9942.946	0.781
9946.446	0.78
9949.968	0.781
9953.402	0.781
9956.905	0.781
9960.369	0.781
9964.041	0.781
9967.539	0.781
9971.061	0.781
9974.53	0.782
9978.032	0.78
9981.466	0.781
9984.881	0.781
9988.282	0.781
9991.791	0.78
9995.373	0.782
9998.755	0.78
10002.28	0.781
10005.696	0.781
10009.204	0.781
10012.668	0.781
10016.098	0.781
10019.634	0.781
10023.104	0.78
10026.589	0.781
10030.133	0.781
10033.514	0.781
10036.896	0.781
10040.289	0.78
10043.761	0.78
10047.283	0.781
10050.787	0.78
10054.193	0.781
10057.66	0.781
10061.12	0.781
10064.584	0.781
10068.168	0.78
10071.693	0.78
10075.08	0.781
10078.609	0.78
10082.02	0.78
10085.477	0.78
10088.897	0.78
10092.37	0.781
10095.838	0.78
10099.24	0.78
10102.713	0.78
10106.097	0.78
10109.551	0.78
10113.05	0.78
10116.658	0.781
10120.123	0.781
10123.641	0.78
10127.181	0.781
10130.644	0.781
10134.095	0.78
10137.663	0.781
10141.223	0.78
10144.785	0.78
10148.317	0.78
10151.838	0.78
10155.399	0.781
10158.904	0.78
10162.423	0.78
10165.865	0.78
10169.414	0.78
10172.814	0.781
10176.382	0.78
10179.877	0.781
10183.376	0.78
10186.839	0.78
10190.276	0.781
10193.664	0.781
10197.177	0.781
10200.641	0.781
10204.126	0.781
10207.666	0.781
10211.083	0.781
10214.606	0.781
10218.14	0.781
10221.632	0.781
10225.059	0.781
10228.569	0.782
10231.96	0.781
10235.458	0.781
10238.932	0.781
10242.482	0.779
10245.856	0.78
10249.349	0.78
10252.842	0.78
10256.337	0.78
10259.817	0.78
10263.291	0.781
10266.703	0.78
10270.171	0.781
10273.701	0.781
10277.363	0.781
10280.82	0.78
10284.353	0.781
10287.801	0.78
10291.222	0.781
10294.717	0.78
10298.301	0.781
10301.839	0.781
10305.392	0.781
10308.835	0.78
10312.396	0.781
10315.86	0.781
10319.323	0.781
10322.789	0.78
10326.301	0.782
10329.736	0.781
10333.186	0.781
10336.672	0.78
10340.256	0.78
10343.637	0.781
10347.149	0.781
10350.699	0.781
10354.186	0.782
10357.618	0.781
10361.05	0.781
10364.517	0.781
10368.015	0.781
10371.45	0.782
10374.888	0.781
10378.464	0.782
10381.899	0.782
10385.506	0.782
10389.132	0.782
10392.673	0.782
10396.063	0.781
10399.479	0.782
10403.011	0.783
10406.558	0.782
10410.056	0.781
10413.49	0.782
10417.044	0.782
10420.552	0.782
10424.091	0.782
10427.578	0.782
10431.035	0.782
10434.551	0.781
10438.074	0.781
10441.624	0.782
10445.07	0.782
10448.61	0.782
10452.145	0.782
10455.702	0.782
10459.06	0.782
10462.542	0.781
10465.978	0.781
10469.657	0.78
10473.211	0.781
10476.8	0.781
10480.244	0.781
10483.657	0.781
10487.22	0.781
10490.762	0.781
10494.239	0.781
10497.729	0.781
10501.252	0.781
10504.682	0.782
10508.053	0.781
10511.546	0.781
10514.918	0.782
10518.433	0.781
10521.877	0.781
10525.354	0.781
10528.764	0.781
10532.26	0.781
10535.692	0.781
10539.264	0.781
10542.791	0.781
10546.319	0.781
10549.719	0.782
10553.298	0.781
10556.755	0.781
10560.224	0.781
10563.72	0.781
10567.282	0.782
10570.758	0.781
10574.222	0.781
10577.691	0.781
10581.076	0.781
10584.577	0.781
10588.217	0.781
10591.756	0.78
10595.271	0.78
10598.819	0.781
10602.326	0.78
10605.898	0.781
10609.33	0.78
10612.956	0.781
10616.497	0.781
10619.926	0.781
10623.399	0.78
10626.902	0.78
10630.339	0.781
10633.789	0.78
10637.293	0.78
10640.806	0.781
10644.324	0.78
10647.81	0.781
10651.394	0.781
10654.83	0.78
10658.303	0.78
10661.752	0.78
10665.194	0.781
10668.679	0.78
10672.213	0.78
10675.728	0.78
10679.184	0.781
10682.684	0.781
10686.203	0.78
10689.697	0.781
10693.046	0.78
10696.506	0.78
10699.996	0.781
10703.533	0.779
10706.962	0.78
10710.473	0.78
10713.965	0.781
10717.432	0.78
10720.934	0.78
10724.455	0.78
10727.912	0.781
10731.24	0.781
10734.704	0.781
10738.189	0.78
10741.689	0.781
10745.184	0.781
10748.733	0.781
10752.247	0.781
10755.727	0.781
10759.241	0.781
10762.708	0.781
10766.135	0.782
10769.714	0.781
10773.076	0.781
10776.551	0.782
10780.024	0.781
10783.484	0.782
10786.995	0.781
10790.506	0.781
10794.045	0.781
10797.537	0.782
10801.114	0.782
10804.6	0.782
10808.095	0.781
10811.612	0.782
10815.093	0.782
10818.519	0.781
10821.958	0.781
10825.397	0.781
10828.864	0.782
10832.277	0.781
10835.688	0.782
10839.104	0.782
10842.654	0.782
10846.073	0.781
10849.654	0.782
10853.125	0.781
10856.726	0.781
10860.276	0.782
10863.671	0.782
10867.169	0.781
10870.637	0.782
10874.217	0.781
10877.751	0.781
10881.302	0.782
10884.766	0.781
10888.255	0.781
10891.806	0.781
10895.297	0.781
10898.75	0.782
10902.299	0.782
10905.788	0.781
10909.292	0.781
10912.783	0.781
10916.296	0.781
10919.833	0.78
10923.209	0.781
10926.658	0.78
10930.039	0.782
10933.479	0.781
10936.94	0.781
10940.527	0.781
10943.975	0.781
10947.374	0.782
10950.881	0.781
10954.376	0.782
10957.937	0.781
10961.43	0.781
10964.834	0.781
10968.201	0.782
10971.629	0.781
10975.053	0.781
10978.43	0.781
10981.84	0.781
10985.185	0.782
10988.61	0.781
10992.191	0.781
10995.724	0.782
10999.215	0.781
11002.794	0.781
11006.311	0.78
11009.755	0.781
11013.268	0.781
11016.768	0.781
11020.266	0.782
11023.761	0.782
11027.347	0.782
11030.781	0.781
11034.384	0.782
11037.868	0.782
11041.344	0.782
11044.862	0.782
11048.353	0.782
11051.989	0.782
11055.51	0.783
11059.062	0.782
11062.623	0.783
11066.099	0.782
11069.555	0.782
11073.0	0.782
11076.462	0.782
11079.933	0.782
11083.363	0.782
11086.892	0.783
11090.446	0.782
11094.011	0.783
11097.532	0.782
11101.133	0.783
11104.632	0.782
11108.147	0.783
11111.597	0.782
11115.169	0.782
11118.715	0.782
11122.139	0.783
11125.54	0.782
11129.039	0.782
11132.512	0.782
11135.968	0.781
11139.477	0.782
11143.002	0.782
11146.482	0.782
11150.083	0.781
11153.64	0.782
11157.143	0.781
11160.639	0.781
11164.13	0.782
11167.634	0.781
11171.159	0.781
11174.68	0.781
11178.255	0.781
11181.727	0.782
11185.232	0.782
11188.652	0.782
11192.14	0.781
11195.698	0.781
11199.215	0.781
11202.719	0.782
11206.172	0.782
11209.758	0.782
11213.274	0.782
11216.843	0.782
11220.464	0.782
11224.013	0.782
11227.414	0.782
11230.905	0.782
11234.379	0.782
11237.834	0.782
11241.257	0.782
11244.727	0.782
11248.276	0.782
11251.761	0.782
11255.2	0.782
11258.712	0.781
11262.15	0.782
11265.69	0.782
11269.099	0.782
11272.569	0.782
11276.13	0.781
11279.696	0.782
11283.207	0.782
11286.684	0.781
11290.128	0.782
11293.566	0.78
11297.046	0.782
11300.624	0.781
11304.161	0.781
11307.665	0.781
11311.145	0.781
11314.681	0.782
11318.291	0.782
11321.805	0.782
11325.189	0.782
11328.545	0.781
11332.223	0.781
11335.751	0.781
11339.24	0.781
11342.782	0.78
11346.411	0.781
11349.902	0.781
11353.398	0.781
11356.91	0.781
11360.356	0.781
11363.866	0.782
11367.374	0.782
11370.954	0.782
11374.384	0.781
11377.853	0.782
11381.379	0.782
11384.917	0.781
11388.444	0.782
11391.936	0.781
11395.438	0.781
11398.812	0.782
11402.295	0.781
11405.863	0.782
11409.261	0.782
11412.759	0.782
11416.184	0.781
11419.686	0.782
11423.061	0.781
11426.625	0.781
11430.091	0.781
11433.66	0.782
11437.156	0.781
11440.594	0.781
11444.055	0.781
11447.659	0.781
11451.208	0.781
11454.668	0.781
11458.118	0.781
11461.635	0.78
11465.037	0.781
11468.539	0.782
11472.01	0.781
11475.445	0.781
11478.96	0.781
11482.404	0.781
11485.755	0.781
11489.306	0.781
11492.734	0.781
11496.144	0.781
11499.629	0.781
11503.077	0.78
11506.507	0.781
11510.034	0.782
11513.563	0.781
11516.974	0.781
11520.444	0.782
11523.917	0.78
11527.353	0.781
11530.864	0.782
11534.337	0.782
11537.851	0.781
11541.413	0.782
11544.877	0.782
11548.389	0.782
11551.845	0.782
11555.291	0.783
11558.89	0.783
11562.388	0.783
11565.87	0.782
11569.426	0.782
11572.94	0.782
11576.441	0.782
11579.857	0.782
11583.385	0.782
11586.9	0.781
11590.464	0.782
11593.894	0.781
11597.385	0.783
11600.861	0.782
11604.355	0.782
11607.911	0.782
11611.363	0.782
11614.889	0.783
11618.293	0.782
11621.721	0.781
11625.242	0.782
11628.602	0.782
11632.1	0.782
11635.524	0.781
11639.085	0.781
11642.609	0.781
11646.076	0.781
11649.688	0.781
11653.254	0.782
11656.69	0.782
11660.155	0.782
11663.615	0.782
11667.179	0.782
11670.664	0.782
11674.106	0.781
11677.589	0.782
11681.044	0.781
11684.506	0.781
11687.99	0.782
11691.571	0.781
11695.02	0.781
11698.593	0.78
11702.148	0.781
11705.626	0.781
11709.071	0.782
11712.579	0.781
11716.04	0.781
11719.579	0.781
11723.09	0.781
11726.655	0.781
11730.129	0.781
11733.693	0.782
11737.187	0.781
11740.771	0.78
11744.221	0.78
11747.724	0.781
11751.222	0.78
11754.704	0.78
11758.134	0.781
11761.503	0.781
11765.048	0.781
11768.485	0.781
11771.989	0.781
11775.533	0.781
11779.077	0.781
11782.48	0.781
11786.014	0.781
11789.493	0.781
11793.016	0.78
11796.476	0.782
11799.863	0.781
11803.31	0.782
11806.78	0.78
11810.244	0.781
11813.806	0.781
11817.279	0.78
11820.792	0.781
11824.238	0.781
11827.74	0.78
11831.294	0.781
11834.724	0.781
11838.25	0.781
11841.799	0.78
11845.292	0.781
11848.817	0.78
11852.238	0.781
11855.718	0.781
11859.278	0.78
11862.684	0.781
11866.205	0.78
11869.795	0.781
11873.148	0.78
11876.651	0.781
11880.192	0.781
11883.562	0.782
11887.109	0.781
11890.558	0.781
11894.125	0.781
11897.593	0.781
11901.17	0.78
11904.668	0.78
11908.054	0.781
11911.728	0.781
11915.223	0.781
11918.717	0.781
11922.164	0.782
11925.632	0.781
11929.236	0.781
11932.687	0.781
11936.146	0.781
11939.637	0.781
11943.127	0.781
11946.536	0.781
11949.981	0.781
11953.326	0.78
11956.805	0.781
11960.237	0.781
11963.783	0.78
11967.36	0.781
11970.782	0.781
11974.417	0.781
11977.832	0.781
11981.294	0.781
11984.792	0.781
11988.358	0.781
11991.865	0.78
11995.29	0.78
11998.764	0.781
12002.271	0.78
12005.772	0.781
12009.214	0.78
12012.676	0.78
12016.112	0.78
12019.735	0.78
12023.299	0.78
12026.781	0.78
12030.138	0.781
12033.587	0.78
12037.053	0.78
12040.431	0.78
12043.864	0.78
12047.313	0.781
12050.753	0.781
12054.131	0.781
12057.569	0.78
12061.05	0.781
12064.617	0.78
12068.021	0.781
12071.383	0.781
12074.912	0.78
12078.402	0.781
12082.046	0.781
12085.525	0.781
12089.005	0.781
12092.519	0.78
12095.967	0.781
12099.423	0.78
12102.921	0.781
12106.37	0.78
12109.748	0.781
12113.286	0.781
12116.774	0.781
12120.276	0.781
12123.767	0.781
12127.298	0.781
12130.912	0.781
12134.326	0.781
12137.882	0.781
12141.329	0.781
12144.883	0.781
12148.304	0.781
12151.707	0.782
12155.099	0.782
12158.537	0.782
12162.15	0.781
12165.661	0.781
12169.226	0.782
12172.793	0.781
12176.261	0.781
12179.877	0.781
12183.461	0.781
12186.984	0.781
12190.477	0.782
12194.069	0.781
12197.547	0.781
12201.121	0.781
12204.648	0.78
12208.2	0.78
12211.704	0.781
12215.186	0.781
12218.636	0.781
12222.04	0.781
12225.49	0.78
12229.039	0.781
12232.6	0.781
12236.099	0.781
12239.596	0.781
12243.066	0.781
12246.491	0.782
12249.99	0.781
12253.5	0.78
12257.004	0.781
12260.609	0.781
12264.089	0.781
12267.566	0.782
12270.978	0.782
12274.548	0.782
12278.025	0.781
12281.46	0.782
12284.856	0.781
12288.379	0.781
12291.905	0.782
12295.431	0.781
12298.953	0.781
12302.516	0.782
12305.977	0.781
12309.362	0.781
12312.881	0.781
12316.363	0.781
12319.803	0.781
12323.293	0.782
12326.851	0.781
12330.261	0.781
12333.721	0.781
12337.156	0.781
12340.69	0.781
12344.219	0.782
12347.668	0.781
12351.11	0.781
12354.621	0.781
12358.161	0.781
12361.675	0.781
12365.168	0.781
12368.661	0.781
12372.113	0.781
12375.589	0.782
12379.069	0.781
12382.543	0.781
12386.013	0.781
12389.447	0.782
12392.906	0.781
12396.425	0.781
12399.968	0.781
12403.387	0.781
12406.957	0.782
12410.408	0.782
12413.967	0.782
12417.478	0.782
12420.87	0.782
12424.326	0.782
12427.8	0.782
12431.382	0.782
12434.823	0.782
12438.297	0.782
12441.734	0.782
12445.089	0.782
12448.521	0.782
12451.96	0.781
12455.491	0.781
12458.914	0.782
12462.319	0.78
12465.823	0.782
12469.345	0.781
12472.772	0.781
12476.168	0.782
12479.548	0.78
12483.081	0.781
12486.554	0.781
12489.982	0.781
12493.452	0.781
12496.938	0.78
12500.277	0.781
12503.809	0.781
12507.355	0.78
12510.86	0.781
12514.454	0.782
12518.005	0.78
12521.558	0.78
12525.06	0.78
12528.66	0.78
12532.09	0.78
12535.517	0.781
12538.983	0.781
12542.4	0.782
12545.857	0.781
12549.347	0.782
12552.865	0.782
12556.339	0.782
12559.777	0.782
12563.32	0.782
12566.83	0.783
12570.361	0.783
12573.893	0.783
12577.374	0.783
12580.913	0.783
12584.473	0.783
12587.909	0.783
12591.395	0.783
12594.875	0.783
12598.375	0.783
12601.876	0.784
12605.301	0.784
12608.742	0.783
12612.25	0.784
12615.726	0.783
12619.183	0.784
12622.774	0.783
12626.23	0.782
12629.642	0.783
12633.113	0.784
12636.634	0.784
12640.098	0.784
12643.543	0.784
12647.075	0.783
12650.626	0.784
12654.17	0.784
12657.718	0.783
12661.112	0.783
12664.565	0.784
12667.928	0.784
12671.389	0.783
12674.942	0.784
12678.4	0.784
12681.914	0.785
12685.531	0.784
12689.077	0.784
12692.614	0.784
12696.188	0.785
12699.726	0.784
12703.32	0.784
12706.79	0.784
12710.271	0.785
12713.729	0.785
12717.289	0.784
12720.864	0.785
12724.284	0.785
12727.741	0.784
12731.213	0.785
12734.642	0.785
12738.158	0.785
12741.625	0.784
12745.258	0.785
12748.774	0.784
12752.375	0.784
12755.912	0.784
12759.363	0.785
12762.828	0.784
12766.418	0.785
12769.853	0.785
12773.38	0.784
12776.906	0.785
12780.336	0.785
12783.846	0.784
12787.309	0.784
12790.784	0.784
12794.399	0.784
12797.959	0.784
12801.375	0.785
12804.91	0.784
12808.341	0.784
12811.748	0.785
12815.153	0.785
12818.544	0.785
12821.894	0.785
12825.296	0.786
12828.631	0.785
12832.093	0.786
12835.496	0.785
12839.024	0.785
12842.586	0.785
12846.154	0.785
12849.688	0.785
12853.122	0.784
12856.574	0.785
12859.979	0.785
12863.404	0.785
12866.983	0.784
12870.453	0.785
12874.016	0.785
12877.488	0.785
12880.954	0.785
12884.4	0.785
12887.784	0.785
12891.215	0.785
12894.754	0.785
12898.217	0.784
12901.804	0.785
12905.391	0.784
12908.929	0.785
12912.4	0.785
12915.835	0.784
12919.383	0.785
12922.934	0.785
12926.444	0.785
12929.953	0.785
12933.559	0.785
12937.008	0.785
12940.463	0.785
12944.012	0.785
12947.56	0.785
12951.08	0.786
12954.554	0.785
12958.087	0.785
12961.575	0.785
12965.042	0.784
12968.502	0.785
12972.029	0.784
12975.55	0.785
12978.95	0.785
12982.498	0.785
12986.021	0.785
12989.539	0.785
12993.044	0.785
12996.6	0.785
13000.047	0.785
13003.527	0.785
13006.96	0.785
13010.405	0.785
13013.939	0.785
13017.409	0.785
13020.946	0.784
13024.43	0.786
13027.942	0.785
13031.445	0.785
13035.027	0.785
13038.432	0.785
13041.987	0.785
13045.41	0.785
13048.78	0.784
13052.361	0.785
13055.836	0.784
13059.182	0.784
13062.659	0.784
13066.175	0.785
13069.632	0.784
13073.103	0.785
13076.671	0.785
13080.109	0.785
13083.664	0.785
13087.175	0.785
13090.651	0.785
13094.206	0.785
13097.709	0.785
13101.108	0.784
13104.635	0.785
13108.037	0.785
13111.567	0.784
13115.09	0.785
13118.549	0.785
13122.073	0.786
13125.535	0.786
13129.064	0.785
13132.678	0.785
13136.117	0.785
13139.644	0.785
13143.233	0.785
13146.824	0.786
13150.282	0.786
13153.762	0.785
13157.282	0.786
13160.811	0.786
13164.362	0.786
13167.915	0.785
13171.433	0.785
13174.868	0.785
13178.322	0.785
13181.83	0.785
13185.33	0.785
13188.759	0.784
13192.292	0.785
13195.741	0.786
13199.223	0.785
13202.837	0.786
13206.294	0.786
13209.72	0.785
13213.267	0.785
13216.773	0.785
13220.177	0.785
13223.716	0.785
13227.172	0.784
13230.692	0.784
13234.127	0.784
13237.588	0.785
13241.071	0.785
13244.4	0.785
13247.883	0.785
13251.394	0.786
13254.862	0.785
13258.349	0.785
13261.8	0.785
13265.35	0.785
13268.83	0.785
13272.364	0.786
13275.887	0.785
13279.352	0.784
13282.972	0.785
13286.445	0.786
13289.908	0.785
13293.395	0.785
13296.834	0.786
13300.297	0.785
13303.705	0.785
13307.21	0.786
13310.713	0.785
13314.206	0.785
13317.683	0.785
13321.13	0.785
13324.536	0.785
13328.106	0.785
13331.63	0.786
13335.059	0.785
13338.6	0.785
13342.015	0.786
13345.453	0.785
13349.019	0.785
13352.578	0.785
13356.026	0.786
13359.392	0.785
13362.737	0.785
13366.175	0.785
13369.533	0.785
13373.047	0.786
13376.564	0.786
13379.966	0.785
13383.473	0.785
13386.989	0.785
13390.399	0.786
13393.875	0.785
13397.26	0.785
13400.774	0.785
13404.276	0.785
13407.734	0.784
13411.251	0.784
13414.732	0.784
13418.246	0.784
13421.744	0.785
13425.202	0.785
13428.644	0.785
13432.092	0.785
13435.586	0.785
13439.077	0.785
13442.543	0.785
13446.058	0.786
13449.495	0.785
13453.025	0.785
13456.558	0.784
13460.147	0.785
13463.668	0.786
13467.217	0.785
13470.667	0.785
13474.084	0.785
13477.548	0.785
13480.904	0.785
13484.396	0.784
13487.964	0.785
13491.384	0.785
13494.805	0.785
13498.312	0.785
13501.783	0.785
13505.282	0.785
13508.823	0.785
13512.283	0.784
13515.8	0.785
13519.383	0.785
13522.796	0.785
13526.374	0.785
13529.91	0.785
13533.395	0.785
13536.853	0.785
13540.253	0.785
13543.703	0.785
13547.131	0.785
13550.622	0.785
13554.073	0.785
13557.669	0.784
13561.129	0.785
13564.589	0.784
13568.152	0.785
13571.634	0.784
13575.187	0.784
13578.606	0.784
13582.126	0.785
13585.675	0.784
13589.24	0.786
13592.733	0.785
13596.181	0.785
13599.694	0.784
13603.305	0.785
13606.841	0.785
13610.37	0.785
13613.915	0.785
13617.428	0.785
13620.904	0.785
13624.486	0.784
13628.006	0.784
13631.505	0.785
13635.083	0.784
13638.606	0.785
13642.147	0.784
13645.772	0.784
13649.341	0.785
13652.819	0.784
13656.322	0.785
13659.776	0.785
13663.255	0.785
13666.802	0.785
13670.412	0.784
13673.934	0.785
13677.477	0.785
13681.029	0.785
13684.423	0.785
13687.801	0.785
13691.292	0.785
13694.857	0.785
13698.264	0.785
13701.652	0.786
13705.12	0.785
13708.526	0.785
13712.133	0.785
13715.635	0.784
13719.107	0.785
13722.543	0.785
13726.064	0.786
13729.604	0.785
13733.067	0.786
13736.621	0.785
13740.149	0.785
13743.609	0.785
13747.106	0.785
13750.545	0.784
13754.029	0.785
13757.414	0.785
13760.846	0.786
13764.355	0.786
13767.869	0.785
13771.353	0.785
13774.843	0.785
13778.349	0.785
13781.85	0.785
13785.337	0.785
13788.793	0.786
13792.263	0.785
13795.736	0.786
13799.21	0.785
13802.663	0.785
13806.144	0.785
13809.714	0.786
13813.222	0.786
13816.733	0.785
13820.143	0.785
13823.595	0.785
13827.137	0.785
13830.677	0.785
13834.172	0.786
13837.572	0.785
13841.066	0.785
13844.491	0.785
13847.987	0.785
13851.6	0.785
13855.065	0.785
13858.614	0.785
13862.178	0.785
13865.612	0.784
13869.043	0.784
13872.55	0.785
13876.073	0.784
13879.73	0.785
13883.23	0.784
13886.644	0.784
13890.164	0.784
13893.646	0.785
13897.009	0.785
13900.544	0.785
13903.989	0.785
13907.524	0.785
13911.055	0.784
13914.446	0.785
13917.792	0.785
13921.271	0.785
13924.828	0.785
13928.389	0.785
13932.019	0.785
13935.477	0.785
13939.021	0.785
13942.419	0.785
13946.067	0.786
13949.642	0.785
13953.116	0.785
13956.561	0.784
13960.022	0.784
13963.452	0.786
13966.909	0.785
13970.373	0.785
13973.813	0.785
13977.406	0.785
13980.867	0.785
13984.27	0.786
13987.817	0.785
13991.314	0.786
13994.928	0.785
13998.459	0.785
14001.902	0.785
14005.471	0.785
14008.885	0.785
14012.429	0.785
14015.895	0.785
14019.357	0.785
14022.895	0.785
14026.386	0.785
14029.874	0.785
14033.401	0.785
14036.847	0.785
14040.309	0.785
14043.849	0.784
14047.324	0.785
14050.821	0.786
14054.343	0.785
14057.829	0.785
14061.231	0.786
14064.725	0.785
14068.186	0.785
14071.569	0.785
14075.024	0.785
14078.531	0.785
14082.012	0.785
14085.586	0.786
14089.093	0.785
14092.646	0.785
14096.145	0.784
14099.708	0.784
14103.167	0.784
14106.635	0.785
14110.142	0.785
14113.514	0.785
14117.089	0.786
14120.601	0.785
14123.999	0.786
14127.48	0.785
14130.925	0.785
14134.37	0.785
14137.87	0.786
14141.347	0.784
14144.877	0.785
14148.456	0.785
14151.916	0.785
14155.324	0.784
14158.805	0.784
14162.283	0.785
14165.807	0.784
14169.226	0.785
14172.839	0.786
14176.368	0.785
14179.851	0.784
14183.373	0.785
14186.878	0.785
14190.423	0.785
14193.907	0.785
14197.241	0.785
14200.749	0.785
14204.366	0.785
14207.841	0.785
14211.431	0.785
14214.889	0.784
14218.458	0.785
14221.982	0.785
14225.317	0.786
14228.825	0.785
14232.323	0.785
14235.744	0.785
14239.268	0.785
14242.811	0.785
14246.268	0.785
14249.644	0.784
14253.117	0.785
14256.627	0.784
14260.119	0.785
14263.645	0.785
14267.233	0.785
14270.672	0.785
14274.033	0.784
14277.535	0.784
14281.066	0.785
14284.575	0.785
14288.011	0.785
14291.543	0.785
14294.979	0.785
14298.409	0.785
14301.778	0.784
14305.299	0.785
14308.663	0.785
14312.158	0.785
14315.691	0.785
14319.094	0.785
14322.486	0.784
14326.011	0.784
14329.53	0.784
14332.98	0.785
14336.406	0.784
14339.864	0.785
14343.463	0.785
14346.995	0.784
14350.58	0.785
14354.114	0.785
14357.68	0.785
14361.255	0.785
14364.813	0.784
14368.299	0.785
14371.705	0.785
14375.166	0.785
14378.706	0.784
14382.135	0.785
14385.583	0.784
14389.094	0.785
14392.461	0.784
14396.013	0.784
14399.51	0.784
14403.105	0.784
14406.636	0.784
14410.133	0.784
14413.606	0.784
14417.126	0.785
14420.597	0.784
14424.117	0.784
14427.595	0.784
14431.134	0.785
14434.632	0.785
14438.035	0.785
14441.559	0.784
14445.095	0.785
14448.6	0.784
14452.08	0.784
14455.464	0.785
14458.931	0.786
14462.462	0.785
14466.061	0.785
14469.521	0.785
14473.07	0.785
14476.509	0.785
14480.011	0.784
14483.477	0.785
14487.033	0.785
14490.528	0.784
14493.945	0.786
14497.468	0.785
14500.865	0.785
14504.254	0.785
14507.724	0.785
14511.198	0.785
14514.648	0.785
14518.034	0.785
14521.58	0.785
14524.984	0.784
14528.436	0.785
14531.819	0.784
14535.229	0.784
14538.726	0.785
14542.194	0.784
14545.575	0.785
14549.074	0.785
14552.515	0.784
14555.945	0.785
14559.401	0.784
14562.852	0.785
14566.421	0.784
14569.978	0.784
14573.439	0.784
14576.914	0.785
14580.437	0.784
14583.892	0.785
14587.414	0.785
14590.941	0.785
14594.374	0.785
14597.784	0.785
14601.28	0.785
14604.809	0.785
14608.293	0.784
14611.927	0.785
14615.457	0.785
14618.917	0.785
14622.435	0.785
14625.955	0.786
14629.364	0.786
14632.777	0.786
14636.268	0.785
14639.741	0.785
14643.171	0.785
14646.649	0.785
14650.06	0.785
14653.491	0.786
14657.027	0.786
14660.561	0.786
14663.987	0.785
14667.409	0.785
14670.889	0.786
14674.39	0.785
14677.969	0.786
14681.543	0.785
14685.072	0.785
14688.526	0.785
14691.99	0.785
14695.458	0.785
14698.91	0.786
14702.442	0.785
14705.9	0.786
14709.312	0.786
14712.742	0.785
14716.238	0.785
14719.653	0.785
14723.091	0.785
14726.564	0.786
14730.102	0.786
14733.654	0.785
14737.226	0.785
14740.672	0.785
14744.138	0.785
14747.692	0.785
14751.232	0.785
14754.601	0.785
14758.048	0.785
14761.543	0.785
14765.137	0.785
14768.718	0.784
14772.354	0.784
14775.911	0.785
14779.415	0.784
14782.827	0.785
14786.29	0.785
14789.854	0.785
14793.276	0.785
14796.673	0.785
14800.201	0.784
14803.628	0.784
14807.048	0.786
14810.559	0.785
14814.032	0.785
14817.514	0.785
14821.041	0.785
14824.475	0.785
14827.82	0.785
14831.403	0.784
14834.939	0.785
14838.389	0.785
14841.809	0.785
14845.313	0.785
14848.753	0.785
14852.233	0.785
14855.782	0.785
14859.257	0.785
14862.764	0.785
14866.329	0.785
14869.85	0.785
14873.376	0.786
14876.801	0.785
14880.346	0.785
14883.724	0.785
14887.157	0.786
14890.542	0.786
14893.963	0.785
14897.573	0.786
14901.152	0.784
14904.623	0.785
14908.112	0.784
14911.557	0.785
14915.044	0.785
14918.607	0.785
14922.12	0.785
14925.623	0.785
14929.026	0.786
14932.402	0.785
14935.951	0.784
14939.403	0.784
14942.897	0.785
14946.306	0.785
14949.803	0.785
14953.165	0.786
14956.757	0.786
14960.302	0.786
14963.745	0.785
14967.206	0.786
14970.642	0.785
14974.201	0.784
14977.733	0.784
14981.207	0.785
14984.618	0.785
14988.089	0.785
14991.629	0.785
14995.196	0.785
14998.737	0.786
15002.205	0.785
15005.644	0.785
15009.302	0.786
15012.809	0.786
15016.245	0.787
15019.769	0.786
15023.313	0.786
15026.832	0.786
15030.339	0.786
15033.943	0.786
15037.519	0.785
15041.013	0.786
15044.397	0.786
15047.905	0.786
15051.479	0.786
15055.004	0.785
15058.522	0.785
15062.018	0.785
15065.491	0.787
15069.082	0.786
15072.735	0.785
15076.177	0.785
15079.638	0.786
15083.194	0.785
15086.617	0.785
15090.233	0.785
15093.744	0.785
15097.203	0.785
15100.698	0.785
15104.2	0.784
15107.545	0.785
15110.92	0.786
15114.491	0.785
15117.872	0.785
15121.345	0.785
15124.828	0.785
15128.304	0.785
15131.826	0.784
15135.273	0.785
15138.747	0.786
15142.208	0.785
15145.584	0.785
15149.125	0.785
15152.614	0.785
15156.091	0.785
15159.606	0.786
15163.137	0.786
15166.576	0.785
15170.056	0.785
15173.452	0.786
15176.949	0.785
15180.504	0.786
15183.953	0.787
15187.426	0.785
15190.869	0.785
15194.317	0.785
15197.727	0.785
15201.175	0.786
15204.712	0.785
15208.218	0.785
15211.605	0.784
15215.054	0.785
15218.512	0.785
15221.967	0.785
15225.629	0.785
15229.175	0.785
15232.588	0.785
15236.119	0.785
15239.631	0.785
15243.111	0.785
15246.627	0.785
15250.122	0.785
15253.642	0.785
15257.182	0.784
15260.636	0.784
15264.074	0.786
15267.529	0.785
15271.055	0.785
15274.476	0.785
15277.931	0.785
15281.397	0.785
15284.813	0.785
15288.376	0.785
15291.915	0.784
15295.422	0.785
15298.975	0.785
15302.504	0.786
15306.017	0.786
15309.529	0.786
15313.102	0.786
15316.651	0.784
15320.204	0.785
15323.552	0.785
15326.931	0.786
15330.369	0.786
15333.801	0.785
15337.302	0.785
15340.789	0.785
15344.274	0.784
15347.782	0.785
15351.352	0.785
15354.824	0.785
15358.299	0.785
15361.889	0.785
15365.347	0.785
15368.831	0.784
15372.335	0.785
15375.834	0.785
15379.318	0.785
15382.726	0.784
15386.267	0.785
15389.726	0.785
15393.169	0.785
15396.632	0.784
15400.098	0.785
15403.512	0.785
15407.001	0.785
15410.607	0.785
15414.093	0.786
15417.531	0.785
15421.018	0.785
15424.418	0.785
15427.859	0.785
15431.283	0.785
15434.848	0.785
15438.343	0.785
15441.814	0.785
15445.312	0.785
15448.806	0.785
15452.274	0.785
15455.865	0.785
15459.328	0.786
15462.89	0.785
15466.371	0.785
15469.881	0.786
15473.417	0.786
15477.035	0.785
15480.43	0.785
15484.029	0.786
15487.544	0.785
15491.113	0.785
15494.527	0.785
15497.869	0.785
15501.422	0.785
15504.941	0.785
15508.469	0.784
15511.973	0.784
15515.452	0.784
15518.897	0.784
15522.34	0.784
15525.778	0.784
15529.284	0.785
15532.694	0.785
15536.232	0.785
15539.696	0.785
15543.13	0.784
15546.682	0.785
15550.127	0.785
15553.728	0.785
15557.172	0.785
15560.602	0.784
15563.999	0.784
15567.485	0.785
15571.021	0.785
15574.481	0.785
15577.906	0.786
15581.497	0.786
15584.931	0.785
15588.462	0.786
15591.865	0.786
15595.306	0.786
15598.763	0.786
15602.18	0.786
15605.563	0.786
15609.088	0.787
15612.527	0.786
15616.119	0.786
15619.672	0.786
15623.098	0.786
15626.652	0.786
15630.22	0.786
15633.588	0.786
15636.978	0.786
15640.529	0.786
15643.968	0.786
15647.441	0.785
15650.862	0.786
15654.323	0.786
15657.873	0.786
15661.357	0.786
15664.906	0.786
15668.352	0.787
15671.873	0.786
15675.301	0.785
15678.883	0.786
15682.455	0.786
15685.98	0.786
15689.343	0.786
15692.725	0.786
15696.302	0.785
15699.857	0.786
15703.324	0.786
15706.727	0.786
15710.128	0.785
15713.551	0.786
15717.07	0.786
15720.583	0.786
15724.055	0.786
15727.509	0.786
15730.988	0.786
15734.483	0.785
15738.048	0.786
15741.491	0.785
15744.961	0.786
15748.36	0.787
15751.812	0.786
15755.319	0.786
15758.757	0.786
15762.29	0.786
15765.778	0.786
15769.274	0.786
15772.824	0.786
15776.307	0.786
15779.795	0.786
15783.238	0.786
15786.772	0.786
15790.349	0.786
15793.803	0.786
15797.277	0.786
15800.773	0.786
15804.141	0.786
15807.543	0.786
15811.006	0.785
15814.428	0.786
15817.918	0.786
15821.469	0.786
15824.879	0.786
15828.346	0.786
15831.801	0.786
15835.278	0.786
15838.764	0.786
15842.17	0.785
15845.757	0.786
15849.266	0.786
15852.79	0.785
15856.295	0.786
15859.74	0.786
15863.278	0.787
15866.717	0.786
15870.258	0.788
15873.699	0.786
15877.127	0.787
15880.53	0.785
15884.026	0.786
15887.625	0.786
15891.025	0.786
15894.506	0.786
15898.076	0.786
15901.542	0.786
15905.034	0.786
15908.543	0.786
15912.031	0.787
15915.554	0.786
15918.964	0.786
15922.468	0.787
15925.932	0.787
15929.328	0.786
15932.884	0.786
15936.338	0.785
15939.805	0.786
15943.241	0.786
15946.752	0.786
15950.209	0.785
15953.708	0.786
15957.188	0.786
15960.657	0.786
15963.964	0.786
15967.476	0.785
15971.071	0.786
15974.514	0.786
15978.043	0.786
15981.473	0.786
15984.934	0.786
15988.452	0.786
15991.899	0.786
15995.363	0.786
15998.826	0.786
16002.376	0.785
16005.904	0.786
16009.408	0.786
16012.886	0.786
16016.33	0.785
16019.779	0.786
16023.23	0.786
16026.721	0.786
16030.16	0.786
16033.689	0.785
16037.211	0.786
16040.721	0.786
16044.145	0.786
16047.624	0.786
16051.043	0.786
16054.429	0.786
16057.883	0.786
16061.429	0.786
16064.873	0.786
16068.251	0.785
16071.68	0.785
16075.207	0.786
16078.63	0.785
16082.207	0.786
16085.71	0.786
16089.295	0.786
16092.751	0.785
16096.185	0.786
16099.728	0.785
16103.185	0.786
16106.742	0.785
16110.244	0.785
16113.748	0.785
16117.201	0.786
16120.743	0.785
16124.158	0.786
16127.675	0.785
16131.146	0.786
16134.626	0.785
16138.153	0.786
16141.554	0.786
16145.035	0.786
16148.575	0.786
16152.084	0.786
16155.612	0.785
16159.175	0.785
16162.603	0.785
16166.083	0.786
16169.545	0.786
16173.031	0.786
16176.599	0.785
16180.139	0.785
16183.613	0.785
16187.044	0.785
16190.535	0.785
16194.03	0.785
16197.447	0.786
16200.847	0.786
16204.242	0.786
16207.671	0.785
16211.13	0.785
16214.532	0.785
16218.014	0.785
16221.512	0.785
16225.0	0.786
16228.448	0.785
16232.014	0.786
16235.457	0.785
16238.938	0.785
16242.508	0.786
16246.053	0.785
16249.611	0.785
16253.049	0.785
16256.613	0.786
16260.039	0.786
16263.538	0.785
16267.024	0.785
16270.502	0.785
16274.011	0.785
16277.414	0.785
16280.874	0.785
16284.336	0.786
16287.784	0.786
16291.246	0.786
16294.809	0.785
16298.328	0.785
16301.859	0.786
16305.5	0.785
16309.077	0.785
16312.687	0.785
16316.212	0.785
16319.7	0.786
16323.157	0.784
16326.546	0.785
16330.111	0.785
16333.535	0.786
16337.02	0.785
16340.417	0.785
16343.847	0.785
16347.267	0.785
16350.724	0.785
16354.254	0.785
16357.667	0.785
16361.06	0.786
16364.609	0.785
16368.226	0.785
16371.743	0.785
16375.182	0.785
16378.652	0.786
16382.156	0.786
16385.522	0.786
16389.035	0.785
16392.497	0.785
16395.939	0.786
16399.37	0.785
16402.88	0.786
16406.337	0.785
16409.958	0.786
16413.543	0.786
16417.107	0.786
16420.566	0.786
16424.01	0.786
16427.429	0.786
16430.875	0.786
16434.391	0.786
16437.865	0.786
16441.409	0.786
16444.846	0.786
16448.281	0.786
16451.776	0.785
16455.282	0.785
16458.764	0.786
16462.339	0.785
16465.744	0.785
16469.211	0.787
16472.678	0.786
16476.222	0.786
16479.785	0.785
16483.191	0.785
16486.696	0.785
16490.125	0.785
16493.611	0.786
16497.144	0.785
16500.532	0.786
16504.088	0.786
16507.593	0.786
16511.118	0.786
16514.703	0.785
16518.252	0.786
16521.641	0.786
16525.136	0.786
16528.524	0.786
16532.036	0.786
16535.6	0.786
16539.134	0.786
16542.577	0.786
16546.17	0.786
16549.629	0.786
16553.183	0.785
16556.689	0.786
16560.268	0.786
16563.791	0.786
16567.349	0.786
16570.791	0.785
16574.285	0.785
16577.754	0.786
16581.199	0.786
16584.564	0.785
16588.08	0.785
16591.573	0.786
16595.118	0.785
16598.527	0.785
16601.965	0.786
16605.4	0.786
16608.864	0.786
16612.379	0.786
16615.836	0.787
16619.322	0.786
16622.675	0.786
16626.166	0.786
16629.645	0.786
16633.15	0.786
16636.553	0.786
16640.026	0.786
16643.472	0.787
16647.036	0.786
16650.611	0.786
16654.158	0.785
16657.586	0.786
16660.985	0.785
16664.434	0.786
16667.896	0.786
16671.329	0.785
16674.801	0.787
16678.291	0.786
16681.726	0.785
16685.135	0.785
16688.738	0.785
16692.156	0.785
16695.751	0.786
16699.322	0.786
16702.906	0.786
16706.355	0.786
16709.837	0.786
16713.279	0.786
16716.713	0.786
16720.294	0.786
16723.754	0.786
16727.199	0.786
16730.637	0.786
16734.038	0.786
16737.554	0.787
16741.046	0.787
16744.49	0.788
16747.958	0.787
16751.325	0.787
16754.744	0.787
16758.37	0.787
16761.784	0.788
16765.25	0.787
16768.651	0.787
16772.077	0.787
16775.598	0.788
16779.187	0.787
16782.637	0.787
16786.19	0.787
16789.688	0.787
16793.17	0.788
16796.639	0.787
16800.159	0.787
16803.653	0.788
16807.14	0.787
16810.641	0.788
16814.217	0.787
16817.612	0.788
16821.109	0.788
16824.484	0.787
16828.015	0.787
16831.435	0.787
16834.957	0.788
16838.503	0.788
16842.026	0.787
16845.487	0.788
16848.937	0.788
16852.48	0.787
16855.912	0.788
16859.426	0.787
16862.863	0.788
16866.253	0.787
16869.775	0.787
16873.229	0.787
16876.693	0.787
16880.254	0.788
16883.846	0.788
16887.287	0.787
16890.807	0.787
16894.332	0.788
16897.674	0.787
16901.088	0.788
16904.372	0.787
16907.799	0.787
16911.246	0.787
16914.707	0.787
16918.253	0.787
16921.811	0.787
16925.361	0.788
16928.872	0.787
16932.494	0.787
16936.06	0.788
16939.571	0.787
16942.978	0.788
16946.457	0.787
16949.9	0.788
16953.387	0.788
16956.941	0.787
16960.428	0.787
16963.812	0.788
16967.287	0.788
16970.73	0.787
16974.134	0.787
16977.6	0.787
16981.066	0.787
16984.585	0.787
16988.061	0.787
16991.546	0.787
16995.026	0.787
16998.498	0.788
17001.954	0.788
17005.402	0.788
17008.925	0.788
17012.336	0.787
17015.836	0.788
17019.254	0.787
17022.677	0.786
17026.105	0.787
17029.631	0.787
17033.183	0.786
17036.645	0.787
17040.124	0.787
17043.516	0.787
17046.929	0.787
17050.422	0.788
17054.054	0.788
17057.66	0.788
17061.221	0.788
17064.889	0.787
17068.391	0.787
17071.79	0.788
17075.233	0.787
17078.748	0.787
17082.293	0.787
17085.843	0.787
17089.285	0.787
17092.744	0.787
17096.255	0.787
17099.845	0.787
17103.186	0.787
17106.626	0.787
17110.098	0.787
17113.65	0.787
17117.004	0.788
17120.471	0.788
17123.938	0.787
17127.459	0.787
17130.942	0.787
17134.438	0.788
17137.924	0.787
17141.431	0.788
17144.978	0.788
17148.411	0.788
17151.937	0.788
17155.289	0.788
17158.85	0.787
17162.335	0.787
17165.838	0.786
17169.325	0.787
17172.765	0.786
17176.319	0.787
17179.844	0.787
17183.262	0.787
17186.755	0.787
17190.269	0.787
17193.718	0.787
17197.297	0.787
17200.925	0.787
17204.326	0.788
17207.901	0.786
17211.43	0.787
17214.949	0.787
17218.513	0.787
17222.108	0.786
17225.671	0.787
17229.147	0.787
17232.654	0.787
17236.188	0.787
17239.6	0.787
17243.163	0.787
17246.686	0.787
17250.249	0.786
17253.637	0.787
17257.092	0.787
17260.502	0.787
17264.028	0.787
17267.554	0.787
17271.035	0.788
17274.582	0.787
17278.09	0.787
17281.531	0.787
17284.957	0.787
17288.394	0.787
17291.863	0.787
17295.401	0.786
17298.903	0.787
17302.321	0.787
17305.779	0.787
17309.355	0.787
17312.824	0.787
17316.377	0.786
17319.859	0.787
17323.444	0.786
17326.842	0.787
17330.258	0.787
17333.719	0.787
17337.201	0.786
17340.656	0.787
17344.115	0.787
17347.605	0.787
17351.115	0.787
17354.59	0.787
17358.026	0.788
17361.545	0.787
17365.055	0.787
17368.539	0.788
17371.982	0.787
17375.42	0.787
17378.825	0.787
17382.326	0.786
17385.841	0.787
17389.349	0.788
17392.702	0.787
17396.129	0.788
17399.731	0.787
17403.191	0.787
17406.809	0.787
17410.37	0.788
17413.829	0.788
17417.345	0.788
17420.828	0.787
17424.263	0.788
17427.768	0.788
17431.206	0.788
17434.718	0.788
17438.209	0.787
17441.701	0.787
17445.139	0.788
17448.619	0.787
17452.118	0.787
17455.549	0.787
17459.046	0.787
17462.528	0.787
17466.017	0.788
17469.516	0.788
17472.97	0.787
17476.408	0.787
17479.912	0.787
17483.445	0.787
17486.923	0.788
17490.377	0.787
17493.877	0.788
17497.344	0.787
17500.84	0.787
17504.261	0.788
17507.742	0.787
17511.104	0.787
17514.57	0.787
17518.095	0.787
17521.5	0.787
17524.967	0.787
17528.457	0.787
17531.926	0.786
17535.454	0.787
17538.946	0.787
17542.449	0.786
17545.941	0.787
17549.391	0.786
17552.833	0.787
17556.387	0.787
17559.887	0.786
17563.319	0.787
17566.809	0.787
17570.265	0.787
17573.764	0.787
17577.214	0.787
17580.621	0.788
17584.062	0.788
17587.53	0.787
17591.062	0.787
17594.606	0.788
17598.073	0.787
17601.587	0.787
17605.115	0.787
17608.581	0.787
17612.013	0.787
17615.514	0.787
17618.95	0.787
17622.428	0.788
17626.034	0.788
17629.535	0.788
17632.941	0.788
17636.404	0.787
17639.95	0.788
17643.469	0.788
17647.005	0.788
17650.499	0.787
17654.021	0.787
17657.484	0.788
17660.906	0.788
17664.364	0.788
17667.815	0.788
17671.316	0.787
17674.865	0.787
17678.369	0.787
17681.832	0.787
17685.373	0.788
17688.939	0.787
17692.42	0.787
17695.968	0.788
17699.529	0.787
17702.97	0.788
17706.395	0.787
17709.932	0.787
17713.439	0.787
17716.868	0.787
17720.219	0.787
17723.561	0.786
17726.982	0.787
17730.504	0.786
17733.905	0.787
17737.44	0.787
17740.809	0.787
17744.16	0.787
17747.578	0.786
17751.084	0.787
17754.409	0.787
17757.923	0.787
17761.414	0.787
17764.895	0.786
17768.281	0.786
17771.803	0.786
17775.251	0.787
17778.841	0.787
17782.433	0.787
17785.964	0.787
17789.544	0.788
17793.083	0.787
17796.543	0.788
17799.939	0.788
17803.325	0.788
17806.9	0.787
17810.463	0.787
17813.997	0.787
17817.488	0.788
17820.927	0.788
17824.361	0.788
17827.854	0.787
17831.326	0.788
17834.859	0.788
17838.292	0.787
17841.752	0.787
17845.197	0.787
17848.63	0.787
17852.186	0.787
17855.724	0.787
17859.343	0.787
17862.897	0.787
17866.406	0.788
17869.872	0.787
17873.287	0.787
17876.747	0.788
17880.24	0.787
17883.767	0.787
17887.279	0.787
17890.733	0.787
17894.268	0.788
17897.801	0.788
17901.232	0.787
17904.738	0.788
17908.248	0.787
17911.673	0.787
17915.138	0.788
17918.696	0.788
17922.172	0.787
17925.576	0.788
17929.178	0.788
17932.688	0.787
17936.306	0.786
17939.711	0.787
17943.354	0.787
17946.85	0.787
17950.464	0.787
17954.005	0.787
17957.559	0.787
17961.09	0.787
17964.548	0.787
17968.105	0.787
17971.512	0.788
17974.928	0.787
17978.426	0.786
17981.912	0.786
17985.5	0.787
17988.932	0.787
17992.524	0.787
17996.114	0.786
17999.57	0.788
18002.98	0.787
18006.412	0.787
18009.893	0.787
18013.442	0.786
18016.819	0.786
18020.264	0.787
18023.703	0.787
18027.149	0.788
18030.578	0.787
18034.156	0.787
18037.798	0.787
18041.197	0.787
18044.72	0.787
18048.281	0.788
18051.743	0.787
18055.189	0.787
18058.744	0.788
18062.257	0.788
18065.76	0.787
18069.174	0.787
18072.599	0.787
18076.016	0.787
18079.516	0.787
18083.093	0.787
18086.603	0.787
18090.224	0.787
18093.718	0.786
18097.063	0.787
18100.554	0.788
18104.084	0.787
18107.606	0.788
18111.107	0.787
18114.533	0.787
18118.111	0.787
18121.742	0.787
18125.26	0.788
18128.77	0.787
18132.29	0.787
18135.727	0.787
18139.223	0.787
18142.745	0.787
18146.155	0.787
18149.646	0.786
18153.211	0.787
18156.636	0.787
18160.013	0.786
18163.441	0.787
18166.926	0.787
18170.389	0.787
18173.986	0.787
18177.493	0.787
18180.86	0.787
18184.378	0.787
18187.833	0.787
18191.364	0.787
18194.83	0.787
18198.387	0.787
18201.884	0.787
18205.294	0.787
18208.731	0.786
18212.296	0.787
18215.831	0.787
18219.277	0.787
18222.739	0.787
18226.25	0.786
18229.674	0.786
18233.132	0.786
18236.618	0.786
18240.07	0.786
18243.618	0.786
18247.011	0.787
18250.498	0.786
18253.934	0.786
18257.395	0.786
18260.887	0.787
18264.462	0.787
18268.019	0.787
18271.562	0.787
18275.066	0.786
18278.557	0.787
18282.057	0.786
18285.619	0.787
18289.056	0.787
18292.556	0.786
18296.024	0.786
18299.474	0.787
18302.901	0.787
18306.448	0.787
18310.007	0.786
18313.5	0.787
18317.032	0.786
18320.597	0.787
18324.066	0.787
18327.46	0.788
18330.959	0.787
18334.387	0.786
18337.843	0.787
18341.38	0.787
18344.84	0.787
18348.293	0.786
18351.857	0.787
18355.31	0.788
18358.732	0.787
18362.269	0.787
18365.825	0.787
18369.265	0.787
18372.788	0.787
18376.23	0.787
18379.651	0.787
18383.16	0.787
18386.507	0.787
18390.048	0.786
18393.458	0.787
18396.942	0.787
18400.366	0.787
18403.914	0.786
18407.335	0.786
18410.722	0.785
18414.125	0.787
18417.635	0.786
18421.127	0.786
18424.602	0.787
18428.132	0.786
18431.59	0.786
18435.191	0.787
18438.692	0.787
18442.202	0.787
18445.699	0.786
18449.206	0.786
18452.682	0.787
18456.218	0.787
18459.729	0.786
18463.161	0.786
18466.622	0.786
18470.057	0.786
18473.492	0.786
18477.016	0.787
18480.52	0.786
18484.041	0.787
18487.453	0.786
18490.896	0.787
18494.322	0.787
18497.869	0.787
18501.37	0.786
18504.844	0.787
18508.333	0.786
18511.782	0.786
18515.306	0.786
18518.794	0.786
18522.257	0.786
18525.67	0.785
18529.226	0.786
18532.763	0.786
18536.298	0.786
18539.842	0.786
18543.406	0.787
18546.746	0.786
18550.201	0.787
18553.561	0.787
18556.99	0.787
18560.475	0.786
18564.075	0.786
18567.581	0.786
18571.049	0.787
18574.681	0.786
18578.135	0.786
18581.567	0.786
18584.964	0.786
18588.547	0.786
18591.866	0.786
18595.303	0.786
18598.819	0.786
18602.194	0.786
18605.567	0.785
18608.945	0.786
18612.461	0.786
18616.028	0.786
18619.584	0.786
18623.11	0.787
18626.53	0.786
18630.09	0.786
18633.573	0.786
18637.076	0.786
18640.589	0.785
18644.093	0.785
18647.604	0.786
18651.113	0.785
18654.624	0.786
18658.071	0.787
18661.538	0.786
18665.101	0.786
18668.6	0.786
18672.018	0.786
18675.499	0.786
18679.0	0.787
18682.463	0.786
18685.993	0.787
18689.481	0.786
18693.013	0.786
18696.446	0.786
18699.94	0.785
18703.389	0.785
18706.818	0.786
18710.345	0.786
18713.945	0.787
18717.434	0.787
18720.814	0.786
18724.348	0.786
18727.937	0.786
18731.536	0.787
18735.1	0.787
18738.606	0.785
18742.131	0.786
18745.623	0.787
18749.034	0.787
18752.607	0.786
18756.123	0.786
18759.554	0.786
18763.025	0.786
18766.427	0.786
18769.92	0.786
18773.295	0.786
18776.715	0.786
18780.16	0.786
18783.572	0.787
18787.093	0.786
18790.529	0.786
18793.966	0.786
18797.42	0.786
18801.012	0.786
18804.54	0.786
18808.049	0.786
18811.554	0.786
18815.038	0.786
18818.486	0.786
18821.99	0.786
18825.436	0.787
18828.876	0.786
18832.281	0.786
18835.766	0.786
18839.245	0.786
18842.636	0.786
18846.089	0.787
18849.539	0.786
18852.985	0.786
18856.47	0.786
18860.04	0.786
18863.495	0.785
18866.992	0.786
18870.467	0.786
18874.0	0.786
18877.514	0.786
18880.958	0.786
18884.463	0.785
18888.021	0.786
18891.68	0.786
18895.149	0.786
18898.68	0.786
18902.082	0.787
18905.598	0.787
18909.026	0.786
18912.427	0.786
18915.981	0.786
18919.537	0.786
18923.04	0.786
18926.44	0.786
18929.955	0.787
18933.437	0.786
18936.913	0.787
18940.335	0.786
18943.891	0.786
18947.365	0.786
18950.925	0.787
18954.413	0.787
18957.811	0.787
18961.31	0.787
18964.729	0.787
18968.162	0.786
18971.602	0.787
18975.169	0.786
18978.642	0.786
18982.075	0.786
18985.518	0.786
18989.042	0.787
18992.496	0.786
18996.018	0.787
18999.505	0.787
19002.921	0.786
19006.525	0.786
19010.034	0.787
19013.508	0.786
19016.954	0.786
19020.47	0.787
19024.004	0.786
19027.553	0.787
19031.033	0.786
19034.499	0.787
19038.064	0.786
19041.537	0.786
19045.121	0.786
19048.57	0.787
19052.035	0.787
19055.574	0.787
19058.997	0.787
19062.405	0.787
19065.838	0.787
19069.329	0.787
19072.844	0.787
19076.317	0.787
19079.746	0.786
19083.29	0.786
19086.803	0.787
19090.36	0.787
19093.817	0.786
19097.306	0.786
19100.865	0.786
19104.249	0.787
19107.756	0.787
19111.16	0.787
19114.635	0.786
19118.103	0.786
19121.65	0.786
19125.123	0.786
19128.543	0.787
19132.058	0.787
19135.565	0.786
19139.066	0.786
19142.532	0.787
19145.899	0.786
19149.338	0.786
19152.863	0.786
19156.383	0.786
19159.961	0.786
19163.482	0.787
19166.904	0.787
19170.306	0.786
19173.802	0.786
19177.285	0.786
19180.817	0.786
19184.293	0.786
19187.797	0.786
19191.316	0.785
19194.855	0.786
19198.377	0.787
19201.877	0.786
19205.409	0.787
19208.859	0.787
19212.401	0.787
19215.901	0.786
19219.376	0.786
19222.924	0.787
19226.4	0.786
19229.931	0.786
19233.472	0.786
19236.926	0.786
19240.392	0.786
19243.961	0.786
19247.539	0.786
19250.989	0.786
19254.543	0.786
19258.111	0.787
19261.633	0.787
19265.052	0.786
19268.523	0.785
19272.006	0.786
19275.522	0.786
19279.105	0.786
19282.639	0.786
19286.174	0.786
19289.721	0.786
19293.171	0.786
19296.653	0.787
19300.097	0.786
19303.689	0.786
19307.191	0.786
19310.737	0.786
19314.279	0.786
19317.767	0.785
19321.287	0.786
19324.742	0.786
19328.206	0.785
19331.746	0.785
19335.28	0.786
19338.681	0.786
19342.138	0.785
19345.61	0.785
19349.041	0.786
19352.646	0.786
19356.01	0.786
19359.53	0.787
19362.963	0.786
19366.496	0.786
19369.988	0.786
19373.423	0.786
19376.897	0.786
19380.34	0.786
19383.946	0.786
19387.529	0.786
19390.949	0.786
19394.414	0.785
19397.925	0.785
19401.383	0.786
19404.803	0.786
19408.326	0.785
19411.878	0.786
19415.405	0.786
19418.964	0.786
19422.351	0.785
19425.815	0.786
19429.359	0.785
19432.936	0.785
19436.575	0.785
19440.143	0.786
19443.571	0.786
19446.998	0.785
19450.44	0.785
19453.853	0.785
19457.403	0.785
19460.9	0.785
19464.346	0.786
19467.873	0.784
19471.421	0.785
19474.962	0.785
19478.335	0.785
19481.76	0.785
19485.321	0.785
19488.836	0.786
19492.426	0.785
19495.967	0.785
19499.493	0.786
19503.067	0.785
19506.472	0.785
19510.006	0.785
19513.606	0.786
19516.973	0.786
19520.517	0.785
19524.062	0.784
19527.479	0.786
19531.005	0.785
19534.546	0.785
19537.979	0.785
19541.473	0.785
19544.937	0.785
19548.427	0.785
19551.832	0.785
19555.4	0.785
19558.884	0.785
19562.327	0.785
19565.698	0.785
19569.259	0.785
19572.87	0.785
19576.413	0.785
19579.927	0.785
19583.417	0.785
19586.972	0.785
19590.384	0.785
19593.951	0.785
19597.469	0.785
19600.98	0.786
19604.546	0.786
19608.025	0.785
19611.524	0.786
19614.94	0.786
19618.448	0.785
19621.984	0.785
19625.425	0.785
19628.818	0.784
19632.275	0.786
19635.85	0.785
19639.331	0.785
19642.891	0.785
19646.331	0.785
19649.831	0.786
19653.233	0.786
19656.721	0.785
19660.158	0.786
19663.643	0.786
19667.03	0.785
19670.402	0.786
19673.815	0.785
19677.278	0.786
19680.789	0.786
19684.303	0.786
19687.815	0.786
19691.389	0.786
19694.824	0.786
19698.289	0.786
19701.784	0.786
19705.255	0.785
19708.759	0.785
19712.216	0.786
19715.642	0.786
19719.081	0.787
19722.557	0.785
19726.078	0.785
19729.651	0.785
19733.115	0.785
19736.567	0.786
19740.04	0.785
19743.474	0.786
19746.898	0.786
19750.309	0.786
19753.82	0.786
19757.334	0.786
19760.827	0.786
19764.356	0.786
19767.855	0.787
19771.28	0.786
19774.863	0.786
19778.323	0.786
19781.768	0.785
19785.242	0.786
19788.78	0.786
19792.308	0.786
19795.805	0.785
19799.263	0.785
19802.725	0.786
19806.223	0.785
19809.739	0.786
19813.225	0.786
19816.714	0.786
19820.22	0.786
19823.677	0.786
19827.077	0.786
19830.632	0.786
19834.197	0.786
19837.74	0.786
19841.161	0.786
19844.627	0.785
19848.147	0.786
19851.601	0.786
19855.129	0.785
19858.626	0.786
19861.991	0.786
19865.455	0.785
19868.945	0.786
19872.542	0.786
19876.026	0.786
19879.598	0.785
19883.121	0.785
19886.564	0.786
19890.053	0.786
19893.52	0.785
19897.051	0.785
19900.479	0.785
19903.922	0.786
19907.436	0.785
19910.979	0.785
19914.414	0.785
19917.876	0.785
19921.363	0.785
19924.818	0.786
19928.265	0.785
19931.802	0.786
19935.269	0.785
19938.704	0.785
19942.264	0.786
19945.707	0.786
19949.076	0.785
19952.536	0.786
19956.048	0.785
19959.6	0.785
19963.152	0.785
19966.569	0.785
19969.997	0.785
19973.533	0.785
19976.943	0.785
19980.503	0.785
19983.956	0.785
19987.461	0.785
19990.971	0.785
19994.482	0.785
19997.912	0.785
20001.352	0.785
20004.745	0.785
20008.278	0.784
20011.786	0.785
20015.217	0.785
20018.724	0.785
20022.151	0.786
20025.816	0.784
20029.333	0.785
20032.734	0.785
20036.238	0.785
20039.64	0.786
20043.21	0.786
20046.648	0.785
20050.164	0.786
20053.723	0.785
20057.07	0.786
20060.63	0.785
20064.141	0.786
20067.691	0.786
20071.15	0.786
20074.564	0.786
20077.959	0.786
20081.466	0.785
20084.969	0.786
20088.578	0.785
20092.115	0.785
20095.576	0.786
20099.118	0.786
20102.611	0.786
20106.064	0.786
20109.598	0.786
20113.107	0.785
20116.513	0.786
20120.042	0.786
20123.642	0.786
20127.096	0.786
20130.611	0.786
20134.17	0.785
20137.714	0.786
20141.205	0.786
20144.696	0.785
20148.211	0.786
20151.694	0.786
20155.153	0.786
20158.634	0.786
20162.167	0.786
20165.714	0.786
20169.223	0.786
20172.758	0.785
20176.277	0.785
20179.889	0.785
20183.423	0.786
20186.98	0.785
20190.401	0.786
20193.856	0.785
20197.333	0.785
20200.799	0.786
20204.324	0.786
20207.872	0.786
20211.309	0.786
20214.735	0.785
20218.31	0.786
20221.748	0.786
20225.261	0.785
20228.802	0.786
20232.413	0.786
20235.939	0.787
20239.404	0.786
20242.912	0.786
20246.475	0.785
20249.959	0.786
20253.46	0.786
20256.84	0.786
20260.392	0.786
20263.891	0.785
20267.459	0.785
20270.953	0.786
20274.438	0.785
20277.872	0.785
20281.327	0.786
20284.917	0.786
20288.586	0.785
20292.069	0.786
20295.559	0.784
20298.952	0.785
20302.436	0.786
20306.021	0.785
20309.469	0.785
20312.845	0.786
20316.317	0.785
20319.863	0.786
20323.457	0.786
20326.99	0.786
20330.458	0.785
20333.854	0.785
20337.362	0.785
20340.974	0.786
20344.488	0.786
20348.009	0.786
20351.465	0.785
20354.931	0.785
20358.375	0.786
20361.934	0.785
20365.361	0.786
20368.89	0.785
20372.358	0.786
20375.857	0.786
20379.277	0.785
20382.646	0.786
20386.143	0.786
20389.616	0.786
20393.149	0.786
20396.552	0.785
20400.089	0.785
20403.49	0.785
20406.938	0.785
20410.301	0.786
20413.829	0.785
20417.259	0.785
20420.752	0.785
20424.301	0.785
20427.782	0.785
20431.294	0.786
20434.82	0.785
20438.273	0.785
20441.909	0.785
20445.404	0.786
20448.939	0.786
20452.341	0.785
20455.88	0.786
20459.413	0.786
20462.853	0.786
20466.328	0.787
20469.749	0.786
20473.158	0.786
20476.671	0.786
20480.228	0.786
20483.756	0.786
20487.288	0.785
20490.828	0.785
20494.324	0.786
20497.859	0.786
20501.356	0.786
20504.888	0.786
20508.416	0.786
20512.039	0.786
20515.518	0.785
20518.988	0.786
20522.415	0.786
20525.864	0.786
20529.296	0.786
20532.691	0.786
20536.17	0.785
20539.641	0.785
20543.084	0.786
20546.595	0.785
20550.087	0.786
20553.628	0.785
20557.037	0.786
20560.534	0.785
20564.111	0.785
20567.511	0.785
20570.919	0.785
20574.419	0.785
20577.909	0.785
20581.379	0.785
20584.939	0.785
20588.411	0.786
20591.902	0.786
20595.442	0.786
20598.876	0.785
20602.476	0.785
20605.914	0.786
20609.443	0.786
20612.914	0.786
20616.388	0.785
20619.836	0.785
20623.406	0.786
20626.871	0.786
20630.315	0.785
20633.803	0.785
20637.234	0.786
20640.8	0.786
20644.338	0.786
20647.864	0.786
20651.319	0.787
20654.735	0.785
20658.134	0.785
20661.554	0.786
20665.071	0.786
20668.583	0.786
20672.101	0.786
20675.498	0.786
20679.05	0.786
20682.554	0.786
20685.891	0.786
20689.451	0.785
20692.85	0.786
20696.352	0.786
20699.743	0.786
20703.267	0.785
20706.773	0.786
20710.159	0.785
20713.716	0.786
20717.26	0.786
20720.722	0.786
20724.179	0.786
20727.58	0.786
20731.037	0.786
20734.572	0.786
20738.08	0.787
20741.511	0.786
20745.06	0.786
20748.594	0.785
20752.221	0.786
20755.617	0.786
20759.233	0.786
20762.64	0.786
20766.132	0.785
20769.648	0.785
20773.136	0.786
20776.545	0.786
20780.145	0.785
20783.566	0.786
20786.975	0.785
20790.398	0.785
20793.951	0.785
20797.266	0.786
20800.726	0.785
20804.228	0.786
20807.739	0.785
20811.264	0.786
20814.605	0.786
20818.136	0.786
20821.574	0.785
20824.996	0.786
20828.43	0.786
20831.849	0.786
20835.26	0.785
20838.779	0.786
20842.219	0.786
20845.668	0.786
20849.176	0.786
20852.608	0.786
20856.155	0.786
20859.596	0.786
20863.017	0.786
20866.503	0.786
20869.938	0.785
20873.477	0.786
20876.966	0.785
20880.459	0.786
20883.814	0.785
20887.291	0.785
20890.755	0.785
20894.222	0.785
20897.785	0.784
20901.322	0.786
20904.795	0.785
20908.288	0.786
20911.739	0.785
20915.295	0.786
