76.3397	0.000781
79.8802	0.001035
83.374	0.001022
86.8476	0.001317
90.372	0.001744
93.9813	0.002035
97.5553	0.002468
101.0605	0.003119
104.551	0.003551
107.9564	0.005345
111.4117	0.006725
114.8698	0.007804
118.4241	0.009285
121.9162	0.010847
125.3854	0.013524
128.9374	0.016183
132.5121	0.017972
136.0285	0.020816
139.5577	0.022523
143.1222	0.025831
146.6881	0.027436
150.1507	0.030257
153.7003	0.034042
157.1629	0.036483
160.5572	0.038328
164.0767	0.041432
167.5671	0.043813
171.139	0.047493
174.6931	0.052011
178.1916	0.058513
181.7253	0.061902
185.3276	0.065539
188.8642	0.069986
192.2778	0.073596
195.6776	0.0763
199.121	0.082352
202.6353	0.085962
206.0433	0.089993
209.5322	0.093801
213.0556	0.097659
216.5218	0.100313
239.21	0.104483
242.7787	0.108403
246.5254	0.110866
249.9812	0.115439
253.5081	0.118022
256.9858	0.120749
260.5456	0.123808
264.124	0.126287
267.6284	0.129843
271.249	0.132356
274.8164	0.136429
278.3034	0.13932
281.8552	0.140952
285.3662	0.143325
288.8601	0.146637
292.4331	0.149409
296.0199	0.152855
299.4785	0.154355
302.9628	0.157748
306.5356	0.159913
310.1102	0.160979
313.6578	0.164144
317.2104	0.16594
320.7529	0.168296
324.3093	0.170224
327.7548	0.171954
331.2106	0.17318
334.7371	0.173927
338.3582	0.176366
341.8756	0.178144
345.4184	0.179988
348.9167	0.180676
352.4837	0.181974
355.9841	0.185073
359.4784	0.187319
362.9232	0.188819
366.57	0.19136
370.1014	0.194939
373.721	0.195886
377.2199	0.196616
380.7818	0.199696
384.3672	0.199933
387.9683	0.203163
391.471	0.20271
395.0319	0.204176
398.626	0.206657
402.2196	0.209554
405.7297	0.210352
409.3212	0.211455
412.8989	0.212364
416.4081	0.213692
419.9036	0.215807
423.3758	0.217451
426.956	0.218649
430.4702	0.220773
433.8383	0.222295
437.2985	0.223393
440.8432	0.224158
444.4091	0.22736
448.0179	0.228862
451.6146	0.231114
455.2071	0.234396
458.7632	0.234828
462.1995	0.236708
465.7148	0.238324
469.1703	0.238344
472.7343	0.239463
476.0953	0.242708
479.5879	0.243778
483.1845	0.245155
486.7795	0.245703
490.3973	0.247754
493.9529	0.24737
497.4066	0.249997
500.9454	0.252475
504.3996	0.253182
507.9077	0.253406
511.4409	0.254976
514.9872	0.256396
518.4185	0.25866
522.0234	0.26006
525.6296	0.26017
529.6279	0.263781
533.2048	0.264016
536.6857	0.266019
540.13	0.267384
543.6811	0.269313
547.1778	0.269634
550.5946	0.272664
554.0188	0.271075
557.5827	0.274008
561.0419	0.275052
564.5748	0.277852
568.1247	0.278155
571.7322	0.277331
575.2785	0.282332
578.8627	0.280405
582.8849	0.282388
586.5533	0.283007
590.0021	0.283038
593.4703	0.285498
596.9544	0.286096
600.4421	0.287188
604.0019	0.288967
607.5562	0.290182
611.0195	0.291303
614.5191	0.293479
618.1326	0.293076
621.759	0.293098
625.3904	0.293148
629.3254	0.292445
632.8779	0.294692
636.4713	0.294222
640.133	0.296829
643.6398	0.297551
647.1727	0.301689
650.6898	0.299958
654.3245	0.300866
657.7629	0.302578
661.3855	0.302091
664.9612	0.30246
668.5923	0.305078
672.232	0.307483
675.8	0.306948
679.3707	0.308895
682.9084	0.308864
686.389	0.31042
689.8238	0.309732
693.298	0.310072
696.7999	0.310381
700.2213	0.312319
703.7254	0.312031
707.2231	0.314282
710.6316	0.315903
714.1945	0.316553
717.7563	0.316525
721.3902	0.316295
724.9042	0.318328
728.4816	0.319893
732.1244	0.319284
735.9749	0.319438
740.0917	0.321757
743.7334	0.321609
747.306	0.321364
750.852	0.323171
754.3617	0.32405
757.9174	0.324046
761.4625	0.321883
765.0015	0.324123
768.6428	0.32548
772.1488	0.32639
775.6562	0.326391
779.1441	0.32796
782.7191	0.328076
786.2584	0.328218
789.8066	0.329021
793.3485	0.328756
796.9704	0.328684
800.4434	0.329662
804.0756	0.329634
807.7544	0.332089
811.3196	0.332439
814.7752	0.333314
818.2792	0.334978
821.8848	0.335968
825.459	0.334363
828.9914	0.335773
832.6196	0.334564
836.1462	0.335787
839.5777	0.33471
843.1639	0.335816
846.7127	0.336096
850.2895	0.337718
853.7361	0.338404
857.2641	0.33751
860.6969	0.337787
864.0976	0.337218
867.5197	0.337854
870.9973	0.339463
874.5017	0.33855
877.8868	0.340828
881.3656	0.339343
884.7828	0.340396
888.2146	0.340352
891.7015	0.342259
895.1435	0.341629
898.5888	0.343687
902.0913	0.344215
905.6225	0.342452
909.0158	0.34364
912.5938	0.343521
916.0519	0.34576
919.52	0.346408
923.0501	0.344495
926.5624	0.345778
930.0052	0.345194
933.6174	0.346405
937.1739	0.347245
940.7447	0.348462
944.2894	0.346904
947.8507	0.347081
951.4948	0.348478
955.0575	0.348554
958.5429	0.349244
962.0531	0.349905
965.696	0.349354
969.2091	0.350626
972.8064	0.34933
976.4657	0.350432
980.0305	0.349386
983.6195	0.351658
987.1807	0.351932
990.7155	0.349794
994.2934	0.351825
997.8393	0.353552
1001.2714	0.352848
1004.7994	0.355339
1008.2941	0.353747
1011.7542	0.355192
1015.1962	0.354775
1018.6549	0.354525
1022.0909	0.354932
1025.5038	0.355637
1028.9763	0.354692
1032.5195	0.358571
1036.0363	0.358126
1039.6815	0.356391
1043.2484	0.359888
1046.8211	0.360214
1050.3889	0.361334
1053.9738	0.361285
1057.5174	0.362215
1061.1643	0.363208
1064.6485	0.361452
1068.1471	0.3633
1071.6326	0.361262
1075.1278	0.363961
1078.5518	0.362833
1082.1009	0.363929
1085.5475	0.366603
1089.0307	0.365733
1092.5624	0.368374
1096.0325	0.369343
1099.5918	0.367323
1102.9798	0.367922
1107.1005	0.368947
1110.552	0.369885
1114.102	0.369436
1117.7021	0.369761
1121.3103	0.373073
1124.8831	0.372174
1128.4093	0.372527
1132.0096	0.372799
1135.5824	0.373393
1139.1337	0.373301
1142.6279	0.371391
1146.1645	0.37138
1149.7273	0.372322
1153.2499	0.372151
1156.7533	0.373546
1160.2526	0.370238
1163.8184	0.372669
1167.3196	0.374362
1170.71	0.374104
1174.3481	0.376476
1177.8562	0.375212
1181.4195	0.374876
1185.1148	0.377656
1188.7456	0.376576
1192.2927	0.374311
1195.7948	0.374893
1199.2918	0.374768
1202.8119	0.377125
1206.3446	0.378121
1209.8067	0.377574
1213.2804	0.37537
1216.7223	0.377142
1220.1259	0.378697
1223.6371	0.377354
1226.981	0.379128
1230.4271	0.379036
1233.8518	0.379376
1237.2986	0.380653
1240.7091	0.381305
1244.1024	0.379432
1247.574	0.381184
1251.1832	0.379998
1254.7413	0.379804
1258.2321	0.38111
1261.7887	0.381267
1265.3854	0.381867
1269.0234	0.381624
1272.5576	0.383418
1276.169	0.38388
1279.7837	0.38385
1283.3575	0.384554
1286.9161	0.385062
1290.3848	0.385075
1294.0067	0.383713
1297.5853	0.387349
1301.1424	0.386683
1304.7039	0.387187
1308.2943	0.387389
1311.8106	0.386196
1315.3156	0.384357
1318.8131	0.385765
1322.3406	0.388512
1325.8712	0.387758
1329.4402	0.387123
1333.0322	0.389278
1336.5412	0.389972
1339.9956	0.38996
1343.4278	0.391041
1346.9823	0.39039
1350.5133	0.391319
1354.1533	0.391593
1357.7694	0.390908
1361.3265	0.390607
1364.9364	0.393181
1368.5107	0.392551
1372.0788	0.391057
1375.6597	0.39235
1379.1897	0.391314
1382.8296	0.392014
1386.3625	0.393626
1389.7876	0.390876
1393.2814	0.392219
1396.8599	0.393457
1400.3576	0.392912
1403.9424	0.394667
1407.5099	0.392616
1411.0521	0.394492
1414.5478	0.393985
1418.09	0.393944
1421.6695	0.394199
1425.0667	0.392927
1428.6639	0.393308
1432.0861	0.394767
1435.5455	0.397354
1439.0613	0.394184
1442.6272	0.396763
1446.2067	0.395276
1449.8153	0.396423
1453.3947	0.396806
1456.9721	0.395379
1460.4742	0.395491
1464.0229	0.396516
1467.5945	0.39843
1471.0425	0.398663
1474.5391	0.397288
1477.9794	0.396518
1481.456	0.398712
1484.9469	0.397608
1488.5593	0.397751
1492.2563	0.401122
1495.8556	0.398217
1499.4117	0.3999
1502.9541	0.398193
1506.4816	0.399083
1510.0183	0.400549
1513.5872	0.401694
1517.218	0.400221
1520.6721	0.399568
1524.3197	0.400131
1527.9292	0.400286
1531.5204	0.400349
1535.1249	0.401322
1538.642	0.401209
1542.2015	0.400397
1545.7685	0.396613
1549.358	0.399199
1552.8755	0.397698
1556.4435	0.400194
1560.0323	0.400757
1563.5552	0.400351
1567.0962	0.399965
1570.6217	0.401339
1574.1556	0.399904
1577.8119	0.401145
1581.3285	0.401257
1584.9057	0.402756
1588.5164	0.40167
1592.0951	0.403143
1595.7132	0.40335
1599.1781	0.402621
1602.6477	0.402566
1606.2106	0.403064
1609.7264	0.402837
1613.2953	0.40167
1616.831	0.402808
1620.5175	0.402736
1624.0697	0.403462
1627.6534	0.402598
1631.2255	0.402499
1634.8165	0.403016
1638.3167	0.402459
1641.9923	0.403985
1645.4631	0.404377
1648.9928	0.405623
1652.5445	0.404443
1656.0937	0.405893
1659.6336	0.406084
1663.1777	0.40451
1666.7544	0.404135
1670.2561	0.406604
1673.7661	0.403921
1677.3797	0.405134
1680.888	0.406384
1684.5259	0.405544
1687.9661	0.404784
1691.545	0.406382
1695.1469	0.406103
1698.6239	0.40493
1702.217	0.406869
1705.8444	0.408084
1709.4174	0.405827
1713.0584	0.406197
1716.6507	0.40783
1720.2078	0.406682
1723.7401	0.409278
1727.3451	0.407558
1730.8637	0.408379
1734.3532	0.409043
1737.8805	0.407433
1741.4091	0.40739
1744.8999	0.408497
1748.347	0.410074
1751.8338	0.408867
1755.3901	0.407251
1758.8516	0.408923
1762.3508	0.409048
1765.9321	0.409006
1769.5803	0.407897
1773.0711	0.406616
1776.6131	0.409261
1780.2297	0.409851
1783.6749	0.40761
1787.1211	0.408416
1790.6663	0.408965
1794.1776	0.40923
1797.6937	0.41094
1801.2055	0.409978
1804.8156	0.408455
1808.2789	0.410502
1811.7972	0.408637
1815.3673	0.409425
1818.9602	0.407902
1822.4945	0.409546
1825.9697	0.409531
1829.4931	0.409785
1833.0268	0.40993
1836.5795	0.411803
1840.2288	0.408658
1843.8138	0.412359
1847.458	0.412369
1850.9476	0.410893
1854.4215	0.409216
1857.9791	0.408425
1861.4194	0.409694
1864.9048	0.41023
1868.4881	0.411519
1872.0855	0.409589
1875.6689	0.4109
1879.236	0.411721
1882.8713	0.412194
1886.5082	0.412345
1890.0357	0.411446
1893.5704	0.411519
1897.0033	0.410691
1900.5957	0.410602
1904.1967	0.411056
1907.6669	0.411901
1911.1862	0.410985
1914.6393	0.413582
1918.0845	0.411022
1921.5729	0.412849
1925.0378	0.414672
1928.4383	0.413962
1931.9129	0.41479
1935.5302	0.413747
1939.0828	0.414207
1942.6414	0.413556
1946.1306	0.413153
1949.6128	0.413851
1953.1505	0.415255
1956.677	0.413861
1960.2178	0.415541
1963.8976	0.414336
1967.4351	0.414253
1971.0666	0.41331
1974.6882	0.414619
1978.9011	0.411852
1982.4761	0.413991
1986.0737	0.41345
1989.6191	0.413686
1993.1449	0.413174
1996.7207	0.415934
2000.2512	0.414612
2003.8194	0.413991
2007.4106	0.416103
2011.0323	0.414918
2014.599	0.416062
2018.1003	0.415706
2021.5568	0.414422
2025.032	0.416513
2028.6291	0.416578
2032.2082	0.413761
2035.7342	0.41599
2039.3106	0.415976
2042.9209	0.41736
2046.5217	0.416146
2050.0877	0.415381
2053.7309	0.415748
2057.355	0.415874
2060.9268	0.416856
2064.4698	0.417808
2068.0357	0.417571
2071.5963	0.418499
2075.1799	0.417937
2078.8118	0.417549
2082.3769	0.419245
2085.7972	0.41897
2089.2669	0.419249
2092.6877	0.418692
2096.1286	0.419439
2099.5967	0.420241
2103.1819	0.418207
2106.712	0.419772
2110.2904	0.419262
2113.9188	0.420704
2117.4973	0.420054
2121.0137	0.4177
2124.7038	0.419588
2128.3418	0.420684
2131.9833	0.421126
2135.5111	0.419089
2139.0535	0.422601
2142.4679	0.421313
2145.9057	0.421893
2149.4167	0.420395
2152.8879	0.419641
2156.3815	0.420995
2159.9503	0.42093
2163.5102	0.422616
2167.016	0.418709
2170.5405	0.420305
2174.1303	0.419097
2177.644	0.41861
2181.0749	0.419903
2184.6716	0.420115
2188.1907	0.420293
2191.7233	0.420316
2195.2613	0.42119
2198.8879	0.418098
2202.4378	0.419205
2206.0294	0.418983
2209.6166	0.420915
2213.1018	0.421365
2216.686	0.418986
2567.5025	0.421651
2571.0855	0.418247
2574.5272	0.420594
2578.0644	0.417821
2581.6149	0.415792
2585.1417	0.416387
2588.7158	0.417288
2592.189	0.415069
2595.6671	0.414995
2599.2093	0.414675
2602.6671	0.41507
2606.1947	0.414287
2609.7227	0.413692
2613.2232	0.413996
2616.9391	0.413802
2620.5618	0.413536
2624.0518	0.411786
2627.5458	0.411866
2630.9982	0.411464
2634.4679	0.412525
2637.9721	0.411601
2641.4589	0.411959
2644.9663	0.411148
2648.4603	0.410604
2651.9739	0.410684
2655.5466	0.409536
2659.0089	0.410359
2662.4405	0.410207
2665.9225	0.409322
2669.4608	0.408486
2923.8832	0.411411
2927.3838	0.412415
2930.7955	0.409258
2934.1917	0.410195
2937.6625	0.409454
2941.0599	0.40955
2944.6314	0.410007
2948.1966	0.408623
2951.7732	0.408792
2955.2779	0.408455
2958.7812	0.408438
2962.2973	0.411571
2965.9075	0.411489
2969.5483	0.409332
2973.1568	0.410339
2976.6344	0.409567
2980.181	0.410662
2983.7081	0.410627
2987.2514	0.408416
2990.8439	0.41118
2994.4449	0.410659
2997.9018	0.410574
3001.4638	0.41124
3005.0352	0.408547
3008.5858	0.407434
3012.1661	0.410456
3015.6788	0.408676
3019.2049	0.408694
3022.7001	0.40866
3026.2888	0.408179
3029.9151	0.409043
3033.4064	0.408867
3036.8253	0.407566
3040.4024	0.408339
3043.9741	0.409297
3047.4586	0.408531
3051.0521	0.407272
3054.5616	0.408657
3058.0727	0.406967
3061.5586	0.407433
3416.7623	0.410019
3420.3509	0.406425
3424.0006	0.40792
3427.5213	0.407533
3431.0373	0.405646
3434.5551	0.403747
3438.0809	0.406236
3441.5743	0.405488
3445.0654	0.405352
3448.6037	0.408041
3452.1338	0.404349
3455.7605	0.404926
3459.3282	0.40592
3462.8705	0.405159
3466.4905	0.404849
3470.1079	0.40646
3473.7298	0.405531
3477.3548	0.403399
3480.9812	0.406257
3484.4177	0.407201
3487.9349	0.406485
3491.4528	0.405584
3494.8963	0.406303
3498.425	0.406358
3501.9371	0.405034
3505.4566	0.404737
3508.9167	0.404239
3512.5062	0.406123
3516.0318	0.403873
3519.5438	0.402686
3523.073	0.402061
3526.4848	0.402669
3530.0416	0.401628
3533.6455	0.401082
3537.1148	0.401414
3540.6789	0.40133
3544.2417	0.400646
3547.8758	0.400749
3551.481	0.399582
3555.0656	0.400361
3799.3726	0.401296
3803.0147	0.400485
3806.5093	0.400128
3810.1101	0.39894
3813.6464	0.398843
3817.2719	0.397518
3820.7862	0.397334
3824.3271	0.397667
3827.8587	0.39608
3831.5126	0.394182
3835.1809	0.395057
3838.7645	0.392655
3842.3564	0.392004
3845.9846	0.392081
3849.6584	0.391763
3853.3872	0.390921
3857.037	0.393007
3860.5225	0.392357
3864.0347	0.391754
3867.5544	0.390265
3871.0741	0.391989
3874.7616	0.389546
3878.3654	0.389622
3881.9738	0.387628
3885.4972	0.387964
3889.0539	0.387957
3892.5472	0.386659
3896.0932	0.385446
3899.4996	0.383964
3903.0884	0.384867
