1.9927	0.001072
4.4558	0.001236
6.3724	0.001716
8.2822	0.002262
10.2742	0.003576
12.1794	0.003849
14.1059	0.004332
15.9416	0.005048
17.8535	0.006279
19.6894	0.007056
21.5888	0.007544
23.499	0.008688
25.3322	0.010211
27.1933	0.011138
29.0591	0.013218
31.0038	0.015412
32.9303	0.016359
34.8687	0.017892
36.784	0.019802
38.691	0.023223
40.6237	0.026562
42.554	0.029489
44.4547	0.034378
46.3627	0.037003
48.2469	0.041048
50.1684	0.044507
52.1227	0.051717
53.9931	0.054935
55.8581	0.059251
57.7486	0.064616
59.6671	0.070833
61.5864	0.075049
63.5135	0.079948
65.4173	0.083631
67.3187	0.090721
69.251	0.095752
71.1709	0.103071
73.0119	0.108178
74.8936	0.112426
76.8251	0.11652
78.7942	0.12283
80.6771	0.126745
82.6445	0.133677
84.585	0.137431
86.5208	0.142525
88.445	0.145755
90.3457	0.151517
92.182	0.156463
94.0673	0.161558
95.956	0.16968
97.9244	0.17254
99.8236	0.178648
101.7172	0.181266
103.6985	0.186868
105.6656	0.193995
107.5475	0.197054
109.4558	0.202883
111.3916	0.210747
113.2465	0.213579
115.0693	0.217541
116.9266	0.221606
118.8174	0.229734
120.7139	0.229886
122.6009	0.235841
124.4235	0.239017
126.3551	0.24342
128.2561	0.248183
130.1551	0.250698
132.0711	0.255022
133.9383	0.258016
135.8193	0.263881
137.6813	0.269039
139.5959	0.273357
141.5032	0.277568
143.4312	0.279552
145.3576	0.283557
147.2343	0.289175
149.1925	0.290717
151.0589	0.296645
152.9523	0.297708
154.8302	0.300388
156.7133	0.304355
158.5777	0.308834
160.5051	0.311394
162.3534	0.315291
164.2689	0.319698
166.1046	0.320813
167.9653	0.322646
169.8662	0.325765
171.7808	0.329293
173.6417	0.328757
175.5088	0.330788
177.4206	0.330682
179.2614	0.336112
181.1162	0.33631
182.9666	0.336598
184.8943	0.338375
186.8585	0.341388
188.8053	0.344093
190.7922	0.343821
192.7566	0.347411
194.7039	0.346815
196.6118	0.350115
198.4784	0.349172
200.4467	0.348916
202.3532	0.349133
204.2412	0.347852
206.148	0.347758
208.0977	0.347804
210.0201	0.351542
211.8972	0.352067
213.7787	0.352542
215.6493	0.352167
217.5514	0.352295
219.4896	0.353128
221.4618	0.353212
223.3912	0.355419
225.303	0.352242
227.201	0.353864
229.068	0.351608
230.9416	0.349356
232.8479	0.349886
234.7989	0.348909
236.6833	0.346147
238.5364	0.348086
240.4324	0.346811
242.3777	0.346637
244.286	0.345974
246.1277	0.344197
247.9897	0.344859
249.8434	0.345794
251.734	0.343322
253.6418	0.343666
255.5971	0.343651
257.5512	0.341558
259.5162	0.344526
261.4235	0.343523
263.3533	0.342318
265.2642	0.341442
267.1054	0.339596
