19.1726	0.09584
36.5798	0.263312
53.8878	0.366012
71.2222	0.416933
88.7291	0.449784
106.4526	0.467936
124.1631	0.47689
141.5873	0.4888
159.0418	0.498656
176.7009	0.502857
195.3564	0.510415
213.0583	0.511854
230.7979	0.516699
248.7046	0.514395
266.6485	0.518421
284.6107	0.527637
302.3622	0.526421
320.0491	0.528494
337.8924	0.530174
355.8317	0.531161
373.5802	0.531125
391.1755	0.528301
408.8474	0.534148
426.6874	0.531306
444.661	0.534921
462.4557	0.534096
480.2085	0.537266
498.0142	0.536224
515.8898	0.535679
533.7391	0.538554
552.0304	0.537656
570.115	0.542153
588.1892	0.53716
606.0325	0.535961
623.8844	0.538831
641.9196	0.534529
659.9866	0.53571
678.079	0.538647
696.0192	0.540818
713.8972	0.538781
731.7716	0.54112
749.6932	0.544449
767.4539	0.545652
785.3345	0.538294
803.3219	0.534201
821.2661	0.545585
839.1474	0.543046
856.86	0.544577
874.8253	0.547229
892.8275	0.545693
911.025	0.543684
928.8318	0.540156
946.7231	0.541168
964.6292	0.544499
982.551	0.539623
1000.3184	0.545527
1018.2462	0.540692
1036.144	0.548591
1054.0772	0.545568
1072.0074	0.541484
1090.1817	0.547196
1108.0995	0.546185
1126.0507	0.548871
1143.8414	0.543097
1161.9643	0.541647
1179.7233	0.548178
1197.5526	0.550774
1215.6023	0.547169
1233.5912	0.543938
1251.5667	0.540864
