74.7259	0.274081
79.2569	0.314458
83.4606	0.351846
87.5542	0.394895
91.7558	0.43589
95.9382	0.466689
100.2535	0.493715
104.6517	0.516646
108.6578	0.534526
112.598	0.545264
179.5482	0.558816
183.6509	0.568554
188.06	0.573896
192.4858	0.586297
196.8363	0.595077
200.9632	0.602559
205.0367	0.609632
209.364	0.616649
213.5066	0.620779
217.6467	0.625686
291.8896	0.628612
295.9076	0.632267
299.8763	0.635335
304.0681	0.636302
308.0418	0.639623
312.2267	0.63877
316.275	0.643293
320.3744	0.642421
324.598	0.646467
328.7347	0.648029
390.9336	0.647317
395.0801	0.647194
399.3549	0.645429
403.4239	0.646651
407.5384	0.646811
411.6716	0.648449
415.8709	0.649573
419.8787	0.650887
424.1663	0.651538
428.2234	0.650596
499.8691	0.650522
503.9433	0.651565
508.0955	0.651667
512.403	0.654297
516.7207	0.651564
521.001	0.652662
524.9074	0.652162
529.0218	0.651859
533.3688	0.652469
537.7301	0.652702
593.0934	0.653395
597.1308	0.652989
601.2871	0.65274
605.2425	0.651881
609.5525	0.653775
613.6027	0.653591
617.8551	0.653637
621.9071	0.656426
626.144	0.658218
630.322	0.658619
691.8779	0.660929
695.7784	0.657722
699.8061	0.660298
704.1225	0.659917
708.382	0.66088
712.606	0.660415
716.7804	0.662227
720.7528	0.663005
724.8774	0.664183
728.9366	0.6657
785.1502	0.663307
789.29	0.664935
793.5213	0.664824
797.637	0.664442
801.8217	0.665883
805.9923	0.666571
810.1794	0.666805
814.2384	0.666618
818.497	0.666016
822.7306	0.666704
895.442	0.666346
899.7233	0.666717
904.1144	0.666257
908.2106	0.667256
912.085	0.668861
916.144	0.668961
920.1982	0.668153
924.3072	0.668894
928.6789	0.667602
932.7562	0.669057
987.2762	0.668651
991.3545	0.670667
995.3058	0.670846
999.3932	0.670045
1003.5563	0.671755
1007.5407	0.670599
1011.7787	0.670501
1015.8937	0.672503
1019.8628	0.67231
1024.0452	0.672171
1085.4279	0.672846
1089.5204	0.673893
1093.53	0.674557
1097.7783	0.674686
1101.885	0.674349
1105.933	0.674232
1110.2609	0.674565
1114.1418	0.674862
1118.227	0.676684
1122.2413	0.67531
1193.1863	0.675768
1197.3634	0.677127
1201.453	0.67693
1205.7245	0.677534
1209.7103	0.677258
1213.8571	0.677697
1218.0812	0.676697
1222.1521	0.678493
1226.3559	0.6769
1230.471	0.677428
1292.9126	0.677975
1297.0161	0.677893
1301.3283	0.677596
1305.2718	0.678124
1309.5013	0.678535
1313.4942	0.678551
1317.7675	0.679411
1321.9958	0.680889
1326.1243	0.680719
1330.3005	0.679226
1384.8955	0.679128
1389.0403	0.678859
1393.1457	0.679777
1397.3644	0.680881
1401.5225	0.68155
1405.8023	0.682223
1410.0005	0.682538
1414.0334	0.682575
1417.9549	0.681902
1422.1348	0.684404
1487.2816	0.681736
1491.4999	0.682456
1495.4598	0.682232
1499.4084	0.682263
1503.6241	0.683986
1507.8066	0.683571
1511.8173	0.681976
1515.9919	0.681812
1520.1635	0.683101
1524.4112	0.683794
1584.8162	0.684912
1589.0476	0.684502
1593.199	0.682266
1597.5533	0.683678
1601.6647	0.684413
1605.6631	0.684067
1609.7188	0.684932
1613.7133	0.684312
1617.9915	0.68413
1622.3347	0.685237
1686.7698	0.684981
1690.9078	0.686119
1694.85	0.684936
1699.2025	0.684574
1703.3427	0.686653
1707.2224	0.685435
1711.2148	0.685298
1715.4931	0.686582
1719.5702	0.687662
1723.7526	0.68606
1795.9148	0.687055
1800.2439	0.685544
1804.6567	0.686502
1808.6454	0.685775
1812.9235	0.684875
1816.9753	0.686641
1821.1225	0.68781
1825.3042	0.687471
1829.4772	0.687327
1833.5507	0.688177
1899.7053	0.687264
1903.7668	0.685402
1907.9394	0.686867
1912.1276	0.686957
1916.0785	0.688598
1920.0825	0.688647
1924.2929	0.68814
1928.3955	0.687562
1932.52	0.686995
1936.5802	0.689
2011.8092	0.68889
2015.85	0.687811
2019.9239	0.688184
2024.1268	0.688385
2028.3716	0.689672
2032.5265	0.690081
2036.4826	0.689486
2040.4208	0.690077
2044.7183	0.688878
2048.9585	0.689719
2108.2741	0.690547
2112.5909	0.689873
2116.7483	0.690413
2120.9325	0.688316
2125.0354	0.688893
2129.1846	0.688981
2133.3429	0.688481
2137.4071	0.690303
2141.6357	0.689031
2145.6437	0.689428
2199.7003	0.690913
2203.9443	0.689686
2208.1676	0.690125
2212.0503	0.691049
2216.1345	0.691033
2220.0941	0.690119
2224.2836	0.691593
2228.5757	0.69172
2232.8314	0.690817
2236.7625	0.691198
2299.9908	0.691495
2304.1116	0.6894
2308.1568	0.692166
2312.2707	0.691546
2316.5321	0.692318
2320.6735	0.690894
2324.8803	0.693292
2328.9795	0.690691
2333.0098	0.691263
2337.2891	0.690284
2394.5135	0.691188
2398.8979	0.691296
2403.1311	0.692741
2407.4013	0.690009
2411.5514	0.692192
2415.5447	0.690482
2419.597	0.691807
2423.8119	0.690718
2428.0011	0.691905
2431.8815	0.690513
