21.185	0.006189
42.0373	0.025571
62.6246	0.046067
83.3703	0.065729
103.815	0.084261
124.6142	0.099848
144.9565	0.115665
165.6769	0.124103
186.3555	0.136471
207.012	0.144424
227.6228	0.153449
248.218	0.167411
268.8776	0.172361
289.6532	0.177851
310.2936	0.189023
330.8252	0.202371
351.3123	0.208577
371.7558	0.213982
392.5247	0.220925
413.3594	0.227987
433.8844	0.235147
454.7359	0.244505
475.9654	0.244528
496.8038	0.248057
517.4834	0.256371
538.1545	0.270342
558.8567	0.267511
579.6682	0.273849
600.5075	0.287187
621.0177	0.294516
641.7253	0.301103
662.519	0.299117
683.3994	0.303614
704.3162	0.310739
724.7473	0.320427
745.4767	0.325504
766.0009	0.334344
786.6852	0.333752
807.1053	0.340437
827.7578	0.344546
848.5485	0.345998
869.38	0.352023
890.2338	0.355444
910.8229	0.357655
931.5685	0.363522
952.2186	0.372705
972.99	0.377222
993.9897	0.381159
1014.9787	0.380311
1036.197	0.382085
1056.9263	0.390489
1077.4031	0.386733
1098.1062	0.39496
1118.7988	0.402218
1139.5362	0.401216
1160.1328	0.408537
1180.9106	0.406773
1201.7467	0.406353
1222.4277	0.416999
1243.0211	0.417471
1263.7601	0.409039
1284.4665	0.420068
1305.1308	0.420974
1325.9751	0.416932
1346.6676	0.41898
1367.3994	0.427358
1387.9076	0.431881
1408.5731	0.433291
1429.2036	0.435939
1450.0895	0.439096
1470.8476	0.439906
1491.5087	0.439343
1512.063	0.443137
1532.9962	0.448419
1553.8909	0.449911
1574.766	0.446288
1595.3083	0.449189
1615.9239	0.456219
1636.5757	0.461405
1657.4813	0.454681
1678.083	0.464254
1698.6752	0.460226
1719.4496	0.462329
1740.2839	0.463345
1761.0635	0.469279
1781.9106	0.466551
1802.6536	0.472134
1823.3874	0.4717
1843.9819	0.476119
1864.5803	0.472949
1885.191	0.471791
1906.0241	0.476027
1926.6467	0.480823
1947.1845	0.486085
1967.7608	0.484346
1988.6658	0.491721
2009.3304	0.493335
2030.0636	0.490536
2050.8408	0.49334
2071.8002	0.494462
2092.6036	0.492367
2113.4319	0.494831
2134.1931	0.498399
2155.05	0.507761
2175.8657	0.506873
2196.6444	0.50515
2217.3976	0.506762
2238.2431	0.508183
2259.0107	0.504207
2279.7858	0.50671
2300.6368	0.509462
2321.2071	0.513943
2342.1199	0.513801
2362.9516	0.516224
2383.619	0.519564
2404.5401	0.516477
2425.261	0.518143
2446.0774	0.514808
2466.8572	0.522038
2487.5407	0.519088
2508.1524	0.518154
2528.7932	0.524285
2549.637	0.522848
2570.597	0.522842
2591.0948	0.526664
2611.4301	0.524204
2632.1696	0.525196
2653.1408	0.525001
2674.1306	0.526755
2694.9747	0.525289
2715.6492	0.525241
2736.2505	0.524895
2756.811	0.526291
2777.4134	0.528964
2798.1116	0.527088
2818.7149	0.53003
2839.7216	0.534208
2860.4723	0.534266
2881.4044	0.533794
2902.146	0.536451
2922.9189	0.533039
2943.5729	0.525848
2964.3071	0.531794
2985.1287	0.532579
3005.819	0.526203
3026.5751	0.531793
3047.6243	0.534293
3068.6105	0.532646
3089.6423	0.537916
3110.5048	0.539382
3131.2637	0.537679
3152.1426	0.530962
3172.9929	0.539459
3193.6906	0.538211
3214.4546	0.537239
3235.2883	0.539949
3255.8796	0.538085
3276.4576	0.531453
3297.1199	0.535853
3317.7899	0.537032
3338.7129	0.536073
3359.3578	0.535131
3380.3371	0.54224
3401.142	0.533684
3421.6205	0.541641
3442.3129	0.540046
3463.1834	0.539024
3483.7751	0.538534
3504.6594	0.539677
3525.619	0.544265
3546.4887	0.542803
3567.4066	0.539782
3588.4424	0.546205
3609.645	0.550587
3630.3341	0.54727
3651.0281	0.547868
3671.725	0.544166
3692.49	0.549275
3713.3252	0.550523
3733.9755	0.553088
3754.7316	0.545166
3775.6891	0.551002
3796.566	0.548726
3817.4251	0.542903
3838.1903	0.546589
3858.8659	0.5528
3879.8841	0.546795
3900.7152	0.548145
3921.751	0.551291
3942.4344	0.549618
3963.1675	0.550687
3983.9915	0.550921
4004.8791	0.549823
4025.839	0.546892
4046.9529	0.548122
4068.0027	0.548882
4088.8892	0.552227
4109.9855	0.548563
4130.8818	0.546873
4151.905	0.549151
4172.918	0.546763
4193.7916	0.55074
4214.9477	0.546004
4236.2407	0.547208
4257.615	0.547729
4278.8616	0.549863
4299.6879	0.558423
4320.8059	0.55553
4341.8498	0.55804
4363.3525	0.556168
4384.5461	0.553441
4405.3326	0.553921
4426.274	0.552754
4447.244	0.55581
4468.3572	0.558332
4489.3544	0.558623
4510.5702	0.552951
4531.5965	0.556845
4552.7136	0.557038
4573.7166	0.558355
4595.0873	0.557946
4616.1855	0.559381
4637.0917	0.555675
4658.2547	0.559891
4679.1547	0.559645
4700.2356	0.558838
4721.2001	0.555213
4742.2677	0.555582
4763.3403	0.560842
4784.3446	0.556938
4805.1991	0.5593
4826.5381	0.559662
4847.657	0.557541
4868.6628	0.562515
4889.7112	0.560764
4910.7965	0.560255
4931.701	0.560325
4952.7297	0.565092
4973.9007	0.566648
4994.8998	0.565168
5016.3988	0.564313
5037.5557	0.562947
5058.3908	0.560942
5079.4422	0.564517
5100.3337	0.56172
5121.3678	0.559943
5142.2435	0.56006
5163.2869	0.560367
5184.416	0.566791
5205.5196	0.567082
5226.5149	0.568604
5247.7937	0.563353
5268.9772	0.562027
5290.0729	0.564627
5311.2772	0.567292
5332.1663	0.565605
5353.1283	0.56408
5374.3597	0.571757
5395.3361	0.566761
5416.5316	0.567268
5437.6235	0.569825
5458.9178	0.567202
5480.2716	0.571118
5501.2536	0.573992
5522.275	0.571124
5543.4561	0.570259
5564.8356	0.571621
5585.973	0.572725
5607.1034	0.569984
5628.3745	0.571071
5649.7779	0.574059
5670.9284	0.571937
5691.9652	0.566849
5713.0601	0.569608
5734.4889	0.570603
5755.6077	0.564576
5776.6231	0.573713
5797.824	0.573753
5818.6319	0.570076
5839.7452	0.569201
5860.7917	0.568885
5881.8534	0.571833
5902.8423	0.564599
5923.8681	0.570043
5945.0307	0.569966
5966.2159	0.569948
5987.3312	0.573561
6008.4768	0.568224
6029.5386	0.56774
6050.6138	0.574219
6071.531	0.571294
6092.63	0.570671
6113.6956	0.569818
6134.5869	0.571719
6155.5783	0.574999
6176.8835	0.576411
6197.9128	0.57365
6219.0986	0.576039
6240.2086	0.570656
6261.3174	0.575174
6282.1718	0.571186
6303.2552	0.573207
6324.4252	0.572346
6345.3202	0.573397
6366.1813	0.571653
6387.224	0.5707
6408.4253	0.575533
6429.7291	0.571996
6450.6665	0.569677
6471.881	0.572204
6492.8574	0.574407
6513.9505	0.57165
6535.1041	0.571078
6556.025	0.573051
6577.0028	0.575549
6598.0438	0.574688
6619.1136	0.578139
6640.2594	0.577979
6661.4675	0.574773
6682.5364	0.5767
6703.811	0.578752
6724.8133	0.572133
6745.8515	0.577754
6766.9848	0.572575
6788.1235	0.572242
6809.2895	0.57521
6830.4136	0.573759
6851.5358	0.571109
6872.5931	0.574917
6893.8244	0.574119
6914.8612	0.573779
6936.1184	0.576984
6957.1494	0.573405
6978.4716	0.574681
6999.3971	0.575807
7020.6763	0.572091
7041.9332	0.574869
7063.0878	0.57512
7084.2791	0.574413
7105.3658	0.579306
7126.4608	0.577394
7147.5967	0.579262
7168.4396	0.574654
7189.4033	0.57828
7210.298	0.579963
7231.3695	0.572572
7252.5594	0.576993
7273.6211	0.576649
7294.7553	0.577021
7315.5823	0.574709
7336.7017	0.576565
7357.9649	0.578974
7379.053	0.576168
7400.1263	0.576724
7421.0541	0.577217
7442.1993	0.578009
7463.1173	0.576657
7484.1895	0.582455
7505.4173	0.575012
7526.6275	0.575187
