7.31	0.133
12.87	0.333
18.413	0.448
23.923	0.535
29.271	0.614
34.629	0.662
40.028	0.701
45.597	0.724
51.13	0.748
56.46	0.755
61.812	0.773
67.383	0.781
72.851	0.794
78.383	0.801
83.962	0.809
89.494	0.814
94.983	0.819
100.372	0.822
105.857	0.826
111.275	0.828
116.642	0.832
122.117	0.834
127.566	0.836
133.014	0.837
138.515	0.839
143.952	0.843
149.325	0.843
154.865	0.846
160.166	0.847
165.664	0.85
171.301	0.851
176.939	0.852
182.377	0.853
187.802	0.856
193.363	0.856
198.845	0.856
204.473	0.858
210.011	0.858
215.534	0.86
220.982	0.861
226.464	0.862
231.837	0.862
237.348	0.863
242.682	0.863
247.983	0.863
253.422	0.864
258.864	0.864
264.234	0.865
269.612	0.867
274.934	0.867
280.291	0.867
285.696	0.869
291.022	0.868
296.513	0.87
301.969	0.87
307.274	0.871
312.642	0.872
317.958	0.872
323.297	0.873
328.921	0.874
334.35	0.876
339.84	0.876
345.283	0.875
350.613	0.877
356.069	0.877
361.573	0.878
366.906	0.878
372.229	0.878
377.622	0.879
383.068	0.88
388.525	0.881
393.839	0.88
399.244	0.882
404.622	0.881
410.006	0.882
415.32	0.882
420.673	0.884
426.162	0.882
431.61	0.883
436.912	0.883
442.236	0.884
447.604	0.883
453.023	0.884
458.459	0.885
463.713	0.886
469.353	0.886
474.804	0.887
480.379	0.888
485.888	0.887
491.205	0.888
496.573	0.889
502.077	0.888
507.488	0.889
512.853	0.889
518.24	0.89
523.615	0.888
529.001	0.89
534.477	0.89
539.762	0.89
545.078	0.889
550.436	0.888
555.808	0.887
561.18	0.89
566.649	0.884
572.118	0.886
577.512	0.888
582.969	0.889
588.294	0.889
593.703	0.889
599.059	0.89
604.425	0.889
609.9	0.891
615.328	0.891
620.737	0.891
626.286	0.891
631.808	0.892
637.328	0.891
642.736	0.893
648.232	0.893
653.624	0.893
658.904	0.895
664.438	0.895
669.808	0.897
675.078	0.896
680.436	0.896
685.93	0.897
691.148	0.898
696.492	0.896
701.981	0.897
707.329	0.897
712.713	0.897
718.118	0.899
723.662	0.898
729.06	0.901
734.478	0.9
739.889	0.9
745.376	0.902
750.77	0.901
756.166	0.9
761.692	0.899
767.145	0.899
772.596	0.899
778.047	0.901
783.517	0.902
788.899	0.902
794.431	0.902
799.863	0.903
805.363	0.901
810.813	0.902
816.146	0.903
821.572	0.904
827.151	0.903
832.596	0.904
838.122	0.903
843.329	0.904
848.751	0.903
854.156	0.902
859.57	0.903
865.009	0.904
870.494	0.903
875.894	0.905
881.488	0.904
886.952	0.904
892.354	0.904
897.803	0.905
903.197	0.903
908.48	0.902
913.911	0.903
919.383	0.901
924.853	0.904
930.332	0.903
935.797	0.903
941.17	0.904
946.594	0.903
952.135	0.904
957.411	0.9
962.695	0.902
968.112	0.901
973.363	0.901
978.804	0.901
984.308	0.902
989.82	0.902
995.173	0.904
1000.573	0.905
1006.013	0.904
1011.483	0.904
1016.972	0.903
1022.272	0.904
1027.808	0.905
1033.381	0.905
1038.736	0.906
1044.066	0.906
1049.638	0.905
1055.079	0.906
1060.398	0.905
1065.9	0.905
1071.376	0.906
1076.744	0.905
1082.038	0.907
1087.484	0.906
1093.031	0.907
1098.507	0.908
1103.821	0.908
1109.303	0.907
1114.771	0.905
1120.138	0.908
1125.676	0.906
1131.113	0.907
1136.553	0.906
1142.013	0.906
1147.576	0.906
1152.798	0.907
1158.239	0.905
1163.53	0.905
1168.884	0.907
1174.257	0.905
1179.63	0.908
1185.049	0.907
1190.556	0.907
1195.931	0.907
1201.377	0.906
1206.812	0.907
1212.37	0.907
1217.834	0.908
1223.317	0.908
1228.761	0.907
1234.2	0.909
1239.599	0.907
1245.165	0.908
1250.498	0.909
1255.804	0.908
1261.167	0.908
1266.561	0.908
1272.074	0.909
1277.565	0.908
1282.981	0.908
1288.313	0.907
1293.599	0.908
1298.933	0.908
1304.306	0.909
1309.778	0.909
1315.201	0.909
1320.547	0.909
1325.88	0.909
1331.357	0.908
1336.821	0.91
1342.384	0.91
1347.824	0.911
1353.423	0.91
1359.01	0.911
1364.441	0.91
1369.706	0.91
1375.108	0.911
1380.606	0.911
1386.106	0.911
1391.487	0.911
1396.941	0.911
1402.358	0.91
1407.861	0.908
1413.419	0.91
1418.772	0.91
1424.187	0.91
1429.539	0.911
1434.895	0.911
1440.465	0.912
1445.849	0.911
1451.364	0.911
1456.694	0.91
1462.189	0.911
1467.689	0.912
1473.176	0.911
1478.516	0.911
1483.802	0.912
1489.224	0.912
1494.553	0.911
1499.901	0.91
1505.32	0.911
1510.771	0.909
1516.294	0.91
1521.851	0.911
1527.273	0.911
1532.813	0.91
1538.215	0.91
1543.547	0.909
1549.048	0.91
1554.503	0.91
1560.034	0.911
1565.44	0.91
1570.925	0.911
1576.475	0.911
1581.984	0.911
1587.547	0.91
1592.853	0.91
1598.315	0.91
1603.789	0.911
1609.146	0.912
1614.514	0.911
1619.997	0.912
1625.407	0.912
1630.827	0.911
1636.178	0.911
1641.679	0.911
1646.997	0.909
1652.289	0.909
1657.618	0.909
1662.965	0.909
1668.37	0.909
1673.794	0.91
1679.256	0.91
1684.699	0.91
1690.161	0.912
1695.632	0.912
1701.004	0.912
1706.342	0.912
1711.724	0.912
1717.127	0.913
1722.513	0.912
1728.025	0.913
1733.356	0.913
1738.829	0.913
1744.273	0.912
1749.612	0.913
1755.226	0.913
1760.683	0.915
1766.163	0.915
1771.625	0.916
1776.999	0.914
1782.465	0.913
1787.953	0.915
1793.353	0.912
1798.767	0.914
1804.238	0.912
1809.566	0.913
1815.093	0.914
1820.549	0.915
1826.111	0.915
1831.735	0.915
1837.079	0.917
1842.748	0.914
1848.067	0.915
1853.444	0.915
1858.889	0.914
1864.267	0.914
1869.671	0.914
1875.128	0.914
1880.629	0.912
1886.008	0.913
1891.456	0.914
1896.833	0.911
1902.335	0.912
1907.714	0.912
1913.155	0.913
1918.467	0.913
1923.9	0.914
1929.361	0.913
1934.88	0.915
1940.333	0.915
1945.725	0.914
1950.987	0.914
1956.252	0.915
1961.539	0.914
1966.952	0.915
1972.468	0.915
1977.984	0.916
1983.3	0.915
1988.832	0.914
1994.287	0.915
1999.71	0.915
2005.151	0.916
2010.597	0.917
2016.123	0.915
2021.662	0.916
2027.115	0.916
2032.544	0.917
2037.991	0.917
2043.37	0.916
2048.815	0.916
2054.235	0.918
2059.544	0.916
2065.062	0.917
2070.618	0.917
2076.079	0.916
2081.373	0.917
2086.792	0.917
2092.32	0.916
2097.673	0.916
2103.045	0.917
2108.322	0.917
2113.745	0.918
2118.995	0.918
2124.39	0.919
2130.011	0.918
2135.403	0.918
2140.898	0.919
2146.508	0.917
2152.032	0.918
2157.285	0.917
2162.702	0.918
2168.102	0.919
2173.563	0.919
2178.935	0.919
2184.401	0.918
2189.947	0.919
2195.273	0.918
2200.673	0.919
2206.145	0.917
2211.528	0.917
2216.898	0.917
2222.307	0.917
2227.663	0.917
2232.892	0.918
2238.347	0.918
2243.834	0.918
2249.361	0.918
2254.845	0.918
2260.384	0.919
2265.717	0.918
2271.131	0.919
2276.651	0.918
2282.069	0.919
2287.468	0.919
2292.985	0.919
2298.464	0.918
2303.676	0.919
2308.931	0.92
2314.321	0.919
2319.77	0.919
2325.226	0.919
2330.601	0.919
2336.04	0.919
2341.557	0.918
2347.027	0.918
2352.587	0.917
2358.172	0.919
2363.653	0.918
2368.914	0.919
2374.4	0.918
2379.843	0.919
2385.333	0.918
2390.827	0.918
2396.274	0.919
2401.679	0.92
2407.022	0.919
2412.523	0.918
2417.936	0.917
2423.327	0.919
2428.768	0.918
2434.155	0.918
2439.648	0.919
2444.993	0.919
2450.492	0.919
2455.948	0.919
2461.488	0.918
2467.002	0.918
2472.389	0.918
2477.791	0.918
2483.171	0.919
2488.679	0.919
2494.111	0.918
2499.618	0.919
2504.967	0.918
2510.327	0.918
2515.953	0.917
2521.413	0.919
2526.684	0.919
2532.121	0.918
2537.664	0.919
2543.107	0.92
2548.538	0.918
2553.952	0.918
2559.461	0.919
2564.745	0.919
2570.083	0.918
2575.488	0.919
2580.972	0.919
2586.381	0.92
2591.873	0.919
2597.43	0.921
2602.862	0.92
2608.221	0.919
2613.573	0.92
2618.998	0.919
2624.416	0.92
2629.746	0.919
2635.203	0.921
2640.512	0.92
2645.817	0.919
2651.272	0.919
2656.885	0.919
2662.269	0.918
2667.874	0.918
2673.291	0.917
2678.668	0.919
2684.166	0.918
2689.583	0.919
2695.088	0.918
2700.521	0.919
2705.987	0.919
2711.322	0.918
2716.771	0.919
2722.25	0.919
2727.586	0.918
2732.962	0.919
2738.297	0.919
2743.656	0.919
2749.101	0.921
2754.516	0.92
2759.944	0.92
2765.366	0.918
2770.694	0.919
2776.158	0.919
2781.553	0.918
2786.988	0.919
2792.334	0.918
2797.727	0.918
2803.278	0.918
2808.7	0.919
2814.071	0.92
2819.59	0.919
2824.965	0.918
2830.226	0.919
2835.699	0.919
2841.247	0.919
2846.706	0.919
2852.147	0.92
2857.708	0.919
2863.12	0.919
2868.495	0.919
2873.953	0.92
2879.5	0.92
2884.929	0.92
2890.269	0.921
2895.526	0.921
2900.955	0.921
2906.272	0.921
2911.696	0.92
2917.048	0.92
2922.496	0.92
2928.074	0.92
2933.634	0.921
2938.999	0.92
2944.414	0.92
2949.841	0.92
2955.167	0.919
2960.752	0.92
2966.108	0.919
2971.44	0.92
2976.879	0.92
2982.247	0.919
2987.635	0.919
2993.227	0.919
2998.477	0.92
3003.721	0.919
3009.061	0.921
3014.356	0.92
3019.628	0.92
3025.183	0.921
3030.569	0.92
3035.946	0.92
3041.258	0.919
3046.731	0.919
3052.151	0.92
3057.654	0.921
3063.046	0.922
3068.385	0.921
3073.895	0.919
3079.348	0.92
3084.734	0.92
3090.177	0.921
3095.548	0.921
3100.983	0.921
3106.53	0.92
3111.937	0.92
3117.329	0.921
3122.712	0.92
3128.099	0.92
3133.558	0.921
3139.158	0.921
3144.679	0.922
3149.944	0.921
3155.418	0.922
3160.731	0.921
3166.135	0.92
3171.48	0.919
3176.829	0.921
3182.178	0.921
3187.533	0.922
3193.091	0.921
3198.44	0.922
3203.824	0.921
3209.352	0.921
3214.827	0.921
3220.182	0.921
3225.583	0.919
3230.941	0.92
3236.404	0.922
3241.76	0.921
3247.319	0.921
3252.913	0.921
3258.265	0.921
3263.648	0.92
3269.141	0.92
3274.657	0.921
3279.979	0.921
3285.321	0.92
3290.826	0.919
3296.314	0.92
3301.769	0.92
3307.151	0.921
3312.561	0.921
3317.8	0.92
3323.202	0.92
3328.686	0.92
3334.058	0.921
3339.425	0.919
3344.739	0.92
3350.207	0.92
3355.488	0.92
3360.703	0.921
3366.108	0.92
3371.608	0.922
3377.03	0.922
3382.403	0.922
3388.072	0.923
3393.412	0.922
3398.858	0.922
3404.229	0.922
3409.758	0.922
3415.182	0.922
3420.431	0.922
3425.915	0.922
3431.372	0.922
3436.763	0.922
3442.213	0.92
3447.77	0.922
3453.074	0.92
3458.596	0.922
3464.077	0.92
3469.55	0.92
3475.029	0.921
3480.427	0.921
3485.807	0.922
3491.365	0.921
3496.631	0.921
3502.019	0.921
3507.425	0.921
3512.733	0.921
3518.125	0.922
3523.499	0.923
3528.791	0.922
3534.189	0.923
3539.469	0.923
3544.969	0.922
3550.286	0.923
3555.797	0.922
3561.15	0.923
3566.386	0.922
3571.882	0.922
3577.195	0.922
3582.867	0.921
3588.262	0.922
3593.752	0.922
3599.213	0.922
3604.794	0.92
3610.342	0.921
3615.763	0.921
3620.97	0.921
3626.478	0.921
3631.907	0.922
3637.26	0.922
3642.818	0.92
3648.166	0.92
3653.556	0.921
3658.975	0.921
3664.39	0.919
3669.77	0.921
3675.237	0.921
3680.769	0.921
3686.257	0.922
3691.758	0.922
3697.242	0.922
3702.439	0.922
3707.841	0.922
3713.23	0.922
3718.63	0.922
3724.092	0.923
3729.442	0.922
3734.886	0.922
3740.315	0.923
3745.771	0.922
3751.32	0.922
3756.826	0.922
3762.278	0.922
3767.776	0.922
3773.233	0.923
3778.972	0.923
3784.289	0.923
3789.879	0.923
3795.313	0.922
3800.716	0.923
3806.113	0.922
3811.451	0.921
3816.967	0.922
3822.353	0.922
3827.66	0.922
3833.204	0.922
3838.762	0.922
3844.157	0.921
3849.579	0.922
3855.02	0.923
3860.485	0.922
3866.007	0.924
3871.476	0.924
3877.033	0.924
3882.471	0.924
3887.807	0.923
3893.171	0.924
3898.648	0.923
3904.08	0.923
3909.439	0.923
3914.796	0.925
3920.228	0.924
3925.537	0.923
3930.985	0.924
3936.521	0.924
3942.062	0.925
3947.435	0.925
3952.822	0.925
3958.079	0.924
3963.53	0.924
3968.966	0.925
3974.468	0.925
3979.964	0.925
3985.34	0.924
3990.886	0.925
3996.305	0.924
4001.699	0.923
4007.086	0.923
4012.574	0.923
4018.073	0.924
4023.415	0.923
4028.948	0.922
4034.316	0.921
4039.836	0.922
4045.352	0.922
4050.627	0.922
4056.088	0.921
4061.527	0.922
4066.794	0.921
4072.236	0.923
4077.7	0.922
4083.16	0.923
4088.386	0.923
4093.899	0.923
4099.226	0.924
4104.583	0.922
4109.986	0.922
4115.448	0.921
4121.03	0.922
4126.249	0.923
4131.659	0.923
4137.128	0.923
4142.706	0.922
4147.975	0.923
4153.513	0.923
4158.861	0.922
4164.166	0.923
4169.611	0.923
4175.153	0.922
4180.704	0.922
4186.173	0.922
4191.734	0.924
4197.174	0.923
4202.519	0.923
4208.034	0.923
4213.349	0.924
4218.751	0.924
4224.035	0.923
4229.526	0.923
4235.005	0.923
4240.494	0.923
4245.842	0.923
4251.306	0.924
4256.694	0.923
4262.071	0.922
4267.456	0.924
4272.774	0.922
4278.111	0.923
4283.515	0.923
4289.021	0.923
4294.434	0.923
4299.863	0.923
4305.362	0.923
4310.78	0.924
4315.992	0.923
4321.561	0.924
4326.966	0.924
4332.367	0.924
4337.924	0.924
4343.27	0.923
4348.588	0.925
4353.971	0.925
4359.362	0.925
4364.735	0.924
4370.283	0.924
4375.821	0.925
4381.064	0.923
4386.515	0.923
4391.849	0.925
4397.185	0.924
4402.68	0.924
4408.076	0.925
4413.493	0.924
4418.85	0.925
4424.228	0.925
4429.582	0.925
4435.096	0.924
4440.549	0.925
4445.976	0.924
4451.288	0.924
4456.661	0.925
4461.928	0.925
4467.307	0.925
4472.816	0.925
4478.194	0.925
4483.598	0.926
4489.036	0.924
4494.468	0.925
4499.866	0.924
4505.219	0.925
4510.746	0.924
4516.03	0.926
4521.421	0.925
4526.733	0.925
4532.218	0.925
4537.726	0.925
4543.196	0.924
4548.578	0.924
4554.008	0.924
4559.527	0.925
4564.898	0.925
4570.327	0.925
4575.734	0.925
4581.142	0.924
4586.579	0.924
4591.943	0.925
4597.314	0.925
4602.959	0.925
4608.409	0.925
4613.947	0.925
4619.374	0.925
4624.901	0.924
4630.361	0.925
4635.827	0.924
4641.155	0.924
4646.495	0.924
4651.879	0.925
4657.368	0.924
4662.586	0.925
4668.156	0.924
4673.448	0.924
4678.9	0.925
4684.366	0.925
4689.564	0.925
4694.99	0.925
4700.248	0.925
4705.653	0.925
4711.065	0.924
4716.478	0.925
4721.879	0.924
4727.354	0.924
4732.81	0.925
4738.396	0.924
4743.753	0.925
4749.287	0.925
4754.72	0.924
4760.124	0.925
4765.501	0.925
4770.896	0.925
4776.203	0.925
4781.542	0.925
4786.923	0.925
4792.325	0.925
4797.801	0.925
4803.188	0.925
4808.629	0.926
4814.123	0.925
4819.504	0.926
4824.873	0.925
4830.371	0.925
4835.67	0.925
4841.057	0.924
4846.43	0.924
4851.881	0.925
4857.275	0.925
4862.581	0.925
4867.894	0.925
4873.336	0.926
4878.991	0.925
4884.384	0.924
4889.679	0.925
4895.198	0.925
4900.653	0.925
4906.156	0.924
4911.576	0.923
4917.043	0.924
4922.377	0.924
4927.785	0.924
4933.21	0.925
4938.694	0.925
4944.142	0.924
4949.496	0.924
4954.943	0.924
4960.307	0.925
4965.633	0.924
4971.222	0.925
4976.606	0.924
4982.151	0.924
4987.664	0.924
4992.941	0.924
4998.37	0.925
5003.805	0.925
5009.155	0.925
5014.627	0.925
5019.896	0.925
5025.254	0.925
5030.735	0.925
5036.126	0.925
5041.525	0.925
5046.966	0.925
5052.348	0.924
5057.816	0.924
5063.304	0.925
5068.644	0.926
5073.916	0.925
5079.283	0.926
5084.734	0.925
5090.106	0.925
5095.643	0.925
5100.941	0.926
5106.258	0.925
5111.716	0.924
5117.152	0.925
5122.683	0.925
5128.009	0.925
5133.299	0.925
5138.833	0.925
5144.162	0.926
5149.617	0.926
5155.015	0.926
5160.425	0.926
5165.833	0.926
5171.527	0.926
5176.929	0.924
5182.273	0.925
5187.641	0.926
5193.048	0.926
5198.461	0.926
5203.903	0.927
5209.353	0.926
5214.796	0.927
5220.148	0.926
5225.693	0.925
5231.143	0.925
5236.718	0.925
5242.102	0.926
5247.384	0.927
5252.791	0.926
5258.144	0.926
5263.557	0.927
5268.912	0.925
5274.431	0.926
5279.703	0.926
5285.179	0.925
5290.476	0.925
5296.07	0.924
5301.337	0.925
5306.698	0.925
5312.222	0.924
5317.757	0.924
5323.375	0.924
5328.862	0.925
5334.324	0.925
5339.59	0.925
5345.035	0.925
5350.358	0.926
5355.679	0.925
5361.02	0.926
5366.459	0.926
5372.001	0.925
5377.49	0.925
5382.8	0.925
5388.285	0.925
5393.764	0.925
5399.199	0.926
5404.534	0.925
5410.036	0.924
5415.392	0.925
5420.862	0.925
5426.171	0.923
5431.576	0.925
5436.982	0.924
5442.615	0.924
5448.234	0.925
5453.435	0.926
5458.805	0.926
5464.17	0.926
5469.553	0.926
5474.867	0.925
5480.37	0.926
5485.866	0.925
5491.3	0.926
5496.69	0.925
5501.973	0.925
5507.452	0.926
5512.986	0.924
5518.333	0.924
5523.701	0.924
5529.15	0.926
5534.617	0.926
5539.925	0.925
5545.524	0.925
5551.024	0.926
5556.407	0.925
5561.926	0.926
5567.348	0.926
5572.762	0.926
5578.198	0.925
5583.64	0.925
5589.076	0.925
5594.263	0.925
5599.656	0.925
5605.252	0.925
5610.708	0.926
5616.051	0.925
5621.449	0.926
5626.727	0.927
5632.207	0.926
5637.486	0.925
5642.912	0.925
5648.422	0.926
5653.916	0.926
5659.363	0.926
5664.637	0.927
5670.084	0.927
5675.52	0.926
5681.133	0.927
5686.597	0.926
5692.018	0.927
5697.389	0.927
5702.666	0.927
5708.103	0.926
5713.575	0.927
5719.057	0.927
5724.519	0.927
5729.997	0.928
5735.546	0.928
5740.876	0.927
5746.364	0.927
5752.006	0.928
5757.299	0.927
5762.578	0.928
5768.014	0.927
5773.389	0.927
5778.943	0.927
5784.353	0.927
5789.738	0.926
5795.167	0.927
5800.773	0.927
5806.032	0.928
5811.367	0.927
5816.757	0.927
5822.121	0.928
5827.44	0.928
5832.702	0.927
5837.992	0.927
5843.356	0.927
5848.887	0.926
5854.352	0.926
5859.782	0.927
5865.4	0.927
5870.818	0.927
5876.211	0.927
5881.667	0.927
5886.953	0.927
5892.252	0.927
5897.566	0.927
5903.031	0.928
5908.384	0.927
5913.682	0.927
5919.073	0.928
5924.344	0.927
5929.967	0.928
5935.316	0.928
5940.818	0.928
5946.208	0.928
5951.614	0.928
5957.143	0.928
5962.405	0.928
5967.879	0.928
5973.175	0.928
5978.688	0.928
5984.059	0.928
5989.416	0.928
5994.761	0.928
6000.124	0.928
6005.433	0.928
6010.855	0.928
6016.251	0.928
6021.843	0.928
6027.276	0.927
6032.874	0.927
6038.353	0.927
6043.737	0.927
6049.176	0.927
6054.544	0.928
6059.897	0.928
6065.324	0.927
6070.744	0.926
6076.175	0.927
6081.628	0.928
6087.163	0.927
6092.627	0.927
6098.012	0.928
6103.398	0.926
6108.832	0.928
6114.397	0.927
6119.838	0.927
6125.383	0.927
6130.713	0.926
6136.206	0.926
6141.602	0.924
6147.04	0.925
6152.465	0.926
6157.74	0.925
6163.313	0.926
6168.637	0.926
6174.011	0.925
6179.372	0.926
6184.879	0.927
6190.301	0.926
6195.752	0.927
6201.116	0.927
6206.43	0.927
6211.656	0.927
6217.062	0.927
6222.553	0.927
6228.026	0.926
6233.379	0.926
6238.884	0.927
6244.362	0.927
6249.788	0.926
6255.246	0.927
6260.674	0.927
6266.169	0.927
6271.664	0.928
6277.081	0.927
6282.403	0.928
6287.728	0.928
6293.082	0.928
6298.519	0.927
6303.899	0.928
6309.321	0.928
6314.745	0.928
6320.205	0.927
6325.601	0.927
6330.913	0.928
6336.315	0.927
6341.711	0.927
6347.138	0.926
6352.611	0.926
6358.109	0.927
6363.571	0.927
6368.904	0.927
6374.401	0.928
6379.926	0.927
6385.361	0.927
6390.771	0.926
6396.173	0.927
6401.475	0.927
6406.912	0.928
6412.43	0.928
6417.671	0.929
6423.163	0.928
6428.564	0.928
6434.076	0.929
6439.471	0.928
6445.11	0.928
6450.361	0.928
6455.755	0.927
6461.131	0.928
6466.584	0.928
6472.111	0.928
6477.59	0.928
6483.023	0.928
6488.552	0.928
6493.975	0.928
6499.507	0.928
6504.958	0.928
6510.549	0.928
6515.982	0.929
6521.357	0.931
6526.763	0.931
6532.202	0.931
6537.727	0.932
6543.221	0.933
6548.663	0.933
6554.243	0.934
6559.628	0.933
6565.11	0.934
6570.559	0.934
6576.069	0.934
6581.46	0.935
6586.833	0.935
6592.369	0.935
6597.864	0.936
6603.356	0.935
6608.771	0.936
6614.217	0.936
6619.519	0.936
6624.868	0.937
6630.191	0.937
6635.633	0.937
6641.195	0.937
6646.576	0.937
6651.941	0.938
6657.332	0.938
6662.651	0.937
6668.027	0.938
6673.476	0.938
6678.769	0.938
6684.267	0.937
6689.757	0.937
6695.169	0.938
6700.718	0.937
6706.191	0.938
6711.663	0.937
6717.082	0.938
6722.519	0.939
6727.942	0.939
6733.266	0.938
6738.695	0.938
6744.197	0.938
6749.739	0.939
6755.098	0.939
6760.577	0.939
6766.029	0.938
6771.416	0.938
6777.015	0.938
6782.5	0.938
6787.909	0.939
6793.387	0.939
6798.926	0.938
6804.38	0.939
6809.684	0.939
6815.117	0.939
6820.551	0.94
6826.119	0.94
6831.444	0.94
6836.883	0.939
6842.269	0.938
6847.767	0.938
6853.199	0.938
6858.587	0.939
6864.073	0.939
6869.417	0.939
6874.843	0.938
6880.346	0.939
6885.667	0.939
6891.166	0.939
6896.617	0.939
6902.049	0.94
6907.418	0.94
6912.923	0.941
6918.25	0.94
6923.672	0.94
6929.194	0.94
6934.675	0.94
6939.965	0.94
6945.458	0.939
6950.985	0.94
6956.424	0.939
6961.874	0.94
6967.364	0.94
6972.73	0.94
6978.183	0.94
6983.67	0.94
6989.062	0.941
6994.435	0.94
6999.787	0.939
7005.251	0.94
7010.715	0.94
7015.992	0.94
7021.36	0.94
7026.922	0.94
7032.202	0.94
7037.569	0.94
7042.998	0.94
7048.368	0.94
7053.829	0.941
7059.224	0.941
7064.676	0.941
7070.017	0.94
7075.387	0.94
7080.756	0.94
7086.3	0.94
7091.66	0.94
7097.006	0.94
7102.38	0.94
7107.908	0.941
7113.294	0.94
7118.711	0.94
7124.232	0.94
7129.676	0.94
7135.096	0.94
7140.521	0.941
7146.06	0.941
7151.585	0.941
7157.109	0.941
7162.535	0.941
7168.007	0.941
7173.231	0.941
7178.659	0.941
7184.048	0.942
7189.624	0.942
7195.012	0.941
7200.504	0.942
7206.104	0.942
7211.452	0.942
7216.936	0.942
7222.43	0.941
7227.972	0.942
7233.356	0.942
7238.713	0.941
7244.216	0.942
7249.529	0.941
7255.051	0.941
7260.487	0.942
7265.83	0.941
7271.209	0.941
7276.755	0.942
7282.24	0.941
7287.578	0.942
7292.943	0.941
7298.441	0.942
7303.843	0.941
7309.266	0.941
7314.69	0.942
7320.048	0.942
7325.394	0.941
7330.72	0.94
7336.173	0.941
7341.569	0.942
7346.875	0.941
7352.294	0.942
7357.62	0.942
7363.112	0.942
7368.439	0.942
7373.98	0.942
7379.368	0.942
7384.698	0.942
7390.144	0.942
7395.597	0.942
7401.034	0.942
7406.6	0.942
7412.011	0.942
7417.476	0.942
7423.025	0.943
7428.475	0.942
7433.918	0.942
7439.447	0.942
7444.666	0.943
7450.228	0.942
7455.617	0.942
7461.041	0.942
7466.433	0.942
7471.853	0.942
7477.146	0.942
7482.608	0.942
7488.122	0.943
7493.512	0.943
7498.871	0.943
7504.353	0.943
7509.817	0.943
7515.116	0.943
7520.628	0.943
7526.086	0.943
7531.552	0.943
7537.096	0.942
7542.634	0.942
7547.938	0.943
7553.472	0.942
7558.923	0.942
7564.444	0.942
7569.907	0.942
7575.188	0.943
7580.626	0.943
7586.022	0.943
7591.443	0.942
7596.839	0.942
7602.185	0.942
7607.609	0.942
7612.917	0.942
7618.489	0.942
7623.831	0.942
7629.414	0.943
7634.974	0.943
7640.407	0.943
7645.866	0.943
7651.261	0.943
7656.801	0.943
7662.285	0.943
7667.829	0.942
7673.376	0.943
7678.834	0.943
7684.271	0.944
7689.503	0.943
7694.964	0.943
7700.288	0.943
7705.75	0.944
7711.302	0.943
7716.751	0.944
7722.199	0.943
7727.836	0.943
7733.141	0.943
7738.513	0.943
7743.905	0.944
7749.437	0.943
7754.914	0.944
7760.255	0.943
7765.723	0.944
7771.194	0.943
7776.695	0.944
7782.078	0.944
7787.388	0.943
7792.896	0.943
7798.27	0.943
7803.84	0.943
7809.346	0.943
7814.761	0.943
7820.063	0.944
7825.603	0.943
7831.07	0.943
7836.499	0.944
7841.9	0.944
7847.295	0.944
7852.608	0.945
7858.068	0.944
7863.458	0.945
7868.933	0.944
7874.304	0.945
7879.671	0.944
7885.022	0.944
7890.347	0.944
7895.712	0.944
7901.269	0.943
7906.636	0.943
7912.132	0.944
7917.519	0.944
7922.998	0.944
7928.392	0.944
7933.96	0.943
7939.393	0.944
7944.879	0.943
7950.408	0.943
7955.906	0.943
7961.306	0.944
7966.683	0.944
7972.258	0.944
7977.736	0.944
7983.225	0.943
7988.724	0.944
7994.097	0.944
7999.625	0.943
8004.883	0.943
8010.399	0.944
8015.8	0.944
8021.188	0.945
8026.737	0.944
8032.195	0.945
8037.666	0.945
8043.105	0.945
8048.555	0.944
8053.843	0.944
8059.133	0.944
8064.602	0.944
8070.042	0.944
8075.475	0.944
8080.867	0.945
8086.476	0.944
8092.033	0.944
8097.481	0.944
8103.0	0.944
8108.484	0.945
8113.952	0.944
8119.307	0.944
8124.578	0.944
8129.966	0.944
8135.422	0.944
8140.852	0.944
8146.159	0.944
8151.767	0.944
8157.32	0.945
8162.695	0.944
8168.067	0.944
8173.475	0.945
8178.992	0.944
8184.403	0.945
8189.7	0.944
8195.104	0.944
8200.645	0.945
8206.024	0.944
8211.446	0.944
8216.917	0.944
8222.207	0.944
8227.709	0.944
8233.163	0.945
8238.516	0.945
8244.134	0.945
8249.526	0.945
8255.075	0.945
8260.566	0.945
8266.172	0.945
8271.612	0.946
8277.097	0.945
8282.46	0.945
8287.919	0.945
8293.318	0.944
8298.737	0.945
8304.243	0.945
8309.621	0.945
8315.084	0.945
8320.556	0.946
8326.04	0.945
8331.519	0.945
8336.9	0.945
8342.308	0.945
8347.851	0.945
8353.163	0.945
8358.728	0.945
8364.083	0.946
8369.308	0.944
8374.675	0.946
8380.062	0.946
8385.385	0.945
8390.782	0.946
8396.171	0.945
8401.732	0.945
8407.122	0.945
8412.7	0.945
8418.208	0.946
8423.733	0.947
8429.101	0.946
8434.625	0.946
8439.913	0.946
8445.37	0.946
8450.789	0.945
8456.176	0.945
8461.581	0.946
8466.936	0.945
8472.435	0.945
8477.917	0.945
8483.316	0.946
8488.852	0.944
8494.168	0.945
8499.768	0.945
8505.15	0.945
8510.624	0.945
8516.093	0.945
8521.594	0.945
8527.186	0.945
8532.738	0.946
8538.024	0.946
8543.411	0.945
8548.746	0.945
8554.087	0.945
8559.472	0.945
8565.004	0.946
8570.493	0.945
8576.077	0.946
8581.529	0.945
8587.157	0.946
8592.586	0.945
8597.924	0.945
8603.395	0.945
8608.72	0.945
8614.129	0.946
8619.485	0.945
8624.825	0.945
8630.312	0.945
8635.781	0.945
8641.137	0.945
8646.472	0.946
8651.81	0.945
8657.185	0.946
8662.591	0.946
8668.088	0.946
8673.504	0.946
8678.843	0.946
8684.137	0.946
8689.64	0.946
8695.005	0.946
8700.316	0.946
8705.801	0.946
8711.128	0.946
8716.613	0.946
8722.282	0.946
8727.683	0.945
8733.026	0.946
8738.4	0.946
8743.913	0.946
8749.335	0.947
8754.601	0.947
8760.046	0.947
8765.254	0.947
8770.765	0.946
8776.356	0.946
8781.792	0.945
8787.291	0.945
8792.657	0.945
8797.988	0.945
8803.475	0.946
8808.782	0.945
8814.306	0.946
8819.642	0.946
8824.934	0.946
8830.483	0.946
8835.868	0.945
8841.288	0.945
8846.758	0.946
8852.22	0.946
8857.654	0.946
8862.986	0.946
8868.385	0.946
8873.813	0.946
8879.235	0.946
8884.458	0.946
8889.835	0.946
8895.325	0.946
8900.563	0.946
8905.913	0.947
8911.251	0.946
8916.757	0.946
8922.208	0.946
8927.586	0.947
8932.976	0.946
8938.398	0.946
8943.744	0.946
8949.245	0.946
8954.802	0.947
8960.253	0.947
8965.542	0.946
8970.949	0.947
8976.302	0.946
8981.658	0.947
8987.276	0.947
8992.638	0.947
8998.097	0.946
9003.5	0.947
9009.036	0.947
9014.409	0.946
9019.709	0.946
9025.2	0.947
9030.723	0.946
9036.252	0.947
9041.639	0.946
9046.945	0.946
9052.367	0.946
9057.747	0.946
9063.156	0.946
9068.468	0.946
9073.931	0.946
9079.38	0.946
9084.577	0.946
9090.092	0.946
9095.503	0.946
9100.96	0.946
9106.497	0.946
9112.007	0.946
9117.289	0.946
9122.649	0.945
9127.942	0.946
9133.344	0.946
9138.912	0.947
9144.449	0.946
9149.976	0.946
9155.569	0.945
9161.009	0.945
9166.487	0.945
9171.896	0.946
9177.44	0.945
9182.873	0.945
9188.338	0.946
9193.861	0.946
9199.414	0.947
9204.957	0.946
9210.404	0.947
9215.649	0.947
9221.132	0.946
9226.535	0.946
9231.938	0.946
9237.5	0.946
9242.892	0.946
9248.268	0.946
9253.614	0.946
9259.176	0.946
9264.69	0.946
9270.237	0.947
9275.609	0.946
9280.825	0.946
9286.385	0.946
9291.89	0.946
9297.292	0.947
9302.786	0.945
9308.284	0.946
9313.835	0.946
9319.318	0.946
9324.706	0.947
9330.164	0.946
9335.572	0.946
9341.044	0.946
9346.54	0.946
9351.973	0.946
9357.378	0.947
9362.752	0.947
9368.128	0.946
9373.554	0.947
9378.847	0.947
9384.327	0.946
9389.903	0.947
9395.311	0.947
9400.524	0.947
9405.95	0.947
9411.289	0.947
9416.716	0.947
9422.184	0.947
9427.76	0.947
9433.326	0.946
9438.635	0.947
9444.099	0.947
9449.506	0.947
9455.047	0.947
9460.452	0.947
9465.821	0.947
9471.104	0.947
9476.557	0.947
9481.981	0.947
9487.443	0.947
9493.032	0.947
9498.53	0.947
9503.803	0.947
9509.227	0.947
9514.717	0.947
9520.133	0.947
9525.552	0.947
9531.076	0.947
9536.554	0.948
9541.86	0.947
9547.372	0.947
9552.747	0.947
9558.097	0.947
9563.498	0.947
9568.881	0.946
9574.26	0.947
9579.699	0.946
9585.277	0.946
9590.635	0.947
9596.001	0.947
9601.446	0.946
9606.798	0.947
9612.328	0.947
9617.805	0.947
9623.222	0.947
9628.666	0.947
9634.065	0.947
9639.417	0.947
9644.76	0.948
9650.267	0.947
9655.618	0.948
9661.158	0.947
9666.707	0.947
9672.098	0.947
9677.423	0.947
9682.842	0.947
9688.378	0.947
9693.883	0.946
9699.373	0.947
9704.8	0.947
9710.218	0.947
9715.789	0.947
9721.3	0.947
9726.744	0.947
9732.219	0.947
9737.73	0.947
9743.166	0.947
9748.508	0.946
9753.954	0.947
9759.239	0.947
9764.535	0.948
9769.975	0.947
9775.351	0.947
9780.936	0.947
9786.362	0.947
9791.657	0.947
9797.134	0.947
9802.545	0.947
9807.946	0.947
9813.164	0.947
9818.582	0.947
9824.113	0.947
9829.694	0.947
9835.041	0.947
9840.485	0.947
9845.74	0.947
9851.226	0.947
9856.738	0.946
9861.973	0.946
9867.179	0.947
9872.698	0.946
9877.996	0.947
9883.5	0.947
9888.916	0.946
9894.388	0.946
9899.701	0.947
9905.233	0.947
9910.697	0.947
9916.14	0.947
9921.457	0.947
9926.959	0.947
9932.32	0.947
9937.72	0.947
9943.225	0.947
9948.6	0.947
9953.972	0.946
9959.216	0.947
9964.619	0.947
9970.04	0.947
9975.345	0.947
9980.812	0.947
9986.3	0.947
9991.863	0.947
9997.388	0.948
10002.92	0.947
10008.469	0.947
10013.823	0.947
10019.25	0.947
10024.515	0.948
10029.968	0.947
10035.3	0.946
10040.829	0.947
10046.21	0.947
10051.692	0.946
10057.003	0.947
10062.393	0.947
10067.813	0.947
10073.328	0.947
10078.829	0.947
10084.323	0.946
10089.789	0.947
10095.272	0.947
10100.651	0.947
10106.22	0.947
10111.526	0.947
10116.983	0.947
10122.421	0.947
10127.879	0.947
10133.201	0.948
10138.476	0.947
10143.976	0.947
10149.497	0.948
10154.958	0.947
10160.597	0.947
10165.946	0.947
10171.397	0.947
10176.847	0.947
10182.29	0.946
10187.86	0.947
10193.047	0.947
10198.591	0.947
10204.06	0.947
10209.47	0.947
10214.971	0.947
10220.509	0.947
10225.914	0.947
10231.461	0.947
10236.849	0.947
10242.254	0.947
10247.692	0.948
10253.229	0.948
10258.744	0.949
10264.315	0.947
10269.665	0.947
10275.019	0.948
10280.463	0.948
10285.927	0.948
10291.466	0.948
10297.056	0.948
10302.58	0.947
10308.085	0.947
10313.486	0.948
10318.916	0.947
10324.275	0.947
10329.496	0.947
10334.921	0.946
10340.472	0.947
10346.006	0.947
10351.424	0.947
10356.744	0.947
10362.233	0.947
10367.734	0.947
10373.081	0.947
10378.396	0.947
10383.79	0.947
10389.242	0.947
10394.536	0.947
10399.981	0.947
10405.533	0.947
10410.855	0.946
10416.329	0.947
10421.744	0.947
10427.048	0.947
10432.422	0.948
10437.907	0.947
10443.353	0.948
10448.807	0.947
10454.174	0.947
10459.61	0.948
10465.073	0.948
10470.457	0.948
10475.987	0.947
10481.449	0.948
10486.929	0.948
10492.35	0.947
10497.714	0.947
10503.143	0.948
10508.572	0.948
10513.889	0.948
10519.301	0.948
10524.721	0.947
10530.144	0.948
10535.566	0.948
10540.901	0.948
10546.396	0.947
10551.871	0.948
10557.275	0.947
10562.587	0.947
10568.076	0.947
10573.528	0.948
10578.992	0.948
10584.389	0.947
10589.881	0.947
10595.196	0.947
10600.67	0.947
10606.154	0.947
10611.615	0.948
10617.056	0.948
10622.441	0.948
10627.937	0.948
10633.432	0.948
10639.0	0.948
10644.509	0.948
10649.888	0.948
10655.379	0.948
10660.691	0.948
10666.237	0.948
10671.737	0.948
10677.317	0.947
10682.704	0.947
10688.256	0.947
10693.653	0.948
10699.17	0.948
10704.618	0.948
10709.908	0.948
10715.268	0.948
10720.7	0.948
10726.189	0.948
10731.613	0.948
10737.054	0.948
10742.624	0.948
10748.018	0.948
10753.457	0.948
10759.079	0.948
10764.366	0.948
10770.002	0.947
10775.579	0.948
10781.124	0.948
10786.56	0.948
10791.9	0.947
10797.408	0.948
10802.916	0.947
10808.306	0.947
10813.729	0.948
10819.189	0.948
10824.661	0.948
10830.044	0.948
10835.388	0.948
10840.835	0.948
10846.304	0.947
10851.838	0.947
10857.363	0.947
10862.785	0.947
10868.218	0.947
10873.77	0.947
10879.069	0.947
10884.413	0.947
10889.901	0.947
10895.209	0.947
10900.571	0.947
10905.836	0.947
10911.135	0.947
10916.566	0.947
10922.102	0.948
10927.609	0.947
10933.159	0.947
10938.593	0.947
10944.049	0.948
10949.579	0.948
10955.033	0.948
10960.361	0.947
10965.639	0.947
10971.091	0.947
10976.573	0.947
10981.968	0.947
10987.183	0.948
10992.676	0.947
10997.971	0.947
11003.225	0.947
11008.564	0.947
11014.036	0.947
11019.312	0.947
11024.789	0.948
11030.253	0.947
11035.767	0.947
11041.152	0.948
11046.509	0.947
11051.989	0.947
11057.532	0.947
11063.027	0.948
11068.452	0.948
11073.941	0.948
11079.318	0.948
11084.803	0.948
11090.231	0.948
11095.552	0.948
11101.089	0.948
11106.713	0.948
11112.288	0.948
11117.863	0.948
11123.187	0.948
11128.486	0.948
11133.817	0.948
11139.164	0.948
11144.542	0.948
11149.841	0.948
11155.441	0.948
11160.993	0.948
11166.283	0.948
11171.853	0.948
11177.191	0.948
11182.699	0.948
11188.217	0.949
11193.587	0.948
11198.966	0.947
11204.386	0.948
11209.783	0.948
11215.223	0.948
11220.567	0.949
11225.918	0.948
11231.377	0.948
11236.749	0.948
11242.362	0.947
11247.761	0.948
11253.15	0.949
11258.611	0.948
11263.983	0.949
11269.562	0.948
11275.066	0.948
11280.656	0.948
11285.996	0.948
11291.443	0.948
11296.875	0.948
11302.421	0.948
11307.807	0.948
11313.39	0.948
11318.766	0.949
11324.186	0.948
11329.705	0.948
11335.154	0.948
11340.635	0.948
11345.927	0.948
11351.261	0.948
11356.696	0.948
11362.153	0.948
11367.605	0.948
11373.076	0.948
11378.573	0.948
11384.034	0.947
11389.6	0.948
11395.163	0.948
11400.563	0.947
11406.07	0.947
11411.475	0.948
11417.023	0.948
11422.301	0.948
11427.831	0.948
11433.19	0.947
11438.558	0.947
11444.099	0.948
11449.49	0.947
11454.832	0.948
11460.215	0.948
11465.769	0.948
11471.292	0.948
11476.755	0.948
11482.198	0.948
11487.682	0.947
11493.212	0.948
11498.628	0.948
11503.987	0.948
11509.351	0.948
11514.663	0.948
11519.964	0.948
11525.286	0.948
11530.703	0.948
11536.233	0.948
11541.616	0.948
11547.032	0.948
11552.517	0.948
11558.044	0.948
11563.443	0.948
11568.95	0.948
11574.517	0.948
11580.026	0.948
11585.42	0.948
11590.802	0.948
11596.147	0.947
11601.65	0.948
11606.997	0.948
11612.405	0.947
11617.775	0.948
11623.399	0.948
11628.855	0.948
11634.139	0.947
11639.443	0.948
11644.977	0.948
11650.377	0.948
11655.75	0.948
11661.218	0.948
11666.583	0.948
11671.867	0.948
11677.293	0.948
11682.794	0.948
11688.367	0.948
11693.812	0.948
11699.303	0.948
11704.845	0.948
11710.225	0.948
11715.495	0.948
11720.979	0.948
11726.294	0.948
11731.699	0.948
11737.122	0.948
11742.662	0.948
11748.091	0.948
11753.576	0.948
11759.1	0.949
11764.532	0.948
11769.97	0.948
11775.27	0.949
11780.713	0.948
11786.115	0.949
11791.812	0.948
11797.095	0.948
11802.463	0.948
11808.015	0.948
11813.35	0.948
11818.766	0.948
11824.288	0.948
11829.624	0.948
11835.191	0.947
11840.588	0.948
11845.952	0.948
11851.392	0.948
11856.874	0.948
11862.206	0.948
11867.64	0.948
11873.053	0.948
11878.346	0.948
11883.66	0.948
11889.08	0.948
11894.392	0.948
11899.648	0.948
11905.156	0.948
11910.638	0.947
11916.141	0.947
11921.59	0.949
11926.959	0.948
11932.322	0.949
11937.747	0.948
11943.268	0.949
11948.774	0.948
11954.265	0.948
11959.799	0.948
11965.304	0.949
11970.729	0.948
11976.104	0.948
11981.601	0.948
11986.858	0.948
11992.308	0.948
11997.654	0.949
12003.06	0.948
12008.558	0.949
12014.157	0.949
12019.609	0.949
12025.033	0.948
12030.641	0.948
12035.989	0.949
12041.452	0.948
12046.852	0.949
12052.396	0.949
12057.885	0.949
12063.273	0.948
12068.644	0.948
12073.978	0.948
12079.389	0.949
12084.786	0.948
12090.085	0.948
12095.5	0.948
12100.867	0.948
12106.383	0.948
12111.829	0.948
12117.21	0.948
12122.572	0.948
12127.996	0.948
12133.418	0.948
12139.015	0.948
12144.376	0.949
12149.931	0.949
12155.271	0.949
12160.793	0.949
12165.982	0.949
12171.367	0.949
12176.798	0.949
12182.133	0.948
12187.576	0.948
12192.958	0.948
12198.397	0.948
12203.774	0.949
12209.235	0.95
12214.659	0.949
12220.023	0.949
12225.388	0.949
12230.816	0.949
12236.27	0.949
12241.636	0.949
12247.173	0.948
12252.67	0.949
12258.292	0.948
12263.49	0.949
12268.974	0.948
12274.445	0.948
12279.851	0.948
12285.304	0.949
12290.802	0.949
12296.18	0.949
12301.754	0.949
12307.236	0.949
12312.707	0.949
12318.094	0.949
12323.49	0.949
12328.902	0.948
12334.359	0.949
12339.671	0.948
12345.223	0.948
12350.569	0.949
12355.996	0.949
12361.355	0.948
12366.777	0.948
12372.315	0.948
12377.812	0.948
12383.125	0.949
12388.535	0.948
12393.943	0.948
12399.531	0.948
12404.976	0.948
12410.473	0.949
12415.865	0.948
12421.224	0.949
12426.68	0.949
12432.197	0.949
12437.663	0.949
12443.338	0.948
12448.984	0.949
12454.378	0.948
12459.788	0.949
12465.27	0.949
12470.649	0.948
12476.259	0.949
12481.68	0.948
12486.988	0.948
12492.415	0.949
12497.88	0.948
12503.355	0.948
12508.898	0.949
12514.284	0.949
12519.719	0.948
12525.273	0.949
12530.72	0.948
12536.134	0.949
12541.642	0.949
12547.092	0.948
12552.656	0.949
12558.09	0.949
12563.636	0.949
12568.96	0.949
12574.21	0.949
12579.511	0.949
12584.986	0.949
12590.386	0.949
12595.766	0.949
12601.213	0.949
12606.629	0.949
12612.13	0.949
12617.595	0.949
12623.014	0.949
12628.474	0.949
12634.051	0.949
12639.506	0.95
12644.986	0.949
12650.513	0.949
12655.889	0.949
12661.437	0.949
12666.751	0.949
12672.152	0.949
12677.541	0.95
12683.051	0.949
12688.402	0.949
12693.841	0.949
12699.28	0.949
12704.772	0.949
12710.027	0.95
12715.44	0.95
12720.832	0.949
12726.144	0.949
12731.504	0.949
12736.91	0.949
12742.322	0.949
12747.747	0.949
12753.236	0.948
12758.74	0.949
12764.158	0.948
12769.536	0.949
12774.864	0.949
12780.287	0.948
12785.645	0.949
12791.066	0.949
12796.664	0.948
12801.96	0.949
12807.437	0.948
12812.947	0.949
12818.433	0.949
12823.891	0.949
12829.179	0.949
12834.723	0.948
12840.153	0.949
12845.562	0.949
12851.017	0.949
12856.438	0.949
12861.802	0.949
12867.181	0.949
12872.677	0.949
12878.056	0.948
12883.579	0.949
12889.132	0.949
12894.617	0.949
12900.097	0.948
12905.365	0.949
12910.658	0.948
12916.055	0.948
12921.507	0.948
12926.983	0.949
12932.318	0.948
12937.836	0.948
12943.404	0.949
12948.91	0.948
12954.521	0.948
12959.814	0.948
12965.219	0.949
12970.768	0.949
12976.142	0.949
12981.521	0.949
12987.049	0.949
12992.46	0.949
12997.881	0.949
13003.41	0.949
13008.702	0.948
13014.109	0.948
13019.438	0.948
13024.8	0.949
13030.141	0.949
13035.426	0.95
13040.922	0.949
13046.423	0.95
13051.792	0.95
13057.293	0.949
13062.558	0.95
13067.841	0.95
13073.361	0.95
13078.924	0.951
13084.282	0.95
13089.543	0.951
13094.921	0.951
13100.398	0.951
13105.837	0.951
13111.118	0.951
13116.633	0.951
13122.048	0.952
13127.39	0.951
13132.858	0.952
13138.221	0.952
13143.664	0.952
13149.003	0.952
13154.5	0.952
13159.883	0.951
13165.377	0.952
13170.888	0.951
13176.516	0.952
13181.887	0.952
13187.368	0.952
13192.874	0.952
13198.269	0.952
13203.668	0.953
13209.17	0.952
13214.472	0.952
13220.043	0.952
13225.377	0.952
13230.758	0.952
13236.187	0.952
13241.688	0.952
13247.232	0.952
13252.678	0.952
13258.034	0.952
13263.486	0.952
13268.978	0.952
13274.493	0.952
13279.96	0.952
13285.323	0.953
13290.786	0.953
13296.194	0.953
13301.733	0.952
13307.228	0.952
13312.714	0.952
13318.204	0.953
13323.659	0.952
13329.144	0.952
13334.567	0.952
13340.011	0.953
13345.463	0.953
13350.848	0.953
13356.171	0.953
13361.593	0.953
13367.11	0.953
13372.453	0.954
13377.866	0.953
13383.551	0.953
13388.928	0.953
13394.357	0.953
13399.945	0.953
13405.488	0.954
13411.002	0.953
13416.476	0.953
13421.732	0.953
13427.233	0.953
13432.541	0.953
13437.998	0.953
13443.584	0.953
13449.028	0.953
13454.462	0.953
13459.917	0.953
13465.326	0.954
13470.738	0.953
13476.152	0.954
13481.502	0.954
13486.779	0.953
13492.094	0.953
13497.399	0.953
13502.887	0.953
13508.521	0.953
13513.995	0.953
13519.42	0.953
13524.8	0.953
13530.364	0.953
13535.74	0.954
13541.198	0.954
13546.63	0.954
13552.144	0.954
13557.616	0.954
13563.057	0.954
13568.364	0.954
13573.86	0.954
13579.178	0.954
13584.726	0.954
13590.249	0.953
13595.697	0.953
13601.224	0.954
13606.678	0.954
13612.21	0.954
13617.595	0.954
13623.018	0.954
13628.368	0.954
13633.748	0.954
13639.137	0.954
13644.615	0.954
13650.056	0.954
13655.637	0.954
13661.144	0.954
13666.478	0.955
13671.905	0.954
13677.191	0.955
13682.737	0.954
13688.138	0.955
13693.483	0.955
13699.054	0.955
13704.44	0.954
13709.881	0.954
13715.515	0.954
13720.852	0.955
13726.091	0.955
13731.45	0.955
13737.062	0.954
13742.45	0.954
13747.825	0.955
13753.142	0.954
13758.539	0.954
13764.015	0.954
13769.563	0.955
13775.027	0.954
13780.476	0.954
13785.896	0.954
13791.298	0.955
13796.867	0.955
13802.348	0.955
13807.815	0.956
13813.208	0.955
13818.662	0.955
13824.249	0.954
13829.642	0.955
13835.01	0.955
13840.385	0.955
13845.871	0.955
13851.411	0.955
13856.974	0.955
13862.325	0.954
13867.898	0.955
13873.41	0.954
13878.8	0.955
13884.347	0.954
13889.788	0.954
13895.415	0.955
13900.838	0.954
13906.354	0.955
13911.851	0.955
13917.347	0.955
13922.784	0.954
13928.488	0.954
13933.857	0.954
13939.28	0.954
13944.739	0.954
13950.257	0.954
13955.668	0.955
13960.983	0.955
13966.353	0.954
13971.635	0.955
13977.081	0.955
13982.601	0.955
13987.996	0.954
13993.502	0.955
13999.106	0.955
14004.563	0.954
14009.987	0.954
14015.281	0.954
14020.688	0.955
14026.274	0.955
14031.748	0.955
14037.237	0.955
14042.557	0.955
14047.955	0.955
14053.338	0.955
14058.723	0.955
14064.151	0.955
14069.662	0.955
14075.09	0.955
14080.533	0.955
14085.81	0.955
14091.309	0.955
14096.703	0.955
14102.248	0.955
14107.663	0.955
14113.098	0.955
14118.597	0.955
14124.149	0.955
14129.649	0.954
14135.078	0.955
14140.462	0.954
14145.815	0.955
14151.231	0.955
14156.757	0.955
14162.283	0.955
14167.917	0.955
14173.311	0.955
14178.904	0.955
14184.316	0.954
14189.638	0.955
14195.149	0.954
14200.487	0.955
14205.898	0.955
14211.399	0.955
14216.832	0.955
14222.352	0.955
14228.025	0.955
14233.52	0.955
14238.899	0.955
14244.435	0.956
14249.896	0.955
14255.309	0.955
14260.792	0.955
14266.328	0.955
14271.756	0.955
14277.174	0.955
14282.62	0.955
14288.199	0.955
14293.852	0.955
14299.224	0.955
14304.668	0.955
14310.081	0.955
14315.555	0.955
14320.968	0.955
14326.405	0.956
14331.848	0.956
14337.305	0.956
14342.701	0.956
14348.109	0.956
14353.684	0.955
14358.969	0.955
14364.431	0.955
14369.856	0.955
14375.209	0.955
14380.735	0.955
14386.088	0.955
14391.494	0.956
14396.89	0.955
14402.248	0.955
14407.709	0.955
14413.155	0.955
14418.716	0.955
14424.279	0.955
14429.656	0.955
14435.126	0.955
14440.753	0.955
14446.178	0.956
14451.645	0.955
14456.952	0.955
14462.448	0.955
14467.84	0.955
14473.221	0.955
14478.69	0.955
14484.106	0.954
14489.532	0.955
14494.957	0.955
14500.386	0.955
14505.852	0.955
14511.277	0.955
14516.728	0.955
14522.15	0.954
14527.626	0.955
14533.087	0.955
14538.47	0.955
14543.971	0.954
14549.435	0.955
14554.846	0.955
14560.367	0.955
14565.675	0.955
14571.028	0.955
14576.541	0.955
14582.034	0.955
14587.333	0.955
14592.845	0.955
14598.385	0.955
14603.875	0.955
14609.461	0.955
14614.959	0.955
14620.478	0.955
14625.898	0.954
14631.382	0.955
14636.72	0.955
14642.087	0.955
14647.534	0.955
14653.015	0.954
14658.404	0.955
14663.92	0.955
14669.194	0.955
14674.606	0.955
14680.123	0.955
14685.7	0.955
14691.09	0.955
14696.601	0.955
14701.993	0.955
14707.335	0.955
14712.785	0.955
14718.255	0.956
14723.606	0.956
14729.048	0.956
14734.468	0.955
14739.998	0.956
14745.446	0.955
14750.936	0.956
14756.323	0.955
14761.89	0.955
14767.401	0.956
14772.817	0.955
14778.232	0.956
14783.611	0.955
14788.982	0.956
14794.304	0.955
14799.603	0.955
14804.908	0.955
14810.267	0.955
14815.775	0.955
14821.31	0.956
14826.595	0.955
14832.172	0.955
14837.676	0.955
14843.221	0.956
14848.601	0.956
14854.059	0.956
14859.469	0.955
14864.855	0.956
14870.27	0.956
14875.801	0.956
14881.191	0.956
14886.578	0.956
14891.978	0.955
14897.211	0.956
14902.661	0.956
14908.028	0.956
14913.448	0.956
14918.969	0.955
14924.501	0.956
14929.953	0.956
14935.3	0.955
14940.633	0.955
14946.07	0.955
14951.445	0.955
14956.848	0.955
14962.461	0.955
14967.941	0.955
14973.403	0.956
14978.837	0.956
14984.4	0.955
14989.85	0.955
14995.334	0.956
15000.773	0.954
15006.201	0.956
15011.675	0.955
15017.187	0.955
15022.61	0.955
15028.13	0.955
15033.698	0.955
15039.215	0.956
15044.542	0.956
15049.904	0.956
15055.391	0.955
15060.857	0.956
15066.205	0.955
15071.612	0.956
15077.093	0.956
15082.452	0.955
15087.918	0.956
15093.408	0.956
15098.962	0.955
15104.307	0.955
15109.598	0.955
15115.034	0.956
15120.465	0.955
15125.929	0.954
15131.411	0.955
15136.919	0.955
15142.208	0.955
15147.598	0.955
15153.04	0.955
15158.486	0.956
15163.997	0.956
15169.52	0.956
15174.881	0.956
15180.397	0.955
15185.906	0.956
15191.417	0.956
15196.859	0.956
15202.283	0.956
15207.776	0.955
15213.181	0.956
15218.673	0.956
15224.05	0.955
15229.496	0.956
15235.071	0.955
15240.448	0.956
15245.633	0.955
15251.098	0.955
15256.654	0.955
15262.026	0.956
15267.35	0.955
15272.73	0.956
15278.247	0.955
15283.597	0.955
15289.017	0.956
15294.451	0.956
15299.893	0.955
15305.404	0.955
15310.838	0.956
15316.093	0.956
15321.399	0.955
15326.834	0.956
15332.201	0.955
15337.429	0.956
15342.739	0.956
15348.292	0.956
15353.545	0.956
15358.99	0.956
15364.403	0.955
15369.786	0.955
15375.161	0.956
15380.607	0.955
15386.109	0.956
15391.708	0.956
15397.262	0.956
15402.665	0.956
15408.16	0.956
15413.525	0.956
15419.041	0.956
15424.509	0.956
15429.937	0.956
15435.484	0.956
15441.074	0.956
15446.693	0.956
15452.056	0.956
15457.682	0.956
15462.988	0.957
15468.403	0.957
15473.824	0.957
15479.177	0.957
15484.679	0.956
15490.18	0.956
15495.559	0.956
15501.11	0.956
15506.577	0.956
15512.028	0.956
15517.404	0.956
15522.957	0.956
15528.434	0.957
15533.783	0.957
15539.14	0.956
15544.542	0.956
15550.09	0.956
15555.39	0.956
15560.832	0.956
15566.145	0.956
15571.401	0.957
15576.755	0.956
15581.968	0.956
15587.479	0.956
15593.022	0.956
15598.365	0.956
15603.698	0.956
15609.064	0.957
15614.405	0.956
15619.865	0.956
15625.223	0.956
15630.755	0.956
15636.065	0.957
15641.594	0.957
15647.07	0.956
15652.536	0.956
15657.984	0.956
15663.426	0.957
15668.689	0.956
15674.071	0.956
15679.577	0.957
15685.196	0.956
15690.632	0.957
15696.237	0.956
15701.713	0.957
15707.309	0.957
15712.842	0.956
15718.319	0.957
15723.776	0.957
15729.168	0.956
15734.77	0.956
15740.129	0.957
15745.546	0.956
15750.827	0.956
15756.195	0.957
15761.493	0.956
15767.046	0.956
15772.465	0.957
15777.784	0.957
15783.186	0.957
15788.419	0.956
15793.885	0.957
15799.254	0.957
15804.697	0.956
15810.233	0.956
15815.649	0.956
15821.081	0.957
15826.569	0.956
15832.053	0.957
15837.545	0.956
15843.019	0.957
15848.516	0.956
15853.949	0.956
15859.461	0.957
15864.887	0.957
15870.154	0.956
15875.443	0.957
15880.95	0.957
15886.329	0.956
15891.539	0.956
15897.129	0.956
15902.545	0.956
15907.99	0.956
15913.515	0.956
15918.871	0.956
15924.377	0.956
15929.644	0.956
15935.214	0.956
15940.682	0.956
15946.147	0.956
15951.712	0.956
15957.229	0.956
15962.638	0.956
15968.082	0.957
15973.736	0.957
15979.219	0.957
15984.635	0.957
15990.11	0.957
15995.607	0.957
16001.099	0.956
16006.546	0.957
16011.965	0.956
16017.513	0.956
16022.869	0.956
16028.32	0.956
16033.744	0.957
16039.281	0.957
16044.711	0.956
16050.246	0.956
16055.607	0.956
16061.015	0.957
16066.42	0.957
16071.691	0.956
16077.107	0.956
16082.603	0.956
16088.01	0.956
16093.244	0.956
16098.759	0.956
16104.281	0.957
16109.788	0.956
16115.178	0.956
16120.736	0.957
16126.118	0.956
16131.532	0.956
16136.936	0.956
16142.257	0.956
16147.566	0.956
16152.984	0.956
16158.465	0.956
16163.828	0.956
16169.142	0.956
16174.293	0.956
16179.517	0.956
16184.937	0.956
16190.388	0.957
16196.027	0.957
16201.479	0.956
16206.904	0.957
16212.314	0.957
16217.716	0.956
16223.146	0.956
16228.635	0.956
16234.069	0.956
16239.463	0.956
16244.837	0.956
16250.417	0.956
16255.822	0.956
16261.143	0.956
16266.625	0.956
16272.071	0.957
16277.612	0.956
16283.056	0.956
16288.501	0.956
16294.049	0.956
16299.637	0.956
16305.082	0.956
16310.468	0.957
16315.81	0.956
16321.181	0.956
16326.565	0.956
16332.051	0.956
16337.356	0.956
16342.724	0.956
16348.375	0.957
16353.84	0.956
16359.46	0.956
16364.701	0.956
16370.067	0.956
16375.565	0.956
16380.846	0.956
16386.333	0.956
16391.767	0.956
16397.128	0.956
16402.557	0.956
16408.166	0.957
16413.813	0.956
16419.303	0.956
16424.775	0.957
16430.32	0.957
16435.897	0.957
16441.381	0.957
16446.909	0.957
16452.456	0.957
16458.11	0.957
16463.488	0.957
16468.858	0.957
16474.213	0.957
16479.706	0.957
16485.063	0.957
16490.502	0.957
16495.885	0.957
16501.234	0.957
16506.669	0.957
16511.964	0.957
16517.408	0.957
16522.718	0.957
16528.262	0.957
16533.787	0.957
16539.288	0.957
16544.795	0.957
16550.199	0.957
16555.805	0.957
16561.275	0.957
16566.659	0.958
16572.164	0.957
16577.543	0.958
16582.899	0.957
16588.185	0.957
16593.553	0.957
16598.977	0.958
16604.36	0.958
16609.747	0.957
16615.061	0.957
16620.452	0.957
16625.777	0.957
16631.334	0.957
16636.818	0.958
16642.172	0.958
16647.476	0.958
16652.795	0.957
16658.444	0.957
16663.876	0.958
16669.373	0.958
16674.766	0.957
16680.227	0.957
16685.889	0.958
16691.333	0.957
16696.691	0.958
16702.128	0.958
16707.647	0.958
16713.073	0.957
16718.535	0.957
16723.982	0.958
16729.319	0.957
16734.74	0.957
16740.266	0.957
16745.705	0.957
16751.197	0.957
16756.567	0.957
16762.003	0.957
16767.33	0.957
16772.63	0.957
16778.025	0.957
16783.48	0.957
16788.891	0.957
16794.495	0.957
16799.91	0.957
16805.219	0.957
16810.581	0.957
16816.003	0.957
16821.347	0.957
16826.667	0.957
16832.128	0.957
16837.502	0.957
16843.034	0.957
16848.406	0.957
16853.895	0.957
16859.326	0.957
16864.789	0.957
16870.226	0.957
16875.742	0.957
16881.236	0.957
16886.723	0.956
16892.024	0.957
16897.647	0.956
16903.154	0.957
16908.605	0.956
16913.872	0.956
16919.403	0.956
16924.741	0.957
16930.106	0.956
16935.526	0.956
16940.982	0.956
16946.466	0.957
16951.875	0.957
16957.269	0.956
16962.763	0.957
16968.118	0.956
16973.628	0.956
16979.145	0.956
16984.43	0.956
16989.906	0.956
16995.319	0.956
17000.773	0.957
17006.115	0.956
17011.403	0.957
17016.72	0.956
17022.192	0.957
17027.615	0.957
17032.995	0.957
17038.318	0.956
17043.627	0.957
17049.029	0.956
17054.65	0.957
17060.057	0.957
17065.538	0.956
17070.854	0.957
17076.167	0.957
17081.407	0.956
17086.753	0.956
17092.305	0.957
17097.645	0.957
17103.119	0.957
17108.559	0.957
17114.08	0.956
17119.388	0.957
17124.884	0.957
17130.411	0.957
17135.842	0.957
17141.356	0.957
17146.748	0.957
17152.169	0.957
17157.537	0.957
17162.966	0.957
17168.375	0.957
17173.907	0.957
17179.536	0.957
17184.946	0.957
17190.603	0.956
17196.027	0.957
17201.418	0.957
17206.991	0.958
17212.481	0.957
17217.935	0.957
17223.252	0.957
17228.824	0.957
17234.38	0.957
17239.799	0.957
17245.214	0.957
17250.702	0.957
17256.17	0.957
17261.549	0.957
17266.951	0.958
17272.376	0.957
17277.867	0.957
17283.277	0.957
17288.692	0.957
17294.097	0.958
17299.585	0.958
17305.115	0.957
17310.541	0.957
17315.902	0.957
17321.332	0.958
17326.834	0.957
17332.465	0.957
17337.978	0.957
17343.433	0.957
17348.923	0.957
17354.194	0.957
17359.751	0.957
17365.238	0.957
17370.722	0.957
17376.172	0.957
17381.698	0.957
17387.2	0.957
17392.692	0.957
17398.203	0.957
17403.623	0.957
17409.024	0.957
17414.489	0.957
17420.022	0.957
17425.432	0.957
17430.899	0.957
17436.336	0.957
17441.832	0.957
17447.162	0.957
17452.604	0.957
17458.079	0.957
17463.646	0.957
17469.047	0.956
17474.457	0.956
17479.839	0.957
17485.291	0.957
17490.7	0.957
17496.278	0.957
17501.838	0.957
17507.277	0.958
17512.689	0.958
17518.147	0.958
17523.632	0.957
17529.063	0.957
17534.459	0.958
17539.911	0.957
17545.442	0.957
17550.917	0.957
17556.339	0.958
17561.811	0.957
17567.306	0.957
17572.669	0.957
17577.946	0.957
17583.415	0.957
17588.888	0.957
17594.513	0.957
17600.066	0.957
17605.434	0.957
17610.82	0.957
17616.195	0.957
17621.725	0.957
17627.204	0.957
17632.664	0.957
17637.98	0.957
17643.452	0.957
17648.992	0.957
17654.316	0.957
17659.664	0.957
17665.138	0.957
17670.58	0.957
17676.069	0.957
17681.62	0.957
17687.122	0.957
17692.568	0.958
17697.874	0.958
17703.333	0.957
17708.752	0.958
17714.244	0.957
17719.594	0.957
17725.085	0.958
17730.586	0.958
17736.065	0.958
17741.569	0.957
17746.914	0.957
17752.381	0.958
17757.929	0.957
17763.364	0.958
17768.749	0.958
17774.172	0.958
17779.676	0.958
17785.107	0.958
17790.538	0.958
17796.106	0.958
17801.522	0.958
17807.015	0.957
17812.429	0.958
17817.837	0.958
17823.418	0.958
17828.734	0.958
17834.244	0.958
17839.674	0.957
17844.991	0.958
17850.344	0.958
17855.907	0.958
17861.371	0.958
17866.826	0.958
17872.245	0.958
17877.723	0.958
17883.072	0.958
17888.465	0.958
17893.648	0.957
17898.961	0.958
17904.388	0.958
17910.067	0.958
17915.59	0.958
17921.033	0.958
17926.334	0.958
17931.732	0.958
17937.246	0.958
17942.614	0.958
17948.12	0.958
17953.566	0.957
17959.043	0.958
17964.513	0.958
17969.862	0.958
17975.132	0.958
17980.704	0.957
17986.307	0.958
17991.827	0.958
17997.199	0.957
18002.648	0.957
18008.007	0.958
18013.548	0.958
18018.908	0.958
18024.423	0.958
18029.846	0.958
18035.322	0.958
18040.631	0.958
18046.164	0.958
18051.648	0.958
18057.165	0.958
18062.648	0.958
18067.968	0.958
18073.514	0.958
18078.943	0.958
18084.347	0.958
18089.731	0.958
18095.254	0.958
18100.771	0.958
18106.099	0.958
18111.516	0.958
18116.858	0.958
18122.262	0.958
18127.66	0.958
18133.063	0.958
18138.601	0.958
18143.997	0.958
18149.319	0.958
18154.822	0.958
18160.218	0.958
18165.5	0.958
18170.94	0.958
18176.47	0.958
18181.704	0.959
18187.229	0.958
18192.719	0.958
18198.102	0.958
18203.56	0.958
18208.984	0.958
18214.37	0.958
18219.798	0.958
18225.283	0.958
18230.659	0.958
18236.076	0.959
18241.524	0.958
18246.95	0.958
18252.51	0.958
18257.938	0.958
18263.395	0.958
18268.584	0.958
18274.005	0.958
18279.192	0.959
18284.499	0.958
18289.925	0.958
18295.434	0.957
18300.966	0.958
18306.399	0.958
18311.775	0.958
18317.197	0.958
18322.661	0.958
18328.229	0.958
18333.793	0.958
18339.228	0.958
18344.596	0.958
18350.136	0.958
18355.683	0.958
18361.092	0.958
18366.561	0.958
18372.097	0.958
18377.517	0.957
18382.996	0.958
18388.353	0.958
18393.82	0.958
18399.229	0.958
18404.803	0.958
18410.28	0.958
18415.793	0.958
18421.251	0.958
18426.712	0.958
18432.115	0.958
18437.649	0.958
18443.101	0.958
18448.526	0.958
18453.907	0.958
18459.184	0.958
18464.656	0.958
18470.087	0.958
18475.468	0.958
18480.967	0.958
18486.429	0.958
18491.795	0.958
18497.174	0.958
18502.724	0.958
18508.247	0.958
18513.716	0.958
18519.118	0.958
18524.685	0.958
18530.08	0.958
18535.52	0.958
18540.932	0.958
18546.301	0.958
18551.657	0.958
18557.112	0.958
18562.527	0.958
18568.043	0.958
18573.454	0.958
18578.949	0.959
18584.397	0.958
18589.858	0.958
18595.18	0.958
18600.693	0.958
18606.103	0.958
18611.422	0.958
18616.855	0.958
18622.334	0.958
18627.873	0.959
18633.513	0.958
18639.046	0.958
18644.429	0.958
18649.809	0.958
18655.221	0.958
18660.552	0.958
18665.959	0.958
18671.378	0.958
18676.981	0.958
18682.327	0.958
18687.712	0.958
18693.196	0.958
18698.411	0.958
18703.835	0.958
18709.203	0.958
18714.557	0.957
18719.957	0.958
18725.31	0.958
18730.708	0.958
18736.136	0.958
18741.577	0.958
18746.948	0.958
18752.332	0.958
18757.752	0.958
18763.209	0.958
18768.758	0.959
18774.209	0.959
18779.545	0.959
18785.086	0.959
18790.654	0.958
18796.019	0.958
18801.367	0.958
18806.839	0.958
18812.288	0.958
18817.71	0.958
18823.093	0.959
18828.676	0.958
18833.984	0.958
18839.344	0.958
18844.806	0.959
18850.25	0.958
18855.815	0.958
18861.313	0.958
18866.793	0.958
18872.21	0.958
18877.702	0.959
18883.195	0.958
18888.544	0.958
18894.176	0.958
18899.553	0.958
18904.714	0.958
18910.104	0.958
18915.604	0.958
18921.026	0.957
18926.433	0.957
18931.782	0.957
18937.189	0.957
18942.549	0.957
18947.96	0.958
18953.251	0.957
18958.724	0.958
18964.174	0.957
18969.526	0.957
18974.979	0.957
18980.371	0.958
18985.863	0.957
18991.191	0.958
18996.543	0.958
19001.879	0.958
19007.397	0.958
19012.926	0.958
19018.295	0.958
19023.683	0.957
19029.105	0.958
19034.507	0.958
19039.933	0.958
19045.495	0.958
19050.949	0.958
19056.357	0.958
19061.788	0.958
19067.249	0.958
19072.742	0.957
19078.118	0.958
19083.731	0.957
19089.156	0.957
19094.677	0.957
19100.154	0.957
19105.506	0.957
19110.827	0.958
19116.266	0.958
19121.784	0.958
19127.361	0.958
19132.758	0.958
19138.188	0.958
19143.645	0.958
19149.11	0.957
19154.56	0.957
19160.059	0.957
19165.371	0.957
19170.844	0.957
19176.276	0.957
19181.595	0.957
19187.141	0.957
19192.64	0.957
19198.118	0.957
19203.322	0.957
19208.697	0.957
19214.136	0.957
19219.498	0.957
19225.069	0.957
19230.442	0.957
19235.949	0.957
19241.47	0.958
19247.05	0.957
19252.577	0.957
19258.075	0.957
19263.472	0.958
19268.784	0.957
19274.219	0.957
19279.543	0.957
19285.012	0.957
19290.357	0.958
19295.87	0.957
19301.261	0.958
19306.618	0.957
19312.076	0.957
19317.574	0.957
19323.026	0.957
19328.535	0.957
19333.961	0.958
19339.452	0.957
19344.962	0.958
19350.467	0.958
19355.847	0.957
19361.119	0.958
19366.52	0.958
19371.89	0.958
19377.228	0.958
19382.571	0.958
19387.921	0.958
19393.357	0.958
19398.788	0.958
19404.14	0.959
19409.512	0.958
19414.993	0.959
19420.655	0.958
19426.116	0.958
19431.481	0.958
19437.047	0.959
19442.507	0.958
19447.968	0.958
19453.543	0.958
19458.792	0.958
19464.049	0.959
19469.437	0.958
19474.818	0.959
19480.293	0.958
19485.776	0.959
19491.283	0.958
19496.951	0.958
19502.435	0.958
19507.841	0.958
19513.316	0.958
19518.815	0.958
19524.171	0.958
19529.64	0.959
19534.991	0.958
19540.451	0.958
19545.86	0.958
19551.274	0.958
19556.746	0.958
19562.025	0.959
19567.429	0.959
19572.859	0.959
19578.24	0.959
19583.649	0.959
19589.138	0.959
19594.499	0.959
19599.966	0.959
19605.507	0.959
19611.099	0.959
19616.618	0.959
19622.063	0.96
19627.54	0.959
19632.826	0.959
19638.29	0.959
19643.722	0.96
19649.354	0.959
19654.656	0.959
19659.973	0.959
19665.15	0.959
19670.581	0.959
19676.031	0.959
19681.524	0.96
19686.976	0.96
19692.319	0.96
19697.813	0.96
19703.39	0.96
19708.901	0.959
19714.358	0.96
19719.784	0.959
19725.111	0.96
19730.402	0.96
19735.829	0.96
19741.188	0.96
19746.673	0.96
19752.253	0.96
19757.717	0.96
19763.248	0.96
19768.638	0.959
19774.047	0.96
19779.611	0.96
19785.099	0.96
19790.522	0.96
19795.907	0.96
19801.274	0.96
19806.793	0.96
19812.337	0.96
19817.722	0.959
19823.188	0.959
19828.709	0.96
19834.19	0.96
19839.506	0.96
19844.993	0.96
19850.3	0.96
19855.805	0.96
19861.066	0.959
19866.468	0.96
19871.853	0.959
19877.323	0.96
19882.776	0.96
19888.243	0.959
19893.6	0.96
19898.952	0.96
19904.362	0.96
19909.743	0.96
19915.265	0.96
19920.62	0.96
19926.113	0.96
19931.657	0.96
19937.183	0.96
19942.617	0.96
19948.011	0.96
19953.496	0.96
19958.802	0.96
19964.33	0.96
19969.787	0.96
19975.322	0.96
19980.719	0.96
19986.197	0.96
19991.649	0.961
19997.227	0.961
20002.581	0.96
20008.0	0.96
20013.394	0.961
20018.915	0.961
20024.43	0.961
20029.935	0.96
20035.361	0.961
20040.814	0.961
20046.126	0.96
20051.479	0.961
20056.873	0.961
20062.214	0.96
20067.603	0.96
20073.065	0.96
20078.483	0.96
20083.958	0.96
20089.376	0.961
20094.897	0.96
20100.386	0.96
20105.931	0.96
20111.299	0.96
20116.726	0.96
20122.288	0.96
20127.793	0.96
20133.307	0.96
20138.642	0.96
20144.115	0.96
20149.514	0.96
20154.941	0.96
20160.442	0.959
20165.982	0.96
20171.442	0.959
20176.945	0.96
20182.371	0.96
20187.904	0.96
20193.29	0.959
20198.665	0.959
20204.067	0.96
20209.478	0.96
20214.949	0.959
20220.34	0.959
20225.715	0.959
20231.141	0.96
20236.464	0.959
20241.95	0.96
20247.324	0.959
20252.68	0.96
20258.161	0.959
20263.623	0.96
20269.056	0.96
20274.622	0.96
20280.009	0.96
20285.312	0.96
20290.91	0.959
20296.211	0.959
20301.577	0.959
20307.064	0.959
20312.596	0.959
20318.035	0.959
20323.577	0.96
20329.013	0.96
20334.552	0.959
20339.928	0.96
20345.234	0.96
20350.702	0.96
20356.079	0.96
20361.623	0.96
20367.081	0.96
20372.492	0.96
20377.983	0.96
20383.437	0.959
20388.792	0.96
20394.349	0.96
20399.714	0.959
20405.072	0.96
20410.462	0.96
20415.864	0.96
20421.313	0.959
20426.82	0.96
20432.227	0.96
20437.713	0.96
20443.117	0.96
20448.622	0.96
20454.088	0.96
20459.295	0.96
20464.589	0.96
20470.093	0.96
20475.67	0.96
20480.986	0.96
20486.509	0.96
20492.018	0.96
20497.381	0.96
20502.753	0.96
20508.264	0.961
20513.716	0.96
20519.254	0.96
20524.718	0.96
20530.067	0.96
20535.485	0.96
20540.823	0.96
20546.227	0.96
20551.72	0.96
20557.109	0.96
20562.555	0.96
20568.059	0.96
20573.543	0.96
20578.964	0.96
20584.34	0.961
20589.813	0.96
20595.318	0.96
20600.891	0.96
20606.448	0.96
20611.907	0.96
20617.423	0.96
20622.815	0.96
20628.309	0.96
20633.736	0.96
20639.011	0.96
20644.455	0.96
20649.759	0.96
20655.355	0.96
20660.693	0.961
20666.165	0.961
20671.57	0.961
20677.031	0.96
20682.477	0.96
20687.889	0.96
20693.376	0.961
20698.653	0.96
20704.134	0.96
20709.455	0.961
20714.922	0.96
20720.342	0.96
20725.739	0.96
20731.19	0.96
20736.524	0.96
20741.914	0.96
20747.316	0.96
20752.717	0.961
20758.155	0.961
20763.439	0.961
20768.921	0.961
20774.208	0.961
20779.678	0.961
20784.981	0.961
20790.5	0.96
20795.91	0.96
20801.234	0.961
20806.583	0.96
20812.076	0.961
20817.581	0.96
20822.941	0.961
20828.326	0.961
20833.768	0.961
20839.191	0.961
20844.69	0.96
20850.315	0.96
20855.843	0.96
20861.363	0.961
20866.776	0.961
20872.294	0.961
20877.604	0.96
20883.119	0.961
20888.508	0.96
20894.106	0.961
20899.525	0.96
20904.848	0.961
20910.299	0.96
20915.834	0.96
20921.145	0.96
20926.556	0.96
20931.909	0.96
20937.341	0.96
20942.58	0.96
20948.075	0.96
20953.354	0.961
20958.761	0.96
20964.204	0.961
20969.606	0.961
20974.985	0.961
20980.437	0.96
20985.923	0.961
20991.313	0.961
20996.815	0.961
21002.31	0.96
21007.727	0.961
21013.16	0.96
21018.441	0.961
21023.801	0.961
21029.236	0.961
21034.653	0.961
21040.007	0.961
21045.447	0.961
21050.978	0.96
21056.309	0.961
21061.711	0.961
21067.236	0.96
21072.666	0.961
21078.063	0.961
21083.531	0.961
21089.064	0.961
21094.518	0.961
21100.007	0.961
21105.567	0.961
21111.139	0.961
21116.499	0.961
21121.973	0.96
21127.422	0.961
21132.968	0.961
21138.491	0.961
21143.911	0.961
21149.17	0.961
21154.641	0.961
21160.145	0.961
21165.675	0.96
21171.19	0.96
21176.801	0.961
21182.252	0.96
21187.602	0.961
21193.175	0.961
21198.636	0.96
21204.009	0.961
21209.451	0.96
21214.796	0.961
21220.264	0.961
21225.661	0.961
21231.205	0.961
21236.755	0.96
21242.202	0.961
21247.561	0.961
21253.048	0.96
21258.396	0.961
21263.852	0.961
21269.304	0.96
21274.647	0.961
21280.117	0.961
21285.519	0.96
21290.869	0.961
21296.339	0.961
21301.73	0.961
21307.143	0.961
21312.663	0.961
21318.23	0.961
21323.696	0.961
21329.031	0.961
21334.597	0.961
21340.055	0.961
21345.61	0.961
21351.101	0.96
21356.539	0.961
21361.903	0.96
21367.302	0.961
21372.893	0.961
21378.282	0.961
21383.642	0.961
21388.966	0.96
21394.49	0.96
21400.14	0.96
21405.546	0.96
21410.98	0.96
21416.268	0.96
21421.644	0.96
21426.988	0.96
21432.281	0.96
21437.74	0.96
21443.148	0.96
21448.649	0.96
21454.033	0.961
21459.575	0.96
21465.092	0.961
21470.571	0.961
21476.115	0.96
21481.614	0.96
21487.038	0.96
21492.567	0.961
21498.045	0.961
21503.478	0.961
21509.094	0.96
21514.632	0.96
21520.239	0.961
21525.621	0.961
21531.033	0.96
21536.528	0.961
21541.917	0.961
21547.208	0.961
21552.571	0.961
21557.963	0.961
21563.238	0.96
21568.791	0.96
21574.335	0.961
21579.839	0.96
21585.191	0.96
21590.529	0.96
21596.054	0.961
21601.487	0.961
21606.967	0.96
21612.478	0.961
21617.988	0.961
21623.353	0.961
21628.791	0.96
21634.145	0.96
21639.534	0.96
21644.878	0.96
21650.18	0.96
21655.586	0.96
21660.96	0.96
21666.359	0.96
21671.77	0.961
21677.175	0.961
21682.615	0.96
21688.098	0.961
21693.642	0.961
21699.071	0.96
21704.494	0.96
21709.829	0.96
21715.28	0.961
21720.67	0.96
21726.032	0.961
21731.531	0.961
21736.979	0.961
21742.573	0.961
21748.201	0.96
21753.709	0.96
21759.061	0.96
21764.595	0.961
21770.091	0.961
21775.567	0.96
21781.103	0.961
21786.493	0.96
21792.057	0.961
21797.548	0.961
21802.852	0.961
21808.403	0.961
21813.898	0.961
21819.265	0.961
21824.859	0.961
21830.282	0.961
21835.75	0.961
21841.193	0.961
21846.604	0.961
21852.069	0.961
21857.599	0.961
21863.027	0.961
21868.367	0.961
21873.824	0.961
21879.397	0.961
21884.834	0.961
21890.24	0.961
21895.592	0.961
21901.234	0.961
21906.897	0.962
21912.47	0.961
21918.028	0.961
21923.461	0.961
21929.019	0.962
21934.462	0.961
21940.025	0.961
21945.472	0.961
21950.76	0.961
21956.201	0.961
21961.667	0.961
21967.108	0.961
21972.493	0.961
21977.954	0.961
21983.429	0.961
21988.892	0.961
21994.386	0.961
21999.908	0.961
22005.354	0.961
22010.665	0.961
22016.183	0.961
22021.497	0.961
22026.743	0.961
22032.127	0.961
22037.539	0.961
22042.98	0.96
22048.414	0.96
22053.8	0.96
22059.308	0.96
22064.579	0.961
22069.964	0.961
22075.351	0.96
22080.754	0.961
22086.174	0.961
22091.556	0.96
22096.899	0.961
22102.336	0.96
22107.578	0.961
22112.928	0.961
22118.324	0.96
22123.857	0.96
22129.38	0.96
22134.732	0.961
22140.021	0.961
22145.363	0.961
22150.839	0.961
22156.202	0.96
22161.717	0.961
22167.189	0.96
22172.632	0.961
22177.925	0.961
22183.476	0.96
22189.07	0.96
22194.536	0.96
22199.825	0.96
22205.349	0.961
22210.65	0.96
22216.118	0.961
22221.464	0.961
22226.986	0.961
22232.348	0.961
22237.938	0.961
22243.462	0.961
22248.902	0.961
22254.314	0.961
22259.858	0.961
22265.308	0.96
22270.866	0.961
22276.363	0.961
22281.781	0.961
22287.287	0.961
22292.634	0.961
22297.878	0.961
22303.429	0.961
22308.89	0.961
22314.128	0.96
22319.663	0.96
22325.136	0.961
22330.457	0.961
22335.742	0.96
22341.284	0.96
22346.75	0.961
22352.18	0.961
22357.66	0.961
22363.141	0.961
22368.546	0.961
22374.082	0.961
22379.384	0.961
22384.617	0.961
22390.007	0.961
22395.443	0.961
22400.726	0.96
22406.226	0.961
22411.577	0.961
22417.035	0.96
22422.406	0.961
22427.96	0.96
22433.312	0.961
22438.797	0.961
22444.165	0.961
22449.785	0.961
22455.408	0.961
22460.833	0.961
22466.258	0.961
22471.835	0.961
22477.156	0.96
22482.605	0.961
22488.117	0.961
22493.695	0.961
22499.242	0.961
22504.639	0.96
22509.94	0.96
22515.493	0.961
22521.039	0.96
22526.456	0.96
22531.909	0.961
22537.3	0.961
22542.855	0.96
22548.164	0.961
22553.712	0.961
22559.177	0.959
22564.557	0.96
22570.066	0.96
22575.552	0.961
22581.003	0.961
22586.37	0.96
22591.813	0.96
22597.177	0.96
22602.637	0.96
22608.174	0.96
22613.638	0.96
22619.089	0.96
22624.748	0.96
22630.246	0.961
22635.498	0.96
22640.832	0.961
22646.248	0.961
22651.846	0.961
22657.36	0.96
22662.628	0.96
22668.032	0.961
22673.521	0.961
22678.937	0.961
22684.528	0.961
22690.012	0.961
22695.488	0.961
22700.97	0.961
22706.346	0.961
22711.818	0.961
22717.276	0.961
22722.62	0.961
22728.143	0.961
22733.636	0.961
22739.147	0.961
22744.647	0.961
22750.052	0.961
22755.459	0.961
22760.76	0.961
22766.191	0.961
22771.624	0.961
22777.106	0.961
22782.356	0.961
22787.842	0.961
22793.349	0.961
22798.886	0.961
22804.313	0.961
22809.72	0.961
22815.091	0.961
22820.457	0.961
22825.931	0.961
22831.395	0.96
22836.894	0.96
22842.151	0.96
22847.584	0.96
22853.066	0.961
22858.506	0.961
22863.991	0.961
22869.329	0.96
22874.692	0.961
22880.243	0.961
22885.782	0.961
22891.197	0.961
22896.65	0.96
22901.944	0.961
22907.35	0.961
22912.78	0.961
22918.321	0.961
22923.709	0.961
22929.286	0.961
22934.829	0.961
22940.318	0.961
22945.639	0.961
22951.138	0.961
22956.426	0.961
22961.813	0.961
22967.235	0.961
22972.631	0.961
22977.971	0.96
22983.362	0.961
22988.855	0.961
22994.21	0.96
22999.71	0.961
23005.24	0.961
23010.656	0.961
23016.226	0.961
23021.659	0.96
23027.097	0.96
23032.501	0.961
23037.93	0.96
23043.377	0.96
23048.715	0.961
23054.163	0.961
23059.628	0.961
23065.131	0.961
23070.609	0.961
23076.119	0.961
23081.516	0.961
23086.925	0.961
23092.159	0.961
23097.53	0.96
23103.017	0.961
23108.503	0.961
23113.834	0.961
23119.248	0.961
23124.7	0.96
23130.078	0.961
23135.485	0.961
23140.791	0.961
23146.249	0.961
23151.576	0.961
23157.041	0.961
23162.289	0.961
23167.932	0.961
23173.56	0.961
23178.914	0.961
23184.217	0.961
23189.738	0.961
23195.167	0.961
23200.458	0.961
23205.95	0.961
23211.249	0.961
23216.672	0.961
23221.988	0.961
23227.553	0.961
23232.925	0.961
23238.411	0.961
23243.724	0.961
23249.263	0.961
23254.78	0.961
23260.311	0.961
23265.88	0.961
23271.458	0.96
23277.007	0.961
23282.361	0.961
23287.795	0.961
23293.393	0.961
23299.042	0.961
23304.469	0.961
23309.851	0.961
23315.249	0.961
23320.614	0.96
23326.076	0.96
23331.451	0.961
23336.919	0.961
23342.372	0.961
23347.781	0.961
23353.24	0.961
23358.718	0.961
23364.19	0.961
23369.598	0.961
23374.97	0.96
23380.454	0.961
23385.875	0.961
23391.237	0.961
23396.614	0.961
23402.088	0.961
23407.371	0.962
23412.609	0.961
23417.819	0.961
23423.294	0.961
23428.81	0.961
23434.139	0.961
23439.509	0.961
23445.017	0.961
23450.455	0.961
23455.94	0.961
23461.556	0.961
23466.889	0.961
23472.263	0.961
23477.648	0.961
23483.082	0.961
23488.455	0.962
23493.751	0.962
23499.279	0.962
23504.625	0.961
23509.975	0.961
23515.384	0.961
23520.788	0.961
23526.315	0.962
23531.776	0.961
23537.112	0.961
23542.536	0.961
23547.983	0.961
23553.437	0.961
23558.867	0.961
23564.294	0.961
23569.607	0.961
23575.062	0.961
23580.382	0.961
23585.859	0.961
23591.286	0.961
23596.728	0.962
23602.139	0.961
23607.462	0.961
23612.976	0.961
23618.458	0.961
23623.83	0.961
23629.359	0.961
23634.761	0.961
23640.13	0.961
23645.544	0.961
23650.932	0.961
23656.479	0.961
23661.775	0.961
23667.139	0.961
23672.632	0.961
23678.089	0.961
23683.563	0.961
23689.097	0.961
23694.46	0.961
23699.815	0.961
23705.377	0.961
23710.687	0.961
23716.061	0.96
23721.474	0.961
23726.83	0.961
23732.246	0.961
23737.8	0.961
23743.305	0.961
23748.613	0.961
23754.106	0.961
23759.496	0.961
23764.936	0.961
23770.304	0.961
23775.78	0.961
23781.307	0.961
23786.743	0.961
23792.308	0.961
23797.93	0.961
23803.396	0.961
23808.808	0.96
23814.23	0.96
23819.831	0.961
23825.313	0.96
23830.825	0.961
23836.31	0.961
23841.746	0.96
23847.229	0.961
23852.759	0.961
23858.264	0.96
23863.827	0.96
23869.185	0.961
23874.71	0.961
23880.049	0.96
23885.395	0.961
23890.875	0.961
23896.245	0.96
23901.661	0.961
23907.088	0.961
23912.62	0.961
23918.192	0.961
23923.638	0.96
23929.172	0.961
23934.545	0.961
23939.971	0.96
23945.405	0.961
23950.852	0.961
23956.245	0.961
23961.738	0.961
23967.085	0.961
23972.5	0.961
23978.061	0.961
23983.534	0.961
23989.103	0.961
23994.566	0.961
24000.02	0.961
24005.544	0.961
24010.851	0.96
24016.346	0.961
24021.935	0.961
24027.399	0.961
24032.945	0.961
24038.379	0.961
24043.937	0.961
24049.308	0.96
24054.728	0.961
24060.116	0.96
24065.577	0.961
24071.198	0.96
24076.605	0.961
24082.0	0.961
24087.55	0.961
24092.918	0.96
24098.473	0.961
24103.966	0.961
24109.437	0.96
24114.866	0.96
24120.294	0.961
24125.76	0.961
24131.291	0.961
24136.931	0.961
24142.354	0.961
24147.775	0.96
24153.196	0.96
24158.614	0.96
24164.132	0.961
24169.68	0.961
24175.049	0.96
24180.415	0.961
24185.814	0.96
24191.149	0.961
24196.617	0.961
24202.267	0.96
24207.759	0.96
24213.19	0.96
24218.573	0.96
24224.187	0.96
24229.649	0.961
24235.087	0.96
24240.471	0.961
24246.003	0.961
24251.459	0.961
24256.91	0.961
24262.445	0.961
24267.852	0.96
24273.237	0.96
24278.753	0.96
24284.173	0.96
24289.524	0.96
24294.995	0.96
24300.308	0.961
24305.79	0.96
24311.149	0.961
24316.636	0.96
24321.949	0.96
24327.352	0.96
24332.638	0.96
24338.149	0.96
24343.6	0.96
24348.964	0.96
24354.434	0.96
24359.923	0.96
24365.433	0.96
24370.796	0.96
24376.19	0.961
24381.483	0.96
24387.047	0.96
24392.489	0.96
24398.108	0.96
24403.633	0.96
24409.014	0.961
24414.463	0.96
24419.942	0.96
24425.352	0.96
24430.766	0.96
24436.2	0.96
24441.637	0.961
24447.051	0.961
24452.451	0.96
24457.963	0.961
24463.473	0.961
24468.873	0.96
24474.223	0.961
24479.592	0.96
24485.079	0.961
24490.592	0.96
24496.078	0.96
24501.473	0.96
24506.932	0.96
24512.433	0.961
24517.913	0.961
24523.219	0.96
24528.87	0.961
24534.303	0.961
24539.644	0.96
24545.099	0.961
24550.37	0.96
24555.765	0.961
24561.188	0.961
24566.603	0.961
24571.869	0.96
24577.281	0.961
24582.744	0.961
24588.233	0.961
24593.496	0.961
24599.081	0.96
24604.484	0.96
24609.928	0.961
24615.622	0.961
24621.071	0.96
24626.368	0.961
24631.674	0.961
24637.125	0.961
24642.55	0.961
24648.014	0.96
24653.397	0.961
24658.746	0.96
24664.197	0.961
24669.68	0.961
24675.192	0.961
24680.585	0.961
24685.942	0.961
24691.435	0.961
24696.846	0.961
24702.302	0.961
24707.829	0.96
24713.192	0.961
24718.587	0.961
24724.009	0.961
24729.549	0.961
24735.018	0.961
24740.437	0.961
24745.99	0.961
24751.396	0.961
24756.879	0.961
24762.195	0.961
24767.582	0.96
24773.07	0.961
24778.492	0.961
24783.957	0.96
24789.414	0.961
24794.909	0.961
24800.435	0.961
24805.874	0.961
24811.265	0.961
24816.654	0.961
24822.014	0.961
24827.453	0.961
24832.901	0.961
24838.158	0.961
24843.577	0.961
24848.984	0.961
24854.492	0.961
24860.037	0.961
24865.569	0.961
24870.879	0.96
24876.256	0.96
24881.75	0.961
24887.196	0.961
24892.576	0.961
24898.051	0.96
24903.495	0.961
24908.858	0.961
24914.207	0.961
24919.643	0.96
24925.067	0.961
24930.425	0.961
24935.921	0.961
24941.278	0.961
24946.654	0.961
24952.184	0.961
24957.743	0.961
24963.258	0.961
24968.827	0.96
24974.247	0.961
24979.65	0.961
24984.996	0.96
24990.397	0.961
24995.972	0.961
25001.497	0.961
25006.904	0.961
25012.283	0.961
25017.671	0.96
25023.149	0.961
25028.687	0.961
25034.199	0.961
25039.648	0.961
25045.029	0.961
25050.471	0.961
25055.973	0.961
25061.464	0.961
25066.963	0.961
25072.255	0.961
25077.785	0.961
25083.25	0.961
25088.808	0.961
25094.267	0.961
25099.89	0.961
25105.335	0.961
25110.744	0.961
25116.338	0.96
25121.797	0.96
25127.329	0.961
25132.844	0.961
25138.436	0.961
25143.876	0.961
25149.309	0.961
25154.757	0.96
25160.275	0.96
25165.735	0.961
25171.065	0.961
25176.539	0.96
25181.848	0.96
25187.342	0.96
25192.923	0.961
25198.256	0.961
25203.699	0.96
25209.044	0.96
25214.461	0.961
25219.921	0.96
25225.268	0.96
25230.78	0.96
25236.206	0.96
25241.69	0.96
25247.115	0.961
25252.516	0.96
25257.843	0.96
25263.3	0.96
25268.82	0.96
25274.244	0.961
25279.564	0.96
25285.004	0.96
25290.427	0.96
25295.817	0.96
25301.168	0.961
25306.606	0.96
25312.037	0.96
25317.407	0.961
25322.854	0.961
25328.273	0.96
25333.679	0.96
25339.054	0.96
25344.66	0.96
25350.104	0.961
25355.506	0.96
25361.049	0.96
25366.55	0.961
25371.98	0.96
25377.215	0.96
25382.728	0.961
25388.196	0.96
25393.689	0.96
25398.972	0.96
25404.256	0.96
25409.687	0.96
25415.211	0.96
25420.604	0.96
25426.017	0.96
25431.548	0.961
25437.078	0.96
25442.554	0.96
25448.025	0.961
25453.31	0.961
25458.677	0.96
25464.053	0.96
25469.555	0.96
25475.046	0.96
25480.581	0.96
25486.029	0.96
25491.569	0.96
25497.024	0.96
25502.474	0.96
25507.959	0.96
25513.423	0.96
25518.815	0.961
25524.301	0.961
25529.678	0.96
25534.931	0.96
25540.412	0.96
25545.891	0.961
25551.271	0.961
25556.745	0.96
25562.312	0.96
25567.716	0.961
25573.109	0.96
25578.336	0.96
25583.859	0.961
25589.353	0.96
25594.721	0.96
25600.1	0.96
25605.646	0.96
25611.05	0.961
25616.471	0.961
25621.854	0.96
25627.249	0.96
25632.815	0.961
25638.231	0.96
25643.745	0.961
25649.19	0.961
25654.528	0.96
25659.91	0.961
25665.242	0.96
25670.541	0.96
25675.87	0.96
25681.406	0.96
25686.923	0.96
25692.329	0.96
25697.762	0.96
25703.202	0.96
25708.673	0.96
25713.862	0.96
25719.3	0.961
25724.756	0.96
25730.254	0.96
25735.663	0.96
25741.148	0.96
25746.578	0.961
25751.941	0.96
25757.388	0.96
25762.715	0.96
25768.192	0.96
25773.601	0.96
25778.985	0.96
25784.442	0.96
25789.949	0.96
25795.287	0.96
25800.758	0.96
25806.299	0.96
25811.648	0.96
25817.135	0.96
25822.526	0.96
25827.963	0.96
25833.234	0.96
25838.793	0.96
25844.267	0.96
25849.712	0.96
25855.222	0.96
25860.749	0.96
25866.156	0.96
25871.543	0.96
25877.084	0.961
25882.532	0.961
25887.894	0.961
25893.445	0.96
25898.963	0.96
25904.274	0.96
25909.683	0.961
25915.251	0.96
25920.72	0.96
25926.164	0.96
25931.671	0.96
25937.175	0.96
25942.612	0.96
25948.055	0.961
25953.53	0.96
25958.864	0.96
25964.311	0.96
25969.933	0.96
25975.363	0.96
25980.843	0.96
25986.273	0.96
25991.679	0.96
25997.047	0.96
26002.41	0.96
26007.849	0.96
26013.282	0.96
26018.895	0.96
26024.335	0.96
26029.614	0.96
26035.168	0.96
26040.6	0.96
26045.885	0.96
26051.242	0.96
26056.747	0.96
26062.163	0.96
26067.435	0.96
26072.742	0.96
26078.071	0.96
26083.422	0.96
26088.951	0.961
26094.368	0.961
26099.708	0.96
26105.107	0.96
26110.546	0.961
26116.004	0.961
26121.535	0.96
26126.95	0.96
26132.361	0.961
26137.797	0.96
26143.26	0.96
26148.51	0.96
26153.927	0.961
26159.405	0.961
26164.809	0.961
26170.196	0.961
26175.745	0.961
26181.208	0.96
26186.668	0.961
26192.272	0.961
26197.559	0.961
26203.05	0.961
26208.321	0.961
26213.702	0.962
26219.28	0.962
26224.668	0.961
26230.129	0.961
26235.386	0.961
26240.836	0.961
26246.183	0.961
26251.614	0.961
26257.106	0.961
26262.452	0.961
26267.768	0.961
26273.051	0.961
26278.427	0.961
26283.906	0.96
26289.357	0.961
26294.826	0.961
26300.327	0.961
26305.772	0.961
26311.225	0.961
26316.743	0.96
26322.203	0.961
26327.642	0.961
26333.021	0.961
26338.522	0.961
26343.918	0.961
26349.471	0.961
26354.956	0.961
26360.374	0.961
26365.841	0.961
26371.38	0.961
26376.832	0.961
26382.482	0.961
26387.855	0.961
26393.35	0.961
26398.667	0.96
26403.996	0.961
26409.456	0.961
26414.9	0.961
26420.538	0.961
26426.019	0.961
26431.47	0.962
26436.975	0.961
26442.524	0.961
26448.061	0.96
26453.548	0.961
26458.904	0.961
26464.303	0.961
26469.856	0.96
26475.439	0.961
26481.013	0.961
26486.393	0.961
26491.959	0.961
26497.433	0.961
26502.928	0.961
26508.42	0.961
26513.839	0.961
26519.274	0.961
26524.653	0.961
26530.06	0.961
26535.483	0.961
26540.943	0.961
26546.445	0.96
26551.808	0.961
26557.309	0.961
26562.668	0.96
26568.224	0.96
26573.82	0.961
26579.414	0.96
26584.881	0.961
26590.34	0.961
26595.923	0.961
26601.357	0.96
26606.736	0.961
26612.127	0.96
26617.494	0.96
26622.91	0.961
26628.327	0.96
26633.754	0.961
26639.217	0.961
26644.517	0.96
26650.032	0.96
26655.361	0.961
26660.802	0.961
26666.241	0.961
26671.515	0.961
26676.897	0.961
26682.416	0.961
26688.01	0.961
26693.47	0.961
26699.012	0.961
26704.477	0.961
26709.958	0.961
26715.428	0.961
26720.903	0.961
26726.361	0.961
26731.873	0.961
26737.342	0.961
26742.875	0.961
26748.299	0.96
26753.819	0.961
26759.256	0.961
26764.683	0.961
26770.309	0.96
26775.747	0.961
26781.165	0.96
26786.65	0.961
26792.044	0.961
26797.626	0.961
26802.985	0.961
26808.617	0.961
26814.006	0.961
26819.447	0.961
26824.978	0.96
26830.442	0.961
26835.72	0.961
26841.127	0.96
26846.651	0.961
26852.15	0.961
26857.56	0.961
26862.983	0.96
26868.434	0.96
26873.802	0.961
26879.284	0.961
26884.765	0.961
26890.207	0.96
26895.636	0.96
26901.092	0.961
26906.427	0.96
26911.942	0.961
26917.432	0.961
26922.796	0.96
26928.081	0.961
26933.622	0.961
26939.116	0.961
26944.675	0.961
26950.008	0.96
26955.421	0.961
26960.935	0.961
26966.422	0.96
26971.794	0.96
26977.336	0.96
26982.751	0.961
26988.086	0.96
26993.594	0.96
26998.965	0.961
27004.465	0.96
27009.93	0.961
27015.412	0.96
27020.745	0.96
27026.236	0.96
27031.593	0.96
27037.154	0.96
27042.659	0.96
27048.213	0.96
27053.522	0.96
27058.965	0.961
27064.461	0.96
27069.995	0.96
27075.43	0.961
27080.972	0.96
27086.522	0.96
27092.033	0.96
27097.51	0.96
27102.85	0.961
27108.274	0.961
27113.645	0.961
27118.987	0.96
27124.442	0.961
27129.892	0.961
27135.308	0.961
27140.733	0.96
27146.121	0.961
27151.628	0.961
27157.109	0.961
27162.403	0.961
27167.734	0.961
27173.25	0.961
27178.596	0.961
27184.082	0.961
27189.611	0.96
27195.022	0.961
27200.452	0.962
27205.917	0.961
27211.217	0.961
27216.547	0.961
27221.979	0.961
27227.494	0.961
27232.973	0.961
27238.294	0.961
27243.894	0.961
27249.255	0.961
27254.549	0.961
27259.884	0.961
27265.372	0.96
27270.834	0.961
27276.313	0.961
27281.745	0.961
27287.375	0.961
27292.745	0.96
27298.213	0.961
27303.665	0.961
27309.079	0.96
27314.447	0.961
27319.949	0.961
27325.544	0.96
27330.909	0.96
27336.375	0.961
27341.869	0.961
27347.404	0.96
27352.871	0.96
27358.283	0.96
27363.749	0.961
27369.325	0.96
27374.719	0.961
27380.128	0.96
27385.665	0.961
27391.142	0.96
27396.574	0.961
27402.18	0.961
27407.682	0.96
27413.211	0.961
27418.696	0.961
27424.012	0.961
27429.428	0.96
27434.7	0.961
27439.954	0.961
27445.385	0.96
27450.881	0.961
27456.238	0.961
27461.698	0.961
27467.154	0.961
27472.627	0.961
27478.143	0.961
27483.519	0.96
27488.981	0.961
27494.506	0.96
27499.925	0.96
27505.335	0.96
27510.622	0.961
27516.089	0.96
27521.55	0.961
27527.043	0.961
27532.446	0.961
27537.958	0.961
27543.346	0.961
27548.775	0.961
27554.358	0.961
27559.848	0.961
27565.322	0.961
27570.783	0.961
27575.998	0.96
27581.525	0.961
27587.144	0.961
27592.548	0.961
27598.323	0.961
27603.901	0.961
27609.243	0.961
27614.636	0.961
27620.083	0.961
27625.518	0.961
27631.08	0.961
27636.561	0.961
27642.136	0.961
27647.582	0.961
27653.12	0.96
27658.435	0.961
27663.768	0.961
27669.185	0.961
27674.647	0.961
27680.085	0.96
27685.576	0.961
27690.843	0.961
27696.265	0.96
27701.694	0.961
27707.046	0.961
27712.643	0.96
27718.225	0.961
27723.782	0.961
27729.306	0.96
27734.754	0.961
27740.256	0.961
27745.734	0.961
27751.174	0.961
27756.52	0.961
27761.784	0.961
27767.216	0.961
27772.61	0.961
27778.196	0.961
27783.629	0.961
27789.078	0.961
27794.464	0.962
27799.94	0.961
27805.477	0.961
27810.923	0.961
27816.374	0.961
27821.791	0.961
27827.102	0.961
27832.604	0.961
27838.157	0.961
27843.585	0.962
27849.102	0.961
27854.643	0.961
27859.972	0.961
27865.352	0.961
27870.851	0.961
27876.367	0.961
27881.78	0.961
27887.073	0.961
27892.386	0.961
27897.794	0.961
27903.166	0.961
27908.681	0.961
27914.119	0.961
27919.393	0.961
27924.713	0.961
27930.146	0.961
27935.616	0.961
27941.05	0.961
27946.507	0.961
27951.809	0.962
27957.314	0.961
27962.602	0.961
27968.057	0.961
27973.433	0.961
27978.882	0.961
27984.302	0.961
27989.729	0.961
27995.129	0.961
28000.524	0.961
28005.932	0.961
28011.503	0.961
28016.78	0.961
28022.108	0.961
28027.582	0.961
28032.95	0.961
28038.475	0.961
28043.997	0.961
28049.389	0.961
28054.859	0.961
28060.274	0.961
28065.727	0.961
28071.239	0.962
28076.715	0.961
28081.954	0.961
28087.359	0.961
28092.801	0.961
28098.254	0.962
28103.664	0.961
28109.178	0.961
28114.657	0.961
28120.198	0.961
28125.737	0.961
28131.097	0.961
28136.545	0.961
28141.938	0.962
28147.379	0.962
28152.831	0.961
28158.268	0.962
28163.783	0.961
28169.296	0.961
28174.856	0.961
28180.378	0.961
28185.82	0.961
28191.343	0.961
28196.918	0.961
28202.467	0.962
28208.043	0.961
28213.483	0.961
28219.002	0.961
28224.406	0.961
28229.843	0.961
28235.193	0.961
28240.718	0.961
28246.15	0.961
28251.495	0.961
28256.978	0.961
28262.441	0.961
28267.77	0.961
28273.105	0.961
28278.583	0.961
28284.119	0.961
28289.426	0.961
28294.983	0.961
28300.407	0.961
28305.855	0.961
28311.224	0.961
28316.474	0.961
28321.794	0.962
28327.314	0.961
28332.844	0.961
28338.161	0.962
28343.473	0.961
28348.867	0.962
28354.34	0.962
28359.681	0.961
28365.055	0.962
28370.488	0.962
28376.029	0.961
28381.401	0.962
28386.861	0.962
28392.224	0.961
28397.529	0.962
28403.077	0.962
28408.497	0.961
28413.804	0.962
28419.229	0.962
28424.584	0.961
28429.991	0.961
28435.484	0.961
28440.955	0.961
28446.457	0.961
28451.935	0.962
28457.268	0.962
28462.691	0.961
28468.13	0.961
28473.551	0.961
28479.048	0.961
28484.414	0.961
28489.882	0.961
28495.341	0.962
28500.729	0.961
28506.23	0.961
28511.69	0.961
28517.083	0.961
28522.514	0.961
28527.975	0.961
28533.394	0.961
28538.813	0.961
28544.213	0.961
28549.49	0.961
28554.727	0.961
28560.185	0.961
28565.901	0.961
28571.402	0.961
28576.783	0.961
28582.258	0.961
28587.699	0.961
28593.148	0.961
28598.504	0.961
28603.922	0.961
28609.403	0.961
28614.88	0.961
28620.148	0.961
28625.521	0.961
28630.946	0.961
28636.334	0.962
28641.902	0.962
28647.239	0.961
28652.716	0.961
28658.203	0.961
28663.601	0.962
28668.979	0.961
28674.326	0.961
28679.821	0.961
28685.367	0.961
28690.989	0.96
28696.503	0.961
28701.93	0.96
28707.382	0.961
28712.804	0.96
28718.096	0.96
28723.353	0.96
28728.848	0.961
28734.311	0.961
28739.79	0.96
28745.161	0.961
28750.625	0.961
28756.16	0.96
28761.559	0.961
28766.926	0.961
28772.298	0.961
28777.896	0.961
28783.403	0.96
28788.905	0.96
28794.311	0.96
28799.686	0.961
28805.087	0.961
28810.635	0.961
28816.043	0.961
28821.616	0.961
28827.091	0.961
28832.427	0.961
28837.895	0.961
28843.444	0.961
28848.822	0.961
28854.351	0.961
28859.829	0.961
28865.23	0.961
28870.777	0.961
28876.243	0.961
28881.743	0.961
28887.18	0.961
28892.593	0.961
28898.004	0.961
28903.538	0.961
28909.082	0.96
28914.664	0.96
28920.162	0.961
28925.616	0.961
28931.135	0.961
28936.538	0.961
28942.005	0.961
28947.491	0.961
28952.918	0.961
28958.24	0.961
28963.65	0.961
28969.133	0.961
28974.432	0.961
28979.881	0.96
28985.262	0.961
28990.691	0.96
28996.134	0.962
29001.502	0.961
29007.076	0.961
29012.477	0.961
29017.86	0.961
29023.376	0.961
29028.846	0.961
29034.265	0.96
29039.536	0.961
29044.956	0.961
29050.244	0.961
29055.746	0.961
29061.11	0.961
29066.41	0.961
29071.87	0.96
29077.41	0.961
29082.888	0.961
29088.337	0.961
29093.687	0.961
29099.188	0.961
29104.775	0.962
29110.151	0.961
29115.664	0.961
29121.098	0.961
29126.621	0.961
29132.167	0.961
29137.777	0.961
29143.318	0.961
29148.689	0.961
29154.126	0.961
29159.504	0.961
29164.996	0.961
29170.344	0.961
29175.752	0.961
29181.108	0.961
29186.587	0.961
29192.158	0.961
29197.637	0.962
29203.113	0.961
29208.537	0.961
29213.952	0.961
29219.368	0.961
29224.751	0.96
29230.227	0.961
29235.693	0.961
29241.032	0.961
29246.567	0.961
29252.103	0.961
29257.453	0.961
29263.05	0.961
29268.476	0.961
29273.849	0.961
29279.314	0.961
29284.895	0.961
29290.286	0.961
29295.782	0.961
29301.306	0.961
29306.783	0.961
29312.252	0.961
29317.465	0.961
29322.851	0.961
29328.218	0.961
29333.748	0.961
29339.06	0.961
29344.368	0.961
29349.908	0.961
29355.307	0.961
29360.659	0.961
29366.149	0.961
29371.593	0.961
29376.929	0.961
29382.391	0.961
29387.869	0.961
29393.22	0.961
29398.846	0.961
29404.237	0.961
29409.662	0.961
29415.038	0.961
29420.536	0.961
29425.882	0.961
29431.201	0.961
29436.574	0.961
29442.024	0.961
29447.317	0.961
29452.793	0.961
29458.133	0.961
29463.681	0.961
29469.093	0.961
29474.404	0.961
29479.766	0.961
29485.135	0.961
29490.589	0.962
29495.939	0.961
29501.332	0.961
29506.779	0.961
29512.179	0.961
29517.726	0.961
29523.011	0.961
29528.449	0.961
29533.861	0.961
29539.37	0.961
29544.852	0.961
29550.134	0.961
29555.337	0.961
29560.937	0.961
29566.301	0.961
29571.747	0.961
29577.232	0.962
29582.607	0.961
29588.045	0.961
29593.503	0.961
29598.929	0.962
29604.409	0.962
29609.874	0.961
29615.342	0.961
29620.768	0.961
29626.18	0.961
29631.662	0.962
29637.059	0.962
29642.437	0.962
29647.856	0.962
29653.424	0.962
29658.866	0.961
29664.109	0.962
29669.572	0.961
29674.911	0.962
29680.337	0.961
29685.762	0.961
29691.128	0.962
29696.431	0.961
29701.785	0.962
29707.307	0.962
29712.854	0.962
29718.31	0.961
29723.607	0.961
29729.141	0.961
29734.676	0.961
29739.97	0.961
29745.357	0.961
29750.91	0.962
29756.462	0.961
29762.035	0.961
29767.332	0.962
29772.679	0.961
29778.027	0.961
29783.288	0.961
29788.891	0.962
29794.275	0.962
29799.665	0.961
29805.099	0.961
29810.378	0.961
29815.699	0.961
29821.15	0.961
29826.514	0.961
29832.054	0.962
29837.5	0.961
29842.89	0.961
29848.316	0.961
29853.81	0.961
29859.246	0.961
29864.815	0.961
29870.296	0.961
29875.759	0.962
29881.225	0.962
29886.771	0.961
29892.083	0.961
29897.506	0.961
29902.967	0.962
29908.357	0.961
29913.73	0.961
29919.119	0.961
29924.461	0.961
29929.982	0.962
29935.529	0.961
29941.002	0.961
29946.608	0.961
29952.02	0.96
29957.302	0.961
29962.807	0.961
29968.429	0.961
29973.881	0.96
29979.396	0.961
29984.786	0.961
29990.331	0.961
29995.759	0.961
30001.214	0.961
30006.579	0.961
30012.0	0.961
30017.49	0.961
30022.901	0.961
30028.338	0.961
30033.708	0.961
30039.142	0.961
30044.613	0.961
30049.941	0.961
30055.421	0.961
30060.952	0.961
30066.525	0.96
30071.979	0.961
30077.431	0.96
30082.813	0.961
30088.207	0.961
30093.764	0.961
30099.22	0.961
30104.798	0.96
30110.321	0.961
30115.846	0.961
30121.233	0.961
30126.901	0.961
30132.574	0.961
30138.023	0.961
30143.404	0.961
30148.783	0.961
30154.099	0.961
30159.584	0.961
30164.992	0.961
30170.288	0.961
30175.746	0.961
30181.253	0.961
30186.823	0.961
30192.301	0.961
30197.733	0.961
30202.981	0.961
30208.413	0.961
30214.104	0.961
30219.432	0.962
30224.911	0.961
30230.15	0.961
30235.607	0.962
30241.149	0.961
30246.754	0.962
30252.247	0.961
30257.598	0.962
30263.009	0.962
30268.512	0.962
30274.038	0.962
30279.495	0.962
30284.896	0.961
30290.376	0.962
30295.762	0.961
30301.218	0.961
30306.597	0.961
30311.913	0.961
30317.284	0.961
30322.643	0.961
30328.037	0.962
30333.395	0.961
30338.992	0.961
30344.646	0.961
30350.153	0.961
30355.599	0.961
30360.935	0.961
30366.306	0.961
30371.73	0.961
30377.113	0.961
30382.548	0.961
30388.104	0.961
30393.547	0.961
30399.162	0.961
30404.582	0.961
30410.065	0.961
30415.54	0.961
30420.987	0.961
30426.512	0.961
30432.073	0.961
30437.635	0.961
30443.166	0.961
30448.775	0.961
30454.282	0.961
30459.727	0.96
30465.124	0.961
30470.592	0.961
30475.939	0.961
30481.425	0.961
30486.784	0.961
30492.348	0.962
30497.73	0.961
30503.24	0.962
30508.668	0.961
30514.007	0.961
30519.469	0.961
30524.958	0.961
30530.283	0.961
30535.732	0.961
30541.125	0.961
30546.621	0.961
30552.074	0.962
30557.446	0.961
30562.877	0.961
30568.344	0.961
30573.905	0.961
30579.345	0.962
30584.881	0.961
30590.244	0.961
30595.638	0.962
30601.114	0.961
30606.514	0.961
30611.867	0.961
30617.29	0.962
30622.881	0.961
30628.248	0.962
30633.727	0.961
30639.288	0.961
30644.718	0.961
30650.147	0.961
30655.655	0.961
30661.101	0.961
30666.463	0.961
30671.99	0.961
30677.293	0.961
30682.694	0.961
30687.996	0.962
30693.464	0.961
30698.93	0.961
30704.37	0.961
30709.728	0.961
30715.233	0.961
30720.839	0.961
30726.174	0.961
30731.565	0.961
30736.902	0.961
30742.474	0.961
30747.903	0.961
30753.344	0.961
30758.852	0.961
30764.328	0.961
30769.827	0.962
30775.341	0.962
30780.794	0.962
30786.39	0.961
30791.666	0.961
30797.099	0.962
30802.517	0.961
30807.982	0.961
30813.437	0.961
30818.925	0.961
30824.362	0.961
30829.888	0.961
30835.325	0.961
30840.801	0.961
30846.296	0.961
30851.908	0.961
30857.307	0.961
30862.778	0.961
30868.253	0.961
30873.695	0.961
30879.136	0.961
30884.657	0.961
30890.125	0.961
30895.501	0.961
30900.993	0.962
30906.33	0.961
30911.914	0.961
30917.371	0.961
30922.698	0.961
30928.199	0.961
30933.651	0.961
30939.031	0.961
30944.559	0.962
30949.898	0.961
30955.322	0.962
30960.805	0.961
30966.158	0.961
30971.625	0.962
30977.05	0.961
30982.585	0.961
30988.147	0.961
30993.629	0.961
30999.134	0.961
31004.557	0.961
31010.106	0.961
31015.567	0.961
31021.014	0.961
31026.403	0.961
31031.886	0.961
31037.371	0.961
31042.776	0.961
31048.401	0.961
31053.735	0.961
31059.249	0.961
31064.646	0.961
31070.035	0.961
31075.427	0.961
31080.821	0.961
31086.306	0.961
31091.718	0.961
31097.055	0.961
31102.46	0.961
31107.908	0.962
31113.143	0.961
31118.661	0.961
31124.085	0.961
31129.455	0.962
31135.063	0.962
31140.456	0.962
31145.818	0.962
31151.294	0.961
31156.743	0.962
31162.192	0.961
31167.685	0.961
31173.053	0.962
31178.535	0.962
31184.069	0.961
31189.376	0.961
31194.802	0.961
31200.372	0.962
31205.817	0.961
31211.185	0.962
31216.493	0.962
31221.856	0.962
31227.354	0.962
31232.945	0.961
31238.404	0.962
31243.954	0.962
31249.415	0.962
31254.812	0.962
31260.202	0.962
31265.808	0.962
31271.28	0.962
31276.63	0.962
31282.061	0.961
31287.58	0.962
31292.889	0.962
31298.345	0.962
31303.816	0.962
31309.315	0.962
31314.756	0.962
31320.105	0.962
31325.607	0.962
31331.077	0.961
31336.494	0.962
31341.983	0.962
31347.297	0.961
31352.798	0.962
31358.259	0.961
31363.755	0.962
31369.176	0.961
31374.679	0.961
31380.058	0.962
31385.525	0.962
31390.943	0.961
31396.475	0.962
31402.018	0.961
31407.223	0.962
31412.605	0.961
31417.973	0.961
31423.49	0.962
31428.92	0.962
31434.362	0.961
31439.94	0.962
31445.587	0.962
31451.18	0.961
31456.485	0.961
31462.005	0.961
31467.464	0.961
31472.988	0.961
31478.206	0.962
31483.639	0.961
31489.084	0.961
31494.535	0.961
31500.039	0.961
31505.308	0.961
31510.805	0.961
31516.34	0.961
31521.905	0.961
31527.333	0.961
31532.79	0.961
31538.104	0.962
31543.549	0.961
31548.981	0.962
31554.332	0.961
31559.678	0.961
31565.039	0.961
31570.569	0.961
31576.12	0.961
31581.605	0.961
31586.996	0.962
31592.335	0.961
31597.919	0.962
31603.326	0.962
31608.669	0.962
31614.018	0.962
31619.412	0.961
31625.016	0.961
31630.546	0.961
31635.99	0.961
31641.406	0.961
31646.774	0.961
31652.315	0.961
31657.861	0.961
31663.253	0.961
31668.613	0.961
31674.167	0.961
31679.46	0.961
31684.895	0.961
31690.468	0.961
31695.977	0.961
31701.261	0.961
31706.783	0.961
31712.156	0.961
31717.513	0.961
31722.999	0.961
31728.313	0.961
31733.794	0.961
31739.259	0.961
31744.755	0.961
31750.166	0.961
31755.638	0.961
31761.081	0.961
31766.454	0.961
31771.749	0.961
31777.09	0.962
31782.706	0.961
31788.167	0.961
31793.563	0.962
31798.963	0.961
31804.405	0.962
31809.763	0.962
31815.161	0.962
31820.6	0.962
31825.896	0.961
31831.281	0.961
31836.663	0.961
31842.114	0.962
31847.514	0.962
31853.004	0.962
31858.345	0.961
31863.821	0.962
31869.328	0.962
31874.713	0.961
31880.248	0.961
31885.477	0.962
31890.773	0.962
31896.312	0.961
31901.647	0.962
31907.084	0.962
31912.52	0.962
31917.823	0.962
31923.251	0.962
31928.576	0.961
31933.921	0.962
31939.158	0.962
31944.645	0.962
31950.157	0.961
31955.827	0.961
31961.229	0.962
31966.723	0.961
31972.148	0.962
31977.368	0.961
31982.63	0.961
31987.968	0.962
31993.336	0.961
31998.706	0.962
32004.113	0.962
32009.693	0.962
32015.2	0.962
32020.646	0.961
32026.123	0.962
32031.695	0.961
32037.127	0.961
32042.59	0.961
32048.12	0.962
32053.686	0.962
32059.119	0.961
32064.425	0.961
32069.85	0.961
32075.375	0.962
32080.758	0.962
32086.185	0.962
32091.597	0.962
32097.173	0.962
32102.661	0.961
32108.044	0.961
32113.474	0.961
32118.861	0.961
32124.268	0.961
32129.942	0.961
32135.448	0.962
32140.826	0.961
32146.336	0.961
32151.568	0.962
32157.097	0.962
32162.516	0.961
32167.914	0.961
32173.434	0.961
32178.728	0.962
32184.186	0.962
32189.658	0.962
32195.178	0.962
32200.656	0.961
32206.127	0.961
32211.558	0.961
32217.068	0.961
32222.539	0.961
32227.976	0.961
32233.434	0.961
32238.865	0.961
32244.227	0.962
32249.749	0.961
32255.155	0.961
32260.675	0.961
32266.153	0.961
32271.576	0.961
32276.93	0.961
32282.389	0.961
32287.616	0.961
32293.051	0.961
32298.546	0.961
32304.068	0.961
32309.485	0.961
32314.854	0.961
32320.332	0.961
32325.495	0.961
32330.911	0.962
32336.248	0.961
32341.676	0.961
32346.94	0.961
32352.351	0.962
32357.738	0.962
32363.226	0.962
32368.756	0.962
32374.101	0.961
32379.66	0.962
32385.071	0.962
32390.565	0.961
32396.027	0.962
32401.545	0.962
32407.022	0.962
32412.508	0.961
32417.951	0.961
32423.37	0.962
32428.736	0.961
32434.155	0.962
32439.554	0.961
32444.881	0.962
32450.229	0.962
32455.649	0.961
32461.053	0.961
32466.337	0.961
32471.784	0.961
32477.141	0.961
32482.436	0.961
32487.813	0.962
32493.297	0.961
32498.753	0.961
32504.241	0.961
32509.683	0.961
32515.097	0.961
32520.365	0.961
32525.848	0.961
32531.295	0.961
32536.792	0.961
32542.126	0.961
32547.574	0.962
32552.933	0.962
32558.309	0.962
32563.684	0.962
32569.094	0.961
32574.476	0.961
32579.938	0.962
32585.311	0.962
32590.7	0.962
32596.251	0.962
32601.672	0.962
32607.17	0.962
32612.533	0.962
