7.31	0.133
12.87	0.333
18.413	0.448
23.923	0.535
29.271	0.614
34.629	0.662
40.028	0.701
45.597	0.724
51.13	0.748
56.46	0.755
61.812	0.773
67.383	0.781
72.851	0.794
78.383	0.801
83.962	0.809
89.494	0.814
94.983	0.819
100.372	0.822
105.857	0.826
111.275	0.828
116.642	0.832
122.117	0.834
127.566	0.836
133.014	0.837
138.515	0.839
143.952	0.843
149.325	0.843
154.865	0.846
160.166	0.847
165.664	0.85
171.301	0.851
176.939	0.852
182.377	0.853
187.802	0.856
193.363	0.856
198.845	0.856
204.473	0.858
210.011	0.858
215.534	0.86
220.982	0.861
226.464	0.862
231.837	0.862
237.348	0.863
242.682	0.863
247.983	0.863
253.422	0.864
258.864	0.864
264.234	0.865
269.612	0.867
274.934	0.867
280.291	0.867
285.696	0.869
291.022	0.868
296.513	0.87
301.969	0.87
307.274	0.871
312.642	0.872
317.958	0.872
323.297	0.873
328.921	0.874
334.35	0.876
339.84	0.876
345.283	0.875
350.613	0.877
356.069	0.877
361.573	0.878
366.906	0.878
372.229	0.878
377.622	0.879
383.068	0.88
388.525	0.881
393.839	0.88
399.244	0.882
404.622	0.881
410.006	0.882
415.32	0.882
420.673	0.884
426.162	0.882
431.61	0.883
436.912	0.883
442.236	0.884
447.604	0.883
453.023	0.884
458.459	0.885
463.713	0.886
469.353	0.886
474.804	0.887
480.379	0.888
485.888	0.887
491.205	0.888
496.573	0.889
502.077	0.888
507.488	0.889
512.853	0.889
518.24	0.89
523.615	0.888
529.001	0.89
534.477	0.89
539.762	0.89
545.078	0.889
550.436	0.888
555.808	0.887
561.18	0.89
566.649	0.884
572.118	0.886
577.512	0.888
582.969	0.889
588.294	0.889
593.703	0.889
599.059	0.89
604.425	0.889
609.9	0.891
615.328	0.891
620.737	0.891
626.286	0.891
631.808	0.892
637.328	0.891
642.736	0.893
648.232	0.893
653.624	0.893
658.904	0.895
664.438	0.895
669.808	0.897
675.078	0.896
680.436	0.896
685.93	0.897
691.148	0.898
696.492	0.896
701.981	0.897
707.329	0.897
712.713	0.897
718.118	0.899
723.662	0.898
729.06	0.901
734.478	0.9
739.889	0.9
745.376	0.902
750.77	0.901
756.166	0.9
761.692	0.899
767.145	0.899
772.596	0.899
778.047	0.901
783.517	0.902
788.899	0.902
794.431	0.902
799.863	0.903
805.363	0.901
810.813	0.902
816.146	0.903
821.572	0.904
827.151	0.903
832.596	0.904
838.122	0.903
843.329	0.904
848.751	0.903
854.156	0.902
859.57	0.903
865.009	0.904
870.494	0.903
875.894	0.905
881.488	0.904
886.952	0.904
892.354	0.904
897.803	0.905
903.197	0.903
908.48	0.902
913.911	0.903
919.383	0.901
924.853	0.904
930.332	0.903
935.797	0.903
941.17	0.904
946.594	0.903
952.135	0.904
957.411	0.9
962.695	0.902
968.112	0.901
973.363	0.901
978.804	0.901
984.308	0.902
989.82	0.902
995.173	0.904
1000.573	0.905
1006.013	0.904
1011.483	0.904
1016.972	0.903
1022.272	0.904
1027.808	0.905
1033.381	0.905
1038.736	0.906
1044.066	0.906
1049.638	0.905
1055.079	0.906
1060.398	0.905
1065.9	0.905
1071.376	0.906
1076.744	0.905
1082.038	0.907
1087.484	0.906
1093.031	0.907
1098.507	0.908
1103.821	0.908
1109.303	0.907
1114.771	0.905
1120.138	0.908
1125.676	0.906
1131.113	0.907
1136.553	0.906
1142.013	0.906
1147.576	0.906
1152.798	0.907
1158.239	0.905
1163.53	0.905
1168.884	0.907
1174.257	0.905
1179.63	0.908
1185.049	0.907
1190.556	0.907
1195.931	0.907
1201.377	0.906
1206.812	0.907
1212.37	0.907
1217.834	0.908
1223.317	0.908
1228.761	0.907
1234.2	0.909
1239.599	0.907
1245.165	0.908
1250.498	0.909
1255.804	0.908
1261.167	0.908
1266.561	0.908
1272.074	0.909
1277.565	0.908
1282.981	0.908
1288.313	0.907
1293.599	0.908
1298.933	0.908
1304.306	0.909
1309.778	0.909
1315.201	0.909
1320.547	0.909
1325.88	0.909
1331.357	0.908
1336.821	0.91
1342.384	0.91
1347.824	0.911
1353.423	0.91
1359.01	0.911
1364.441	0.91
1369.706	0.91
1375.108	0.911
1380.606	0.911
1386.106	0.911
1391.487	0.911
1396.941	0.911
1402.358	0.91
1407.861	0.908
1413.419	0.91
1418.772	0.91
1424.187	0.91
1429.539	0.911
1434.895	0.911
1440.465	0.912
1445.849	0.911
1451.364	0.911
1456.694	0.91
1462.189	0.911
1467.689	0.912
1473.176	0.911
1478.516	0.911
1483.802	0.912
1489.224	0.912
1494.553	0.911
1499.901	0.91
1505.32	0.911
1510.771	0.909
1516.294	0.91
1521.851	0.911
1527.273	0.911
1532.813	0.91
1538.215	0.91
1543.547	0.909
1549.048	0.91
1554.503	0.91
1560.034	0.911
1565.44	0.91
1570.925	0.911
1576.475	0.911
1581.984	0.911
1587.547	0.91
1592.853	0.91
1598.315	0.91
1603.789	0.911
1609.146	0.912
1614.514	0.911
1619.997	0.912
1625.407	0.912
1630.827	0.911
1636.178	0.911
1641.679	0.911
1646.997	0.909
1652.289	0.909
1657.618	0.909
1662.965	0.909
1668.37	0.909
1673.794	0.91
1679.256	0.91
1684.699	0.91
1690.161	0.912
1695.632	0.912
1701.004	0.912
1706.342	0.912
1711.724	0.912
1717.127	0.913
1722.513	0.912
1728.025	0.913
1733.356	0.913
1738.829	0.913
1744.273	0.912
1749.612	0.913
1755.226	0.913
1760.683	0.915
1766.163	0.915
1771.625	0.916
1776.999	0.914
1782.465	0.913
1787.953	0.915
1793.353	0.912
1798.767	0.914
1804.238	0.912
1809.566	0.913
1815.093	0.914
1820.549	0.915
1826.111	0.915
1831.735	0.915
1837.079	0.917
1842.748	0.914
1848.067	0.915
1853.444	0.915
1858.889	0.914
1864.267	0.914
1869.671	0.914
1875.128	0.914
1880.629	0.912
1886.008	0.913
1891.456	0.914
1896.833	0.911
1902.335	0.912
1907.714	0.912
1913.155	0.913
1918.467	0.913
1923.9	0.914
1929.361	0.913
1934.88	0.915
1940.333	0.915
1945.725	0.914
1950.987	0.914
1956.252	0.915
1961.539	0.914
1966.952	0.915
1972.468	0.915
1977.984	0.916
1983.3	0.915
1988.832	0.914
1994.287	0.915
1999.71	0.915
2005.151	0.916
2010.597	0.917
2016.123	0.915
2021.662	0.916
2027.115	0.916
2032.544	0.917
2037.991	0.917
2043.37	0.916
2048.815	0.916
2054.235	0.918
2059.544	0.916
2065.062	0.917
2070.618	0.917
2076.079	0.916
2081.373	0.917
2086.792	0.917
2092.32	0.916
2097.673	0.916
2103.045	0.917
2108.322	0.917
2113.745	0.918
2118.995	0.918
2124.39	0.919
2130.011	0.918
2135.403	0.918
2140.898	0.919
2146.508	0.917
2152.032	0.918
2157.285	0.917
2162.702	0.918
2168.102	0.919
2173.563	0.919
2178.935	0.919
2184.401	0.918
2189.947	0.919
2195.273	0.918
2200.673	0.919
2206.145	0.917
2211.528	0.917
2216.898	0.917
2222.307	0.917
2227.663	0.917
2232.892	0.918
2238.347	0.918
2243.834	0.918
2249.361	0.918
2254.845	0.918
2260.384	0.919
2265.717	0.918
2271.131	0.919
2276.651	0.918
2282.069	0.919
2287.468	0.919
2292.985	0.919
2298.464	0.918
2303.676	0.919
2308.931	0.92
2314.321	0.919
2319.77	0.919
2325.226	0.919
2330.601	0.919
2336.04	0.919
2341.557	0.918
2347.027	0.918
2352.587	0.917
2358.172	0.919
2363.653	0.918
2368.914	0.919
2374.4	0.918
2379.843	0.919
2385.333	0.918
2390.827	0.918
2396.274	0.919
2401.679	0.92
2407.022	0.919
2412.523	0.918
2417.936	0.917
2423.327	0.919
2428.768	0.918
2434.155	0.918
2439.648	0.919
2444.993	0.919
2450.492	0.919
2455.948	0.919
2461.488	0.918
2467.002	0.918
2472.389	0.918
2477.791	0.918
2483.171	0.919
2488.679	0.919
2494.111	0.918
2499.618	0.919
2504.967	0.918
2510.327	0.918
2515.953	0.917
2521.413	0.919
2526.684	0.919
2532.121	0.918
2537.664	0.919
2543.107	0.92
2548.538	0.918
2553.952	0.918
2559.461	0.919
2564.745	0.919
2570.083	0.918
2575.488	0.919
2580.972	0.919
2586.381	0.92
2591.873	0.919
2597.43	0.921
2602.862	0.92
2608.221	0.919
2613.573	0.92
2618.998	0.919
2624.416	0.92
2629.746	0.919
2635.203	0.921
2640.512	0.92
2645.817	0.919
2651.272	0.919
2656.885	0.919
2662.269	0.918
2667.874	0.918
2673.291	0.917
2678.668	0.919
2684.166	0.918
2689.583	0.919
2695.088	0.918
2700.521	0.919
2705.987	0.919
2711.322	0.918
2716.771	0.919
2722.25	0.919
2727.586	0.918
2732.962	0.919
2738.297	0.919
2743.656	0.919
2749.101	0.921
2754.516	0.92
2759.944	0.92
2765.366	0.918
2770.694	0.919
2776.158	0.919
2781.553	0.918
2786.988	0.919
2792.334	0.918
2797.727	0.918
2803.278	0.918
2808.7	0.919
2814.071	0.92
2819.59	0.919
2824.965	0.918
2830.226	0.919
2835.699	0.919
2841.247	0.919
2846.706	0.919
2852.147	0.92
2857.708	0.919
2863.12	0.919
2868.495	0.919
2873.953	0.92
2879.5	0.92
2884.929	0.92
2890.269	0.921
2895.526	0.921
2900.955	0.921
2906.272	0.921
2911.696	0.92
2917.048	0.92
2922.496	0.92
2928.074	0.92
2933.634	0.921
2938.999	0.92
2944.414	0.92
2949.841	0.92
2955.167	0.919
2960.752	0.92
2966.108	0.919
2971.44	0.92
2976.879	0.92
2982.247	0.919
2987.635	0.919
2993.227	0.919
2998.477	0.92
3003.721	0.919
3009.061	0.921
3014.356	0.92
3019.628	0.92
3025.183	0.921
3030.569	0.92
3035.946	0.92
3041.258	0.919
3046.731	0.919
3052.151	0.92
3057.654	0.921
3063.046	0.922
3068.385	0.921
3073.895	0.919
3079.348	0.92
3084.734	0.92
3090.177	0.921
3095.548	0.921
3100.983	0.921
3106.53	0.92
3111.937	0.92
3117.329	0.921
3122.712	0.92
3128.099	0.92
3133.558	0.921
3139.158	0.921
3144.679	0.922
3149.944	0.921
3155.418	0.922
3160.731	0.921
3166.135	0.92
3171.48	0.919
3176.829	0.921
3182.178	0.921
3187.533	0.922
3193.091	0.921
3198.44	0.922
3203.824	0.921
3209.352	0.921
3214.827	0.921
3220.182	0.921
3225.583	0.919
3230.941	0.92
3236.404	0.922
3241.76	0.921
3247.319	0.921
3252.913	0.921
3258.265	0.921
3263.648	0.92
3269.141	0.92
3274.657	0.921
3279.979	0.921
3285.321	0.92
3290.826	0.919
3296.314	0.92
3301.769	0.92
3307.151	0.921
3312.561	0.921
3317.8	0.92
3323.202	0.92
3328.686	0.92
3334.058	0.921
3339.425	0.919
3344.739	0.92
3350.207	0.92
3355.488	0.92
3360.703	0.921
3366.108	0.92
3371.608	0.922
3377.03	0.922
3382.403	0.922
3388.072	0.923
3393.412	0.922
3398.858	0.922
3404.229	0.922
3409.758	0.922
3415.182	0.922
3420.431	0.922
3425.915	0.922
3431.372	0.922
3436.763	0.922
3442.213	0.92
3447.77	0.922
3453.074	0.92
3458.596	0.922
3464.077	0.92
3469.55	0.92
3475.029	0.921
3480.427	0.921
3485.807	0.922
3491.365	0.921
3496.631	0.921
3502.019	0.921
3507.425	0.921
3512.733	0.921
3518.125	0.922
3523.499	0.923
3528.791	0.922
3534.189	0.923
3539.469	0.923
3544.969	0.922
3550.286	0.923
3555.797	0.922
3561.15	0.923
3566.386	0.922
3571.882	0.922
3577.195	0.922
3582.867	0.921
3588.262	0.922
3593.752	0.922
3599.213	0.922
3604.794	0.92
3610.342	0.921
3615.763	0.921
3620.97	0.921
3626.478	0.921
3631.907	0.922
3637.26	0.922
3642.818	0.92
3648.166	0.92
3653.556	0.921
3658.975	0.921
3664.39	0.919
3669.77	0.921
3675.237	0.921
3680.769	0.921
3686.257	0.922
3691.758	0.922
3697.242	0.922
3702.439	0.922
3707.841	0.922
3713.23	0.922
3718.63	0.922
3724.092	0.923
3729.442	0.922
3734.886	0.922
3740.315	0.923
3745.771	0.922
3751.32	0.922
3756.826	0.922
3762.278	0.922
3767.776	0.922
3773.233	0.923
3778.972	0.923
3784.289	0.923
3789.879	0.923
3795.313	0.922
3800.716	0.923
3806.113	0.922
3811.451	0.921
3816.967	0.922
3822.353	0.922
3827.66	0.922
3833.204	0.922
3838.762	0.922
3844.157	0.921
3849.579	0.922
3855.02	0.923
3860.485	0.922
3866.007	0.924
3871.476	0.924
3877.033	0.924
3882.471	0.924
3887.807	0.923
3893.171	0.924
3898.648	0.923
3904.08	0.923
3909.439	0.923
3914.796	0.925
3920.228	0.924
3925.537	0.923
3930.985	0.924
3936.521	0.924
3942.062	0.925
3947.435	0.925
3952.822	0.925
3958.079	0.924
3963.53	0.924
3968.966	0.925
3974.468	0.925
3979.964	0.925
3985.34	0.924
3990.886	0.925
3996.305	0.924
4001.699	0.923
4007.086	0.923
4012.574	0.923
4018.073	0.924
4023.415	0.923
4028.948	0.922
4034.316	0.921
4039.836	0.922
4045.352	0.922
4050.627	0.922
4056.088	0.921
4061.527	0.922
4066.794	0.921
4072.236	0.923
4077.7	0.922
4083.16	0.923
4088.386	0.923
4093.899	0.923
4099.226	0.924
4104.583	0.922
4109.986	0.922
4115.448	0.921
4121.03	0.922
4126.249	0.923
4131.659	0.923
4137.128	0.923
4142.706	0.922
4147.975	0.923
4153.513	0.923
4158.861	0.922
4164.166	0.923
4169.611	0.923
4175.153	0.922
4180.704	0.922
4186.173	0.922
4191.734	0.924
4197.174	0.923
4202.519	0.923
4208.034	0.923
4213.349	0.924
4218.751	0.924
4224.035	0.923
4229.526	0.923
4235.005	0.923
4240.494	0.923
4245.842	0.923
4251.306	0.924
4256.694	0.923
4262.071	0.922
4267.456	0.924
4272.774	0.922
4278.111	0.923
4283.515	0.923
4289.021	0.923
4294.434	0.923
4299.863	0.923
4305.362	0.923
4310.78	0.924
4315.992	0.923
4321.561	0.924
4326.966	0.924
4332.367	0.924
4337.924	0.924
4343.27	0.923
4348.588	0.925
4353.971	0.925
4359.362	0.925
4364.735	0.924
4370.283	0.924
4375.821	0.925
4381.064	0.923
4386.515	0.923
4391.849	0.925
4397.185	0.924
4402.68	0.924
4408.076	0.925
4413.493	0.924
4418.85	0.925
4424.228	0.925
4429.582	0.925
4435.096	0.924
4440.549	0.925
4445.976	0.924
4451.288	0.924
4456.661	0.925
4461.928	0.925
4467.307	0.925
4472.816	0.925
4478.194	0.925
4483.598	0.926
4489.036	0.924
4494.468	0.925
4499.866	0.924
4505.219	0.925
4510.746	0.924
4516.03	0.926
4521.421	0.925
4526.733	0.925
4532.218	0.925
4537.726	0.925
4543.196	0.924
4548.578	0.924
4554.008	0.924
4559.527	0.925
4564.898	0.925
4570.327	0.925
4575.734	0.925
4581.142	0.924
4586.579	0.924
4591.943	0.925
4597.314	0.925
4602.959	0.925
4608.409	0.925
4613.947	0.925
4619.374	0.925
4624.901	0.924
4630.361	0.925
4635.827	0.924
4641.155	0.924
4646.495	0.924
4651.879	0.925
4657.368	0.924
4662.586	0.925
4668.156	0.924
4673.448	0.924
4678.9	0.925
4684.366	0.925
4689.564	0.925
4694.99	0.925
4700.248	0.925
4705.653	0.925
4711.065	0.924
4716.478	0.925
4721.879	0.924
4727.354	0.924
4732.81	0.925
4738.396	0.924
4743.753	0.925
4749.287	0.925
4754.72	0.924
4760.124	0.925
4765.501	0.925
4770.896	0.925
4776.203	0.925
4781.542	0.925
4786.923	0.925
4792.325	0.925
4797.801	0.925
4803.188	0.925
4808.629	0.926
4814.123	0.925
4819.504	0.926
4824.873	0.925
4830.371	0.925
4835.67	0.925
4841.057	0.924
4846.43	0.924
4851.881	0.925
4857.275	0.925
4862.581	0.925
4867.894	0.925
4873.336	0.926
4878.991	0.925
4884.384	0.924
4889.679	0.925
4895.198	0.925
4900.653	0.925
4906.156	0.924
4911.576	0.923
4917.043	0.924
4922.377	0.924
4927.785	0.924
4933.21	0.925
4938.694	0.925
4944.142	0.924
4949.496	0.924
4954.943	0.924
4960.307	0.925
4965.633	0.924
4971.222	0.925
4976.606	0.924
4982.151	0.924
4987.664	0.924
4992.941	0.924
4998.37	0.925
5003.805	0.925
5009.155	0.925
5014.627	0.925
5019.896	0.925
5025.254	0.925
5030.735	0.925
5036.126	0.925
5041.525	0.925
5046.966	0.925
5052.348	0.924
5057.816	0.924
5063.304	0.925
5068.644	0.926
5073.916	0.925
5079.283	0.926
5084.734	0.925
5090.106	0.925
5095.643	0.925
5100.941	0.926
5106.258	0.925
5111.716	0.924
5117.152	0.925
5122.683	0.925
5128.009	0.925
5133.299	0.925
5138.833	0.925
5144.162	0.926
5149.617	0.926
5155.015	0.926
5160.425	0.926
5165.833	0.926
5171.527	0.926
5176.929	0.924
5182.273	0.925
5187.641	0.926
5193.048	0.926
5198.461	0.926
5203.903	0.927
5209.353	0.926
5214.796	0.927
5220.148	0.926
5225.693	0.925
5231.143	0.925
5236.718	0.925
5242.102	0.926
5247.384	0.927
5252.791	0.926
5258.144	0.926
5263.557	0.927
5268.912	0.925
5274.431	0.926
5279.703	0.926
5285.179	0.925
5290.476	0.925
5296.07	0.924
5301.337	0.925
5306.698	0.925
5312.222	0.924
5317.757	0.924
5323.375	0.924
5328.862	0.925
5334.324	0.925
5339.59	0.925
5345.035	0.925
5350.358	0.926
5355.679	0.925
5361.02	0.926
5366.459	0.926
5372.001	0.925
5377.49	0.925
5382.8	0.925
5388.285	0.925
5393.764	0.925
5399.199	0.926
5404.534	0.925
5410.036	0.924
5415.392	0.925
5420.862	0.925
5426.171	0.923
5431.576	0.925
5436.982	0.924
5442.615	0.924
5448.234	0.925
5453.435	0.926
5458.805	0.926
5464.17	0.926
5469.553	0.926
5474.867	0.925
5480.37	0.926
5485.866	0.925
5491.3	0.926
5496.69	0.925
5501.973	0.925
5507.452	0.926
5512.986	0.924
5518.333	0.924
5523.701	0.924
5529.15	0.926
5534.617	0.926
5539.925	0.925
5545.524	0.925
5551.024	0.926
5556.407	0.925
5561.926	0.926
5567.348	0.926
5572.762	0.926
5578.198	0.925
5583.64	0.925
5589.076	0.925
5594.263	0.925
5599.656	0.925
5605.252	0.925
5610.708	0.926
5616.051	0.925
5621.449	0.926
5626.727	0.927
5632.207	0.926
5637.486	0.925
5642.912	0.925
5648.422	0.926
5653.916	0.926
5659.363	0.926
5664.637	0.927
5670.084	0.927
5675.52	0.926
5681.133	0.927
5686.597	0.926
5692.018	0.927
5697.389	0.927
5702.666	0.927
5708.103	0.926
5713.575	0.927
5719.057	0.927
5724.519	0.927
5729.997	0.928
5735.546	0.928
5740.876	0.927
5746.364	0.927
5752.006	0.928
5757.299	0.927
5762.578	0.928
5768.014	0.927
5773.389	0.927
5778.943	0.927
5784.353	0.927
5789.738	0.926
5795.167	0.927
5800.773	0.927
5806.032	0.928
5811.367	0.927
5816.757	0.927
5822.121	0.928
5827.44	0.928
5832.702	0.927
5837.992	0.927
5843.356	0.927
5848.887	0.926
5854.352	0.926
5859.782	0.927
5865.4	0.927
5870.818	0.927
5876.211	0.927
5881.667	0.927
5886.953	0.927
5892.252	0.927
5897.566	0.927
5903.031	0.928
5908.384	0.927
5913.682	0.927
5919.073	0.928
5924.344	0.927
5929.967	0.928
5935.316	0.928
5940.818	0.928
5946.208	0.928
5951.614	0.928
5957.143	0.928
5962.405	0.928
5967.879	0.928
5973.175	0.928
5978.688	0.928
5984.059	0.928
5989.416	0.928
5994.761	0.928
6000.124	0.928
6005.433	0.928
6010.855	0.928
6016.251	0.928
6021.843	0.928
6027.276	0.927
6032.874	0.927
6038.353	0.927
6043.737	0.927
6049.176	0.927
6054.544	0.928
6059.897	0.928
6065.324	0.927
6070.744	0.926
6076.175	0.927
6081.628	0.928
6087.163	0.927
6092.627	0.927
6098.012	0.928
6103.398	0.926
6108.832	0.928
6114.397	0.927
6119.838	0.927
6125.383	0.927
6130.713	0.926
6136.206	0.926
6141.602	0.924
6147.04	0.925
6152.465	0.926
6157.74	0.925
6163.313	0.926
6168.637	0.926
6174.011	0.925
6179.372	0.926
6184.879	0.927
6190.301	0.926
6195.752	0.927
6201.116	0.927
6206.43	0.927
6211.656	0.927
6217.062	0.927
6222.553	0.927
6228.026	0.926
6233.379	0.926
6238.884	0.927
6244.362	0.927
6249.788	0.926
6255.246	0.927
6260.674	0.927
6266.169	0.927
6271.664	0.928
6277.081	0.927
6282.403	0.928
6287.728	0.928
6293.082	0.928
6298.519	0.927
6303.899	0.928
6309.321	0.928
6314.745	0.928
6320.205	0.927
6325.601	0.927
6330.913	0.928
6336.315	0.927
6341.711	0.927
6347.138	0.926
6352.611	0.926
6358.109	0.927
6363.571	0.927
6368.904	0.927
6374.401	0.928
6379.926	0.927
6385.361	0.927
6390.771	0.926
6396.173	0.927
6401.475	0.927
6406.912	0.928
6412.43	0.928
6417.671	0.929
6423.163	0.928
6428.564	0.928
6434.076	0.929
6439.471	0.928
6445.11	0.928
6450.361	0.928
6455.755	0.927
6461.131	0.928
6466.584	0.928
6472.111	0.928
6477.59	0.928
6483.023	0.928
6488.552	0.928
6493.975	0.928
6499.507	0.928
6504.958	0.928
6510.549	0.928
