56.8664	0.000729
58.5215	0.001069
60.2437	0.001314
61.9563	0.001773
63.6799	0.001856
65.403	0.00291
67.102	0.00374
68.8085	0.004682
70.5344	0.006419
72.2717	0.008159
73.9866	0.010372
75.7103	0.013359
77.4408	0.015392
79.1371	0.017981
80.888	0.020812
82.6809	0.02488
84.4491	0.029966
86.2923	0.034045
88.0955	0.036817
89.8607	0.043588
91.6629	0.049975
93.3715	0.058096
95.07	0.065717
96.8078	0.072239
98.5273	0.082199
100.2141	0.092073
101.9416	0.100819
103.6455	0.115853
105.3417	0.129594
107.0752	0.145405
108.7909	0.157655
110.5587	0.173824
112.2815	0.186789
114.0763	0.198209
115.8329	0.213204
117.6318	0.225536
119.3811	0.243764
121.1867	0.258487
122.9284	0.274323
124.7063	0.294014
126.478	0.310132
128.292	0.323689
130.0199	0.338372
131.8156	0.354373
133.6019	0.365767
135.3991	0.377364
137.2132	0.392547
139.0467	0.405697
140.7367	0.421259
142.4556	0.433512
144.1976	0.449574
145.9746	0.463104
147.6804	0.475314
149.4994	0.490074
151.3055	0.497837
153.0907	0.507188
154.8582	0.518281
156.6095	0.527613
158.4006	0.535838
160.2152	0.542515
162.0062	0.551706
163.8247	0.558771
165.629	0.563385
167.4511	0.568616
169.1806	0.577246
170.9425	0.582724
172.6799	0.588295
174.3946	0.591161
176.0483	0.595147
177.7575	0.59952
179.4834	0.603428
181.1756	0.605798
182.9037	0.608268
184.6467	0.612104
186.3737	0.613863
188.0704	0.615576
189.7931	0.622493
191.5593	0.626162
193.4014	0.627267
195.2354	0.631575
197.0458	0.633567
198.8362	0.635377
200.5643	0.636045
202.3221	0.638274
204.052	0.64109
205.835	0.642387
207.6135	0.643507
209.4217	0.64492
211.1746	0.646097
212.9618	0.647364
214.7811	0.648826
216.5964	0.649193
218.3529	0.650232
220.1419	0.651419
221.9134	0.652595
223.6401	0.653792
225.4193	0.655402
227.1716	0.657185
228.8685	0.657387
230.6	0.658045
232.3565	0.65966
234.0771	0.660106
235.7924	0.661067
237.4883	0.661991
239.2212	0.663272
240.9588	0.6639
242.7069	0.664771
244.5189	0.666526
246.2222	0.666719
247.9753	0.666648
249.6593	0.668881
251.3715	0.669221
253.0447	0.669601
254.7916	0.670191
256.5456	0.671365
258.2421	0.671537
259.9938	0.672756
261.8076	0.674517
263.6708	0.67545
265.4828	0.675976
267.2009	0.675941
268.9514	0.677415
270.7088	0.678795
272.4707	0.679037
274.2704	0.679597
276.0499	0.680196
277.8289	0.682527
279.5583	0.683327
281.3041	0.683733
283.0012	0.684541
284.7743	0.686451
286.5805	0.686707
288.282	0.685797
289.9709	0.687136
291.729	0.687637
293.4646	0.687592
295.3254	0.687758
297.1044	0.689593
298.8929	0.690672
300.6529	0.690881
302.4465	0.691406
304.2139	0.693168
306.0591	0.692025
307.8967	0.692045
309.6171	0.693277
311.3612	0.69398
313.1042	0.695189
314.8336	0.694753
316.665	0.696353
318.4412	0.696717
320.2177	0.696681
321.9085	0.696845
323.6903	0.697844
325.4615	0.699397
327.198	0.698879
328.9594	0.69973
330.7112	0.700347
332.5169	0.700022
334.1843	0.700077
335.9095	0.700863
337.6195	0.700835
339.3367	0.701397
341.1081	0.701664
342.9068	0.702791
344.5882	0.70359
346.3287	0.704784
348.0453	0.704206
349.7723	0.704799
351.4879	0.705125
353.3306	0.706468
355.1013	0.705621
356.915	0.706189
358.7247	0.706499
360.4582	0.707465
362.1621	0.708262
363.9039	0.706875
365.5973	0.708768
367.3202	0.708624
369.0742	0.708682
370.8	0.708922
372.5075	0.710615
374.2482	0.709075
375.9835	0.709557
377.768	0.710883
379.5214	0.71144
381.2494	0.712401
383.0244	0.71137
384.805	0.712018
386.5468	0.713079
388.3158	0.712907
390.0979	0.713219
391.9203	0.713283
393.7433	0.714811
395.567	0.71416
397.3647	0.714795
399.1532	0.714727
400.9174	0.715299
402.7125	0.717131
404.4836	0.716495
406.287	0.716847
408.0002	0.717089
409.7348	0.718132
411.4286	0.716658
413.1708	0.71764
414.9235	0.718041
416.7274	0.718641
418.5277	0.71817
420.2907	0.720436
422.0739	0.720399
423.8074	0.719511
425.6213	0.720821
427.403	0.719468
429.1307	0.721673
430.8744	0.72219
432.6122	0.7204
434.3839	0.721679
436.1453	0.721785
437.9023	0.72197
439.591	0.721776
441.3114	0.721766
442.9924	0.721765
444.7527	0.723421
446.553	0.723078
448.2606	0.723797
449.9941	0.723116
451.7551	0.724533
453.5305	0.725091
455.3419	0.724559
457.1198	0.725234
458.902	0.724773
460.6758	0.724179
462.478	0.725416
464.2834	0.725543
466.0575	0.724532
467.8363	0.724854
469.5965	0.726696
471.3679	0.727431
473.1441	0.726554
474.878	0.727753
476.6139	0.728091
478.3207	0.72884
480.0197	0.728441
481.7456	0.729621
483.4612	0.729447
485.1734	0.728514
486.8823	0.727971
488.7278	0.730964
490.4691	0.730942
492.2372	0.731028
493.97	0.731425
495.6682	0.730039
497.4174	0.731376
499.1274	0.730918
500.825	0.730689
502.5251	0.732167
504.3009	0.731033
506.0844	0.732068
507.9032	0.732017
509.6943	0.733123
511.5237	0.732996
513.2606	0.732911
515.0339	0.733405
516.7939	0.73342
518.5111	0.733188
520.2542	0.733063
521.9516	0.733123
523.6958	0.734154
525.4338	0.734208
527.1826	0.734612
528.8994	0.734906
530.6	0.73569
532.3162	0.735623
534.0732	0.735058
535.8686	0.735563
537.6827	0.735636
539.549	0.736329
541.412	0.735597
543.1739	0.735748
544.9	0.736235
546.622	0.735363
548.3348	0.737592
550.046	0.738202
551.8786	0.737471
553.6463	0.737666
555.4502	0.736669
557.1711	0.739756
558.9521	0.73843
560.7155	0.738727
562.4572	0.738869
564.1831	0.738727
565.8779	0.739115
567.6245	0.73998
569.3657	0.739643
571.1405	0.738081
572.837	0.739426
574.6091	0.739816
576.382	0.740431
578.085	0.739451
579.7599	0.739828
581.5571	0.740739
583.3914	0.739937
585.2348	0.739938
587.0185	0.740225
588.7551	0.740181
590.528	0.740898
592.2709	0.740406
594.0113	0.741418
595.7638	0.741962
597.5	0.740514
599.2023	0.742458
600.9411	0.740749
602.8106	0.741584
604.6266	0.742644
606.4377	0.741579
608.2827	0.742589
610.1024	0.743574
611.883	0.742375
613.7039	0.74228
615.4765	0.742227
617.2721	0.74315
619.1277	0.742222
620.8815	0.743653
622.5654	0.745242
624.3392	0.744068
626.1124	0.743871
627.9128	0.744071
629.6712	0.745095
631.5049	0.744355
633.3319	0.744567
635.1723	0.744163
636.9611	0.743979
638.7609	0.74388
640.5464	0.745208
642.3099	0.744262
644.1018	0.744366
645.8522	0.743841
647.5489	0.745861
649.3035	0.745457
651.0509	0.745207
652.8405	0.745448
654.5764	0.746059
656.3309	0.746643
658.1169	0.747233
659.8656	0.745385
661.5959	0.744766
663.2723	0.747021
665.03	0.746967
666.81	0.74623
668.6072	0.747279
670.3871	0.747737
876.262	0.74653
878.057	0.747629
879.8025	0.747968
881.506	0.747163
883.2035	0.748232
884.9078	0.74791
886.6225	0.747463
888.3759	0.748944
890.124	0.749126
891.8266	0.748668
893.5173	0.749221
895.1944	0.749584
896.9056	0.749421
898.7081	0.748476
900.4884	0.750144
902.2637	0.752068
904.0133	0.751492
905.7093	0.750884
907.4311	0.749792
909.1647	0.751379
910.9337	0.750822
912.7289	0.751476
914.4991	0.752794
916.2876	0.752103
918.0415	0.75264
919.7587	0.753595
921.4709	0.752758
923.1903	0.754708
924.9261	0.754269
926.6409	0.753572
928.3543	0.753638
930.0811	0.753487
931.7876	0.752864
933.5399	0.753924
935.2807	0.753723
936.9806	0.755473
938.7425	0.754554
940.5103	0.755577
942.231	0.754878
943.9106	0.754779
945.6705	0.753848
947.3786	0.754243
949.1182	0.755254
950.9302	0.753751
952.7092	0.755485
954.5027	0.755411
956.2967	0.754464
958.1094	0.755335
959.8762	0.756265
961.6988	0.753545
963.5642	0.755724
965.2566	0.757788
966.9641	0.755418
968.6533	0.755957
970.4025	0.755814
972.1418	0.756469
973.9616	0.754818
975.7434	0.756102
977.5836	0.756115
979.3757	0.75695
981.1673	0.755779
982.9691	0.756236
984.759	0.755321
986.449	0.755825
988.1769	0.756155
989.9453	0.755925
991.7386	0.756503
993.5354	0.75608
995.3411	0.756072
997.1255	0.757172
1223.7134	0.755807
1225.5203	0.75884
1227.2577	0.7564
1229.007	0.756858
1230.7551	0.757403
1232.517	0.757469
1234.2459	0.758073
1235.9649	0.757076
1237.7893	0.757656
1239.6026	0.755419
1241.3986	0.758633
1243.215	0.757443
1245.013	0.755473
1246.822	0.757438
1248.6208	0.757172
1250.4051	0.757552
1252.1109	0.757039
1253.9115	0.758504
1255.692	0.759009
1257.492	0.757436
1259.2568	0.755896
1260.9689	0.757815
1262.7553	0.757811
1264.5106	0.757188
1266.2488	0.757027
1267.9709	0.758166
1269.7254	0.757742
1271.4317	0.757477
1273.167	0.757077
1274.9183	0.758141
1276.66	0.756427
1278.4145	0.757847
1280.2018	0.756294
1282.0433	0.757217
1283.8647	0.759788
1285.5929	0.757252
1287.2922	0.757919
1288.9818	0.759468
1290.6836	0.758466
1292.4301	0.758002
1294.2185	0.760953
1296.011	0.759579
1297.8171	0.758973
1299.6433	0.759365
1301.4783	0.760798
1303.2307	0.759053
1304.9938	0.75933
1306.835	0.759172
1308.6717	0.758576
1310.4653	0.757289
1312.2698	0.758763
1313.9706	0.759237
1315.6775	0.757801
1317.3925	0.758309
1319.0998	0.756826
1320.8544	0.756711
1322.644	0.7588
1324.4803	0.758886
1326.2469	0.759012
1328.0097	0.758808
1731.4905	0.758301
1733.2906	0.759252
1735.0948	0.760707
1736.9372	0.757466
1738.6701	0.757312
1740.4221	0.758464
1742.1795	0.758848
1743.9664	0.757479
1745.7653	0.757821
1747.5737	0.757398
1749.3784	0.758523
1751.1457	0.75748
1752.948	0.757911
1754.7852	0.758212
1756.4972	0.757697
1758.2431	0.758627
1760.0127	0.759286
1761.7456	0.756414
1763.5295	0.756556
1765.3114	0.758005
1767.0711	0.757276
1768.8459	0.75774
1770.5852	0.757513
1772.3616	0.757148
1774.1238	0.757312
1775.9041	0.756102
1777.6127	0.756289
1779.3988	0.75606
1781.1587	0.755531
1782.9454	0.756059
2210.5833	0.756889
2212.3988	0.756388
2214.1488	0.756903
2215.973	0.758185
2217.7482	0.757726
2219.4848	0.756186
2221.2153	0.757003
2222.9219	0.755318
2224.7012	0.755551
2226.4701	0.756333
2228.2374	0.757872
2230.0004	0.754291
2231.7612	0.75671
2233.4918	0.756291
2235.235	0.756034
2237.058	0.756083
2238.8102	0.75708
2240.6054	0.758119
2242.4175	0.759606
2244.269	0.757712
2246.0276	0.756454
2247.7458	0.756002
2249.5617	0.756423
2251.3473	0.757249
2253.1587	0.757775
2254.9658	0.757363
2256.7476	0.757495
2258.5938	0.757405
2260.4291	0.758148
2262.2536	0.757034
2264.0675	0.757601
2265.8093	0.758755
2267.5408	0.757342
2269.291	0.756919
2271.0223	0.758139
2272.8039	0.757335
2274.6123	0.75785
2276.3918	0.756984
2278.2384	0.757566
2280.0918	0.756529
