0.9416	0.000881
1.6902	0.00091
2.4634	0.001152
3.2277	0.001894
3.9834	0.002433
4.7283	0.003306
5.469	0.004634
6.1974	0.00494
6.9495	0.005088
7.731	0.005893
8.5089	0.006444
9.2776	0.007187
10.0596	0.008119
10.8272	0.009191
11.6057	0.009673
12.3761	0.011333
13.1381	0.01325
13.9231	0.014673
14.6856	0.015856
15.4355	0.017159
16.2445	0.019197
16.9972	0.020842
17.7891	0.021137
18.542	0.024175
19.3159	0.026026
20.0863	0.028676
20.8583	0.032856
21.6487	0.035573
22.4267	0.03807
23.2008	0.041703
23.9546	0.044723
24.7181	0.047421
25.481	0.05227
26.2551	0.05669
27.0053	0.060445
27.7476	0.064708
28.4889	0.069584
29.2342	0.075318
29.9879	0.079049
30.7493	0.082945
31.5109	0.085076
32.2644	0.089059
33.0537	0.094742
33.824	0.098292
34.5798	0.102965
35.369	0.107295
36.1498	0.111845
36.9344	0.115301
37.6765	0.121038
38.4443	0.126254
39.215	0.12952
39.9692	0.135639
40.7081	0.142948
41.5078	0.148438
42.2476	0.154231
43.0138	0.158936
43.7585	0.163349
44.5154	0.168737
45.2702	0.170907
46.0052	0.173425
46.7949	0.179532
47.5569	0.182653
48.3164	0.18478
49.0656	0.191396
49.8064	0.195205
50.6058	0.201715
51.3879	0.203877
52.1567	0.208688
52.9206	0.212759
53.6963	0.217102
54.4672	0.221542
55.2594	0.227728
56.0259	0.2341
56.7987	0.238385
57.5926	0.242085
58.3499	0.247032
59.1117	0.249833
59.8582	0.252092
60.6137	0.252584
61.3446	0.259214
62.1174	0.261962
62.9064	0.26529
63.7048	0.268267
64.5369	0.272133
65.3016	0.275844
66.0699	0.278102
66.8358	0.280247
67.6062	0.282499
68.3627	0.286838
69.1316	0.288039
69.8974	0.293615
70.6452	0.297603
71.4011	0.301035
72.138	0.302451
72.8888	0.304464
73.6364	0.308698
74.3759	0.312895
75.1355	0.312804
75.8887	0.315745
76.6466	0.319802
77.3859	0.323272
78.1188	0.326488
78.8594	0.327373
79.603	0.331227
80.3671	0.332763
81.1117	0.334773
81.8493	0.337325
82.5985	0.338316
83.3761	0.341542
84.1334	0.343908
84.868	0.347384
85.5866	0.349156
86.335	0.348047
87.1161	0.351359
87.885	0.355525
88.6733	0.359338
89.4248	0.361184
90.1675	0.361116
90.9084	0.362119
91.6673	0.364468
92.4585	0.367681
93.2346	0.370542
93.9988	0.369715
94.7488	0.373423
95.5348	0.374624
96.2995	0.377652
97.057	0.378606
97.8121	0.378318
98.5617	0.382238
99.3189	0.382672
100.0744	0.384259
100.8327	0.386211
101.5745	0.387527
102.3406	0.389678
103.1237	0.392567
103.9024	0.390389
104.6691	0.392196
105.4506	0.393696
106.2129	0.395942
106.9939	0.397747
107.7615	0.400755
108.5208	0.400482
109.3142	0.402379
110.0959	0.403087
110.8523	0.405566
111.6124	0.406458
112.3917	0.407654
113.1624	0.408536
113.9391	0.408849
114.7371	0.410664
115.5147	0.408506
116.27	0.412135
117.0683	0.416891
117.8765	0.418612
118.6905	0.419719
119.465	0.422735
120.2551	0.42334
121.0652	0.427025
121.8388	0.429832
122.5995	0.428729
123.3809	0.43117
124.1578	0.431633
124.9334	0.432785
125.7367	0.433951
126.5011	0.435206
127.2509	0.435237
128.0246	0.436989
128.824	0.437739
129.5867	0.439478
130.3549	0.441707
131.1444	0.442113
131.9226	0.445844
132.6807	0.446114
133.4193	0.444697
134.1975	0.446866
134.9456	0.446476
135.6932	0.447409
136.4373	0.449071
137.1716	0.450382
137.9473	0.449806
138.7015	0.453254
139.4676	0.451901
140.2053	0.451893
140.9266	0.453685
141.6694	0.453204
142.4198	0.455401
143.1647	0.458093
143.9246	0.454738
144.6854	0.456334
145.4894	0.458265
146.2935	0.458718
147.0774	0.459259
147.8726	0.461238
148.6104	0.462604
149.3324	0.461434
150.087	0.462623
150.8503	0.464861
151.5951	0.464758
152.3349	0.465618
153.0812	0.464925
153.8548	0.467868
154.619	0.467544
155.3622	0.469441
156.1137	0.469441
156.8756	0.469594
157.6386	0.472322
158.4031	0.472854
159.1989	0.474551
159.9703	0.474435
160.739	0.474039
161.5175	0.47672
162.3064	0.476367
163.0778	0.475515
163.8583	0.477503
164.6185	0.479672
165.3823	0.476913
166.1294	0.478463
166.8865	0.479616
167.6339	0.479138
168.4316	0.479167
169.1684	0.479955
169.8762	0.48389
170.6508	0.484033
171.3999	0.482213
172.1689	0.481818
172.9527	0.484924
173.7577	0.484446
174.5321	0.485718
175.2893	0.487835
176.0946	0.486339
176.8667	0.486789
177.686	0.490047
178.4566	0.490277
179.2526	0.491503
180.0113	0.492282
180.7773	0.491708
181.5591	0.492294
182.321	0.493092
183.0987	0.493063
183.8703	0.493486
184.6563	0.493138
185.4178	0.495053
186.2012	0.494349
186.9645	0.494865
187.7227	0.496895
188.508	0.495801
189.2956	0.495223
190.0847	0.494833
190.8668	0.498887
191.6649	0.49713
192.4872	0.497394
193.2524	0.496676
194.0195	0.499962
194.8223	0.499319
195.5992	0.499662
196.3734	0.502677
197.174	0.502677
197.9529	0.502895
198.8411	0.502551
199.6743	0.503604
200.4754	0.503464
201.2683	0.504002
202.3716	0.504935
203.1297	0.503557
203.885	0.505603
204.6541	0.504674
205.4366	0.505345
206.1717	0.507889
206.8965	0.506212
207.6811	0.507467
208.4356	0.506487
209.1591	0.508081
209.942	0.508875
210.7448	0.50975
211.5153	0.507469
212.2987	0.5089
213.0724	0.507592
213.803	0.510548
214.54	0.511893
215.2723	0.510941
216.0206	0.51093
216.7614	0.508949
217.5126	0.508754
218.2819	0.50998
219.0471	0.510363
219.7938	0.511602
220.5416	0.511259
221.3154	0.512927
222.0668	0.512383
222.8342	0.512458
223.5792	0.511776
224.3513	0.512432
225.1304	0.513126
225.9283	0.512041
226.717	0.512609
227.4956	0.511762
228.2781	0.512549
229.0637	0.517059
229.8502	0.515198
230.6527	0.517329
231.4151	0.517698
232.2134	0.516868
233.0232	0.515819
233.8075	0.515445
234.5873	0.518785
235.3537	0.520254
236.1097	0.517942
236.8643	0.518771
237.6473	0.51783
238.4132	0.519595
239.1685	0.518377
239.9092	0.520699
240.6726	0.520013
241.4198	0.519409
242.1849	0.519448
242.9459	0.520577
243.7225	0.519899
244.4841	0.519722
245.2467	0.523394
246.0317	0.520197
246.8227	0.521987
247.6084	0.523141
248.3861	0.524433
249.1378	0.521518
249.921	0.523353
250.6873	0.523855
251.4769	0.524192
252.2448	0.524632
253.0183	0.524493
253.7914	0.522695
254.5746	0.524172
255.3495	0.524619
256.1235	0.525198
256.8936	0.52654
257.6802	0.526792
258.4575	0.524786
259.2299	0.525471
259.9667	0.524958
260.7337	0.527892
261.5104	0.526445
262.262	0.526335
263.0232	0.526446
263.7729	0.526912
264.5516	0.526953
265.3088	0.526706
266.0646	0.526851
266.8166	0.52723
267.5707	0.528747
268.3055	0.528301
269.0626	0.5294
269.8448	0.528519
270.6044	0.52819
271.3692	0.527835
272.1393	0.529368
272.9191	0.526786
273.6938	0.53023
274.4719	0.531086
275.2587	0.53014
276.0384	0.530837
276.8462	0.531597
277.6198	0.532616
278.435	0.53254
279.2176	0.534695
279.9732	0.531873
280.7307	0.534651
281.551	0.532403
282.3353	0.533699
283.0947	0.532906
283.8686	0.534464
284.6526	0.533552
285.4487	0.534492
286.2234	0.534701
286.9885	0.536401
287.7561	0.536405
288.5355	0.536525
289.3144	0.533699
290.0852	0.535605
290.8774	0.533462
291.6613	0.5336
292.4524	0.533772
293.2523	0.533169
294.0342	0.53305
294.8253	0.533477
295.6008	0.535714
296.385	0.535918
297.1794	0.535575
297.9595	0.537061
298.7566	0.536547
299.5172	0.535565
300.3096	0.535133
301.0806	0.537383
301.8733	0.536683
302.6548	0.538323
303.4228	0.537207
304.1853	0.536779
304.9475	0.537415
305.7265	0.538268
306.4933	0.538398
307.2346	0.538572
308.0171	0.538631
308.8109	0.538606
309.5824	0.539266
310.3493	0.53733
311.1491	0.538554
311.8964	0.538917
312.6673	0.539768
313.4447	0.538466
314.2444	0.538643
315.0155	0.540837
315.794	0.540538
316.6	0.538823
317.3886	0.539536
318.1647	0.540479
318.9571	0.542787
319.7239	0.541406
320.49	0.542336
321.2675	0.541355
322.0262	0.542652
322.78	0.54268
323.5528	0.542262
324.2999	0.541527
325.0955	0.54489
325.8623	0.543007
326.6486	0.541376
327.4194	0.543348
328.196	0.540999
328.9616	0.54151
329.7196	0.542462
330.4995	0.542481
331.2567	0.541275
332.0137	0.543068
332.7718	0.541318
333.5621	0.543491
334.3369	0.542728
335.1247	0.541306
335.8891	0.542849
336.6427	0.543048
337.4217	0.544498
338.1656	0.54153
338.9383	0.54342
