13.9967	0.018046
26.3124	0.108398
38.7409	0.267819
51.2647	0.455874
63.5755	0.585374
75.9238	0.68644
88.1524	0.749516
100.364	0.797528
112.6281	0.819195
124.9175	0.83877
137.3412	0.858825
149.7298	0.869244
162.1791	0.872347
174.4372	0.877108
186.7747	0.884756
199.0778	0.888157
211.5504	0.891939
224.0183	0.892353
236.3153	0.896145
248.6636	0.896823
261.0805	0.89728
273.4748	0.89602
285.8615	0.898756
298.1997	0.898601
310.3985	0.897777
322.7235	0.897889
335.0672	0.901797
347.3787	0.901572
359.6952	0.901824
371.9055	0.902358
384.2545	0.902983
396.6832	0.904771
409.0266	0.904667
421.3431	0.903347
433.638	0.902719
446.0095	0.906062
458.3838	0.904651
470.7376	0.904509
483.0875	0.906318
495.3646	0.904335
507.8343	0.904771
520.1919	0.905825
532.5563	0.907324
544.9689	0.904923
557.3107	0.907873
569.71	0.910539
582.163	0.90419
594.3838	0.907428
606.6122	0.90546
619.008	0.905008
631.4317	0.908655
643.6244	0.907276
655.7948	0.905592
668.058	0.905431
680.3778	0.905546
692.7289	0.907055
705.0905	0.904988
717.3922	0.905996
729.8269	0.906534
742.1906	0.901533
754.4701	0.904532
766.9491	0.906197
779.2932	0.90601
791.6094	0.90774
803.9665	0.907656
816.2306	0.906639
828.5331	0.908094
840.9006	0.906545
853.1377	0.904959
865.5018	0.9084
877.8936	0.907776
890.3409	0.908322
902.6143	0.907194
914.9065	0.907747
927.2086	0.910434
939.3779	0.908786
951.694	0.911601
963.9465	0.908834
976.2463	0.90515
988.6154	0.904736
1001.2615	0.903692
1013.6717	0.90461
1026.0831	0.904272
1038.3175	0.904585
1050.6637	0.905978
1063.1201	0.906302
1075.4277	0.90694
1087.8526	0.906267
1100.1662	0.907046
1112.4028	0.906719
1124.8032	0.905964
1137.1261	0.904838
1149.3973	0.905299
1161.6751	0.904565
1173.9088	0.906279
1186.2198	0.906669
1198.4206	0.903612
1210.826	0.904794
1223.2207	0.903982
1235.3957	0.904679
1247.7328	0.906692
1260.089	0.907498
1272.5534	0.90919
1285.0343	0.907174
1297.349	0.905451
1309.6377	0.907231
1321.8641	0.908699
1334.1844	0.908551
1346.5585	0.907569
1358.8128	0.906974
1371.3113	0.90852
1383.6599	0.909101
1396.1327	0.906969
1408.4664	0.904645
1420.9236	0.905361
1433.2414	0.904064
1445.5334	0.907225
1457.7838	0.905271
1470.0529	0.907366
1482.5506	0.907265
1494.8465	0.907777
1507.0065	0.90666
1519.257	0.908792
1531.9353	0.907724
1544.3277	0.908587
1556.7662	0.908156
1569.0934	0.905768
1581.2861	0.90883
1593.6086	0.905176
1605.8849	0.909403
1618.3935	0.907996
1630.7298	0.907819
1642.9151	0.906075
1655.1862	0.908684
1667.4942	0.90706
1679.875	0.906798
1692.2693	0.907631
1704.5522	0.906636
1716.8367	0.906227
1729.2061	0.907444
1741.7604	0.908451
1754.1085	0.908274
1766.3712	0.906167
1778.755	0.908643
1790.9621	0.908318
1803.2633	0.907342
1815.4452	0.908647
1827.7639	0.907606
1840.045	0.906829
1852.3389	0.907058
