67.7033	0.802226
71.3426	0.825213
74.9493	0.837263
78.6371	0.856841
82.1888	0.871782
85.5918	0.885278
89.1112	0.902251
92.6163	0.914964
95.9107	0.925118
99.194	0.933993
174.2817	0.937878
177.5972	0.940966
181.1799	0.944738
184.5257	0.946586
187.8689	0.94863
191.3683	0.950317
194.8882	0.952373
198.177	0.952638
201.4891	0.95364
204.9535	0.954109
274.2386	0.954632
277.5763	0.955115
281.0856	0.95582
284.4258	0.956369
287.706	0.956635
291.1724	0.957911
294.5124	0.957397
298.0279	0.958363
301.3436	0.957676
304.6529	0.95766
363.1525	0.957607
366.5036	0.957608
370.1024	0.95671
373.4041	0.957467
376.6689	0.957618
380.1519	0.957052
383.4444	0.957501
386.7774	0.956795
390.3165	0.956086
393.691	0.956719
459.1305	0.956878
462.7304	0.95614
466.0076	0.956093
469.4451	0.956103
472.9356	0.957196
476.4965	0.956748
480.0788	0.956449
483.4065	0.956932
486.7	0.957474
490.1724	0.956814
555.2788	0.957199
558.5251	0.956864
562.0516	0.957336
565.3534	0.957054
568.6908	0.956641
572.1591	0.955941
575.6259	0.955362
579.2042	0.955623
582.5471	0.954956
586.0592	0.956352
647.016	0.955658
650.3526	0.956299
653.5982	0.956073
657.1728	0.956121
660.5391	0.955813
663.9464	0.956704
667.4011	0.955908
670.7161	0.956151
673.9602	0.956121
677.2994	0.956703
743.3438	0.957397
746.8171	0.95701
750.1491	0.956428
753.6125	0.956448
757.1871	0.956453
760.7173	0.956612
764.2065	0.9571
767.5043	0.956453
771.0279	0.955453
774.5361	0.955737
839.8965	0.955845
843.4152	0.955492
846.7724	0.955099
850.0027	0.954831
853.4329	0.954012
856.8869	0.954071
860.4753	0.953335
864.0235	0.953289
867.3218	0.954179
870.5362	0.953444
