8.1637	0.002098
16.218	0.011389
24.189	0.025013
32.1971	0.035609
40.5495	0.04412
48.7393	0.051263
56.7117	0.057239
64.7159	0.063875
72.6801	0.070224
80.5581	0.077348
88.6766	0.083667
96.7581	0.088643
104.9324	0.092103
113.1023	0.099401
121.2232	0.102786
129.3871	0.108074
137.5144	0.115023
145.5737	0.117843
153.5914	0.12092
161.7585	0.128084
169.7996	0.130376
178.0332	0.136066
186.2108	0.139649
194.1977	0.14603
202.4529	0.149311
210.5216	0.151693
218.6599	0.156961
226.9671	0.161085
234.9486	0.163604
243.0063	0.16569
251.1459	0.170327
259.2019	0.17389
267.1565	0.175941
275.2713	0.178329
283.3999	0.181332
291.4122	0.184817
299.5253	0.187136
307.5739	0.192367
315.6886	0.194043
323.6476	0.195885
331.6675	0.199641
339.8227	0.202546
347.8209	0.203205
355.9847	0.206463
364.2106	0.208489
372.1822	0.21214
380.1477	0.21544
388.1309	0.218063
396.0614	0.220276
404.0702	0.222781
412.0381	0.227261
420.0508	0.227716
428.0149	0.229732
435.9755	0.231787
443.9026	0.235315
452.0337	0.239462
460.0603	0.24124
468.1633	0.243326
476.2846	0.247334
484.4248	0.249766
492.4531	0.249041
500.7464	0.251907
508.6799	0.254121
516.7274	0.256887
524.8549	0.25759
532.9966	0.260276
541.1627	0.262001
549.1611	0.264789
557.1837	0.264329
565.2414	0.267345
573.3745	0.271037
581.5047	0.274807
589.7312	0.275739
597.9449	0.276493
605.9554	0.276791
614.0399	0.280616
622.1551	0.281699
630.2761	0.282884
638.2468	0.28165
646.4024	0.284847
654.6433	0.288201
662.8134	0.2897
671.0638	0.29065
679.1895	0.293989
687.1966	0.296805
695.2653	0.298067
703.2576	0.300729
711.402	0.299387
719.4933	0.303839
727.7243	0.303201
735.6874	0.306491
743.9012	0.311186
752.1809	0.30641
760.3598	0.310252
768.6089	0.313177
776.6594	0.316914
784.8044	0.317372
792.9615	0.319161
801.2261	0.32518
809.2421	0.32797
817.3034	0.327301
825.4146	0.32991
833.5952	0.332271
841.7118	0.329439
849.8748	0.333111
858.1647	0.332597
866.2567	0.334782
874.2723	0.337088
882.3689	0.339292
890.5345	0.340606
898.7561	0.341967
906.7197	0.339783
914.7526	0.342127
923.1106	0.339601
931.1661	0.340681
939.3084	0.34226
947.5167	0.344459
955.761	0.347597
963.9599	0.346232
972.2058	0.349298
980.336	0.354494
988.5545	0.356284
996.7393	0.357483
1004.9093	0.353166
1013.1565	0.356165
1021.2279	0.355637
1029.3217	0.355222
1037.3835	0.355561
1045.6076	0.360129
1053.6583	0.364632
1061.5779	0.364071
1069.6281	0.365253
1077.8461	0.365821
1085.8687	0.364384
1093.8897	0.366244
1102.0624	0.367392
1110.0986	0.369491
1118.1359	0.365758
1126.2117	0.369882
1134.4405	0.367972
1142.5351	0.37207
1150.5347	0.375196
1158.6816	0.375725
1166.6874	0.374291
1174.7391	0.378544
1182.7494	0.379099
1190.8108	0.378326
1198.9108	0.380086
1207.1978	0.38424
1215.2591	0.384869
1223.3638	0.389986
1231.4599	0.385276
1239.3826	0.384403
1247.5218	0.385788
1255.4684	0.38953
1263.5463	0.389879
1271.5699	0.39194
1279.7523	0.390635
1287.879	0.395443
1296.0581	0.39649
1304.2556	0.395815
1312.4437	0.396181
1320.3791	0.397485
1328.5493	0.402024
1336.6886	0.401404
1344.8633	0.405108
1353.1204	0.40133
1361.2516	0.404492
1369.2065	0.407692
1377.2609	0.410493
1385.3245	0.408178
1393.4402	0.411852
1401.6084	0.410919
1409.6451	0.41609
1417.7961	0.414793
1425.8914	0.417864
1433.786	0.420023
1441.9614	0.421893
1450.0489	0.420825
1458.0902	0.420838
1466.1166	0.42114
1474.2394	0.422963
1482.2875	0.423535
1490.3798	0.429095
1498.6818	0.428177
1506.6795	0.430145
1514.7456	0.428867
1522.826	0.429762
1531.0447	0.431553
1539.1177	0.43217
1547.3261	0.432206
1555.3632	0.432698
1563.432	0.427787
1571.6038	0.429178
1579.7741	0.42966
1587.9619	0.429015
1596.0519	0.430451
1604.0163	0.433147
1612.0336	0.433108
1620.1998	0.439004
1628.3139	0.434925
1636.2683	0.438586
1644.3317	0.443015
1652.4594	0.446975
1660.4965	0.443739
1668.682	0.445016
1676.9301	0.443498
1684.9957	0.446522
1693.1588	0.445385
1701.2968	0.448245
1709.4634	0.44692
1717.5625	0.448503
1725.61	0.447661
1733.6051	0.443478
1741.713	0.44389
1749.8109	0.450448
1758.0435	0.455199
1766.0833	0.456923
1774.1219	0.451983
1782.2689	0.456296
1790.5381	0.45995
1798.7155	0.459879
1806.7563	0.461856
1814.9072	0.466181
1822.9893	0.467453
1831.056	0.466159
1839.3156	0.46878
1847.3677	0.469699
1855.5554	0.473212
1863.6756	0.472818
1871.9751	0.471239
1880.0741	0.470735
1888.1176	0.474098
1896.3291	0.476054
1904.5266	0.477188
1912.5642	0.475182
1920.593	0.478729
1928.8914	0.477756
1937.0127	0.481728
1945.2971	0.481902
1953.4729	0.47941
1961.546	0.480175
1969.7714	0.482238
1977.8818	0.481671
1986.1406	0.483491
1994.5246	0.482638
2002.7848	0.485856
2010.777	0.488321
2018.8727	0.486369
2026.9828	0.482959
2035.1667	0.487464
2043.1933	0.478647
2051.3743	0.485688
2059.6092	0.486757
2067.7512	0.488128
2075.8193	0.484088
2084.049	0.489245
2092.2156	0.488347
2100.3844	0.490746
2108.6521	0.493997
2116.8723	0.492717
2125.1433	0.49361
2133.3121	0.496055
2141.554	0.495596
2149.6167	0.499205
2157.6801	0.49656
2165.8638	0.493467
2173.9734	0.489794
2182.2644	0.491942
2190.6118	0.492829
2198.7484	0.496601
2207.0016	0.498393
2215.2859	0.501115
2223.3884	0.501342
2231.6306	0.501179
2239.7627	0.501971
2247.9173	0.504439
2256.0682	0.503674
2264.1485	0.502444
2272.1741	0.504209
2280.2152	0.50511
2288.4202	0.502906
2296.5316	0.503636
2304.6637	0.50349
2312.7448	0.502865
2320.8352	0.503892
2329.1392	0.506025
2337.2399	0.507315
2345.4865	0.507752
2353.756	0.511235
2361.9151	0.509397
2370.1207	0.511062
2378.3543	0.509182
2386.6429	0.506851
2394.7285	0.507677
2403.1521	0.50945
2411.421	0.510045
2419.5675	0.509112
2427.6153	0.514379
2435.8022	0.507578
2443.9427	0.507991
2451.9963	0.509947
2460.2108	0.511305
2468.4991	0.510913
2476.7345	0.511337
2484.854	0.514073
2492.9997	0.514828
2501.0452	0.514129
2509.1212	0.5181
2517.3285	0.512842
