4.445	0.215
7.203	0.456
10.002	0.555
12.889	0.622
15.61	0.648
18.438	0.666
21.341	0.679
24.107	0.69
26.871	0.698
29.777	0.704
32.646	0.712
35.423	0.718
38.139	0.722
40.931	0.727
43.827	0.73
46.643	0.735
49.469	0.739
52.225	0.743
55.047	0.746
57.763	0.749
60.539	0.751
63.289	0.754
66.032	0.756
68.755	0.757
71.539	0.759
74.39	0.761
77.176	0.761
79.967	0.763
82.78	0.763
85.607	0.766
88.501	0.767
91.243	0.77
93.976	0.77
96.721	0.771
99.586	0.772
102.294	0.775
105.066	0.775
107.798	0.776
110.54	0.776
113.334	0.778
116.194	0.779
119.006	0.78
121.852	0.78
124.65	0.781
127.399	0.782
130.105	0.783
132.947	0.784
135.789	0.785
138.574	0.785
141.312	0.786
144.066	0.787
146.926	0.788
149.675	0.787
152.42	0.788
155.136	0.788
157.885	0.79
160.617	0.789
163.392	0.791
166.171	0.791
168.938	0.791
171.764	0.791
174.539	0.792
177.32	0.793
180.084	0.793
182.77	0.794
185.581	0.794
188.383	0.794
191.083	0.795
193.852	0.794
196.568	0.795
199.42	0.796
202.161	0.796
204.889	0.797
207.607	0.795
210.29	0.795
213.088	0.797
215.903	0.798
218.729	0.798
221.511	0.798
224.302	0.798
226.986	0.8
229.668	0.8
232.456	0.801
235.233	0.8
238.065	0.802
240.79	0.802
243.671	0.801
246.475	0.801
249.301	0.802
252.101	0.802
254.802	0.802
257.579	0.802
260.393	0.803
263.177	0.803
265.954	0.803
268.756	0.803
271.507	0.803
274.291	0.804
276.993	0.804
279.76	0.803
282.561	0.804
285.231	0.803
288.02	0.805
290.795	0.805
293.562	0.806
296.317	0.804
299.1	0.805
301.913	0.804
304.658	0.804
307.451	0.804
310.258	0.803
313.021	0.805
315.821	0.806
318.566	0.807
321.324	0.807
324.031	0.806
326.774	0.807
329.633	0.806
332.499	0.807
335.233	0.806
338.009	0.806
340.826	0.806
343.574	0.807
346.332	0.806
349.099	0.803
351.821	0.806
354.496	0.808
357.294	0.807
360.046	0.806
362.737	0.807
365.528	0.809
368.313	0.808
371.096	0.809
373.861	0.809
376.698	0.809
379.521	0.809
382.36	0.809
385.13	0.807
387.891	0.806
390.614	0.808
393.396	0.807
396.223	0.809
398.958	0.809
401.794	0.809
404.526	0.81
407.303	0.81
410.018	0.809
412.803	0.81
415.534	0.809
418.325	0.81
421.077	0.81
423.872	0.81
426.632	0.81
429.402	0.81
432.089	0.809
434.734	0.81
437.516	0.81
440.329	0.81
443.076	0.81
445.917	0.81
448.702	0.811
451.522	0.811
454.185	0.81
456.947	0.81
459.773	0.811
462.552	0.811
465.304	0.811
468.072	0.812
470.926	0.811
473.598	0.81
476.369	0.81
479.047	0.811
481.887	0.812
484.661	0.81
487.467	0.81
490.253	0.811
492.935	0.81
495.772	0.811
498.558	0.812
501.35	0.811
504.089	0.813
506.837	0.813
509.533	0.813
512.279	0.813
515.089	0.813
517.911	0.812
520.754	0.81
523.479	0.812
526.235	0.813
528.959	0.812
531.64	0.813
534.411	0.813
537.178	0.814
539.955	0.814
542.671	0.814
545.363	0.814
548.083	0.815
550.816	0.814
553.665	0.811
556.4	0.811
559.159	0.811
561.928	0.812
564.725	0.811
567.458	0.812
570.226	0.812
573.098	0.813
575.896	0.812
578.669	0.813
581.523	0.814
584.357	0.812
587.141	0.812
589.918	0.812
592.665	0.813
595.492	0.813
598.236	0.812
600.934	0.812
603.744	0.813
606.458	0.813
609.317	0.814
612.058	0.814
614.732	0.813
617.525	0.813
620.268	0.813
622.973	0.813
625.736	0.813
628.549	0.814
631.366	0.814
634.261	0.814
637.065	0.814
639.836	0.814
642.545	0.814
645.264	0.814
647.999	0.815
650.798	0.814
653.594	0.815
656.296	0.815
659.069	0.815
661.792	0.816
664.584	0.814
667.323	0.815
670.163	0.815
672.873	0.815
675.603	0.815
678.339	0.815
681.062	0.815
683.836	0.815
686.628	0.814
689.418	0.815
692.153	0.815
694.908	0.815
697.808	0.814
700.552	0.816
703.388	0.816
706.255	0.816
708.942	0.817
711.623	0.817
714.308	0.817
717.086	0.817
719.869	0.816
722.66	0.817
725.37	0.816
728.071	0.816
730.84	0.816
733.602	0.817
736.412	0.817
739.262	0.817
742.036	0.816
744.738	0.817
747.587	0.818
750.364	0.816
753.12	0.816
755.891	0.815
758.708	0.817
761.439	0.816
764.192	0.817
766.953	0.815
769.635	0.815
772.349	0.817
775.165	0.816
777.999	0.816
780.844	0.817
783.621	0.817
786.453	0.817
789.154	0.816
791.888	0.817
794.581	0.817
797.262	0.816
799.965	0.818
802.761	0.816
805.495	0.816
808.335	0.817
811.193	0.817
814.015	0.817
816.822	0.817
819.496	0.817
822.247	0.816
825.0	0.817
827.878	0.817
830.774	0.817
833.663	0.816
836.404	0.817
839.236	0.817
842.153	0.817
844.893	0.818
847.677	0.817
850.465	0.816
853.251	0.817
856.043	0.818
858.821	0.817
861.67	0.817
864.404	0.817
867.2	0.817
870.012	0.817
872.705	0.818
875.466	0.818
878.216	0.818
880.968	0.818
883.661	0.817
886.469	0.818
889.193	0.817
891.885	0.818
894.768	0.818
897.598	0.816
900.391	0.816
903.203	0.817
906.016	0.816
908.795	0.817
911.545	0.815
914.316	0.816
917.078	0.816
919.816	0.816
922.478	0.816
925.178	0.817
927.925	0.817
930.543	0.818
933.303	0.817
936.131	0.818
938.9	0.817
941.622	0.816
944.363	0.816
947.177	0.818
949.948	0.818
952.677	0.818
955.474	0.819
958.243	0.818
960.954	0.818
963.723	0.817
966.579	0.817
969.363	0.818
972.093	0.818
974.889	0.818
977.715	0.818
980.55	0.819
983.271	0.818
986.067	0.819
988.808	0.818
991.571	0.819
994.316	0.818
997.089	0.818
999.814	0.818
1002.549	0.818
1005.345	0.818
1008.135	0.819
1010.95	0.819
1013.781	0.819
1016.542	0.819
1019.372	0.818
1022.19	0.818
1024.936	0.819
1027.814	0.818
1030.569	0.818
1033.413	0.818
1036.216	0.817
1038.918	0.817
1041.669	0.818
1044.463	0.818
1047.259	0.819
1050.015	0.819
1052.694	0.819
1055.469	0.819
1058.278	0.819
1061.043	0.818
1063.849	0.818
1066.577	0.819
1069.387	0.818
1072.22	0.819
1075.046	0.819
1077.765	0.819
1080.451	0.819
1083.262	0.818
1086.084	0.818
1088.914	0.819
1091.706	0.818
1094.397	0.819
1097.074	0.819
1099.847	0.821
1102.618	0.82
1105.493	0.82
1108.231	0.82
1110.976	0.82
1113.71	0.82
1116.434	0.82
1119.276	0.821
1122.008	0.821
1124.758	0.82
1127.535	0.821
1130.334	0.82
1133.078	0.821
1135.931	0.822
1138.745	0.821
1141.419	0.82
1144.243	0.821
1147.058	0.82
1149.787	0.82
1152.53	0.821
1155.297	0.821
1158.131	0.82
1160.863	0.821
1163.616	0.821
1166.261	0.82
1168.984	0.82
1171.757	0.82
1174.566	0.82
1177.306	0.82
1180.069	0.819
1182.863	0.819
1185.584	0.821
1188.371	0.819
1191.065	0.819
1193.809	0.819
1196.554	0.819
1199.256	0.819
1201.991	0.819
1204.836	0.821
1207.61	0.82
1210.327	0.819
1213.171	0.82
1216.038	0.819
1218.801	0.82
1221.63	0.82
1224.39	0.82
1227.082	0.819
1229.8	0.82
1232.576	0.82
1235.385	0.82
1238.122	0.819
1240.811	0.82
1243.48	0.82
1246.216	0.82
1248.933	0.821
1251.645	0.82
1254.405	0.82
1257.265	0.821
1260.026	0.82
1262.785	0.82
1265.601	0.82
1268.345	0.82
1271.084	0.819
1273.841	0.819
1276.665	0.819
1279.41	0.82
1282.131	0.821
1284.91	0.82
1287.683	0.82
1290.425	0.821
1293.241	0.82
1296.005	0.82
1298.748	0.819
1301.572	0.821
1304.3	0.821
1307.055	0.82
1309.738	0.821
1312.608	0.82
1315.402	0.821
1318.181	0.821
1320.942	0.821
1323.788	0.821
1326.508	0.821
1329.299	0.821
1332.035	0.821
1334.792	0.821
1337.583	0.821
1340.375	0.821
1343.109	0.82
1345.819	0.821
1348.601	0.821
1351.44	0.822
1354.159	0.821
1356.945	0.822
1359.711	0.822
1362.443	0.822
1365.233	0.82
1367.984	0.821
1370.828	0.821
1373.663	0.821
1376.497	0.822
1379.313	0.822
1382.052	0.821
1384.867	0.822
1387.607	0.822
1390.326	0.822
1393.065	0.821
1395.85	0.822
1398.577	0.821
1401.399	0.822
1404.186	0.821
1406.963	0.822
1409.763	0.822
1412.538	0.822
1415.287	0.822
1418.096	0.823
1420.85	0.823
1423.625	0.823
1426.506	0.822
1429.232	0.822
1432.097	0.822
1434.868	0.822
1437.541	0.822
1440.229	0.823
1442.955	0.823
1445.764	0.822
1448.572	0.821
1451.385	0.823
1454.092	0.822
1456.822	0.823
1459.604	0.822
1462.419	0.821
1465.177	0.822
1468.048	0.822
1470.845	0.82
1473.666	0.821
1476.428	0.822
1479.243	0.821
1482.005	0.822
1484.693	0.823
1487.428	0.823
1490.146	0.822
1492.97	0.821
1495.725	0.822
1498.467	0.822
1501.291	0.821
1504.039	0.821
1506.753	0.821
1509.448	0.822
1512.213	0.822
1515.013	0.822
1517.693	0.822
1520.477	0.821
1523.173	0.821
1525.942	0.822
1528.741	0.823
1531.631	0.822
1534.391	0.821
1537.156	0.822
1539.764	0.823
1542.432	0.822
1545.232	0.822
1548.04	0.823
1550.788	0.822
1553.584	0.823
1556.322	0.822
1559.084	0.823
1561.829	0.822
1564.557	0.822
1567.382	0.822
1570.122	0.822
1572.95	0.822
1575.618	0.823
1578.371	0.822
1581.076	0.822
1583.832	0.823
1586.567	0.823
1589.406	0.822
1592.125	0.822
1594.798	0.821
1597.525	0.822
1600.334	0.822
1603.159	0.823
1605.867	0.822
1608.68	0.822
1611.473	0.822
1614.249	0.822
1616.959	0.822
1619.79	0.822
1622.494	0.822
1625.171	0.821
1627.975	0.821
1630.704	0.822
1633.414	0.823
1636.193	0.823
1639.003	0.822
1641.74	0.823
1644.437	0.822
1647.152	0.822
1649.792	0.823
1652.6	0.823
1655.406	0.822
1658.195	0.822
1660.87	0.823
1663.564	0.822
1666.337	0.822
1669.031	0.823
1671.859	0.823
1674.684	0.822
1677.504	0.823
1680.243	0.823
1682.987	0.823
1685.715	0.822
1688.472	0.823
1691.229	0.823
1694.04	0.823
1696.796	0.824
1699.541	0.824
1702.233	0.823
1705.031	0.823
1707.817	0.823
1710.544	0.824
1713.309	0.824
1716.096	0.824
1718.784	0.823
1721.458	0.823
1724.174	0.823
1726.909	0.823
1729.601	0.823
1732.36	0.823
1735.018	0.822
1737.802	0.822
1740.643	0.824
1743.446	0.823
1746.14	0.823
1748.882	0.822
1751.699	0.822
1754.46	0.823
1757.271	0.822
1760.086	0.822
1762.782	0.822
1765.64	0.822
1768.501	0.822
1771.232	0.822
1774.015	0.822
1776.689	0.822
1779.411	0.821
1782.293	0.822
1784.999	0.822
1787.84	0.821
1790.648	0.822
1793.417	0.822
1796.243	0.822
1799.019	0.822
1801.737	0.822
1804.451	0.822
1807.169	0.822
1809.925	0.822
1812.708	0.821
1815.486	0.822
1818.186	0.822
1821.008	0.823
1823.737	0.822
1826.536	0.822
1829.275	0.823
1832.134	0.823
1834.822	0.823
1837.546	0.822
1840.254	0.823
1842.98	0.823
1845.828	0.823
1848.631	0.822
1851.376	0.821
1854.174	0.822
1856.975	0.823
1859.7	0.823
1862.473	0.824
1865.287	0.823
1868.058	0.823
1870.875	0.823
1873.618	0.823
1876.466	0.823
1879.255	0.823
1881.966	0.823
1884.674	0.822
1887.427	0.822
1890.213	0.823
1893.003	0.822
1895.757	0.822
1898.534	0.822
1901.274	0.822
1903.965	0.822
1906.684	0.823
1909.489	0.823
1912.183	0.822
1914.961	0.821
1917.707	0.821
1920.419	0.821
1923.181	0.822
1925.924	0.822
1928.741	0.822
1931.489	0.822
1934.148	0.823
1936.966	0.821
1939.744	0.822
1942.497	0.821
1945.21	0.822
1947.906	0.822
1950.593	0.822
1953.315	0.823
1956.132	0.823
1958.807	0.822
1961.553	0.823
1964.299	0.823
1966.977	0.823
1969.717	0.823
1972.417	0.822
1975.284	0.822
1977.998	0.823
1980.702	0.822
1983.483	0.822
1986.26	0.823
1989.079	0.823
1991.862	0.822
1994.704	0.823
1997.426	0.823
2000.122	0.823
2002.899	0.823
2005.68	0.823
2008.343	0.823
2011.012	0.823
2013.776	0.824
2016.547	0.823
2019.304	0.823
2022.102	0.824
2024.898	0.824
2027.669	0.823
2030.352	0.824
2033.141	0.824
2035.845	0.824
2038.547	0.823
2041.4	0.823
2044.11	0.824
2046.846	0.824
2049.557	0.824
2052.304	0.824
2055.096	0.823
2057.752	0.823
2060.457	0.823
2063.218	0.824
2066.077	0.824
2068.859	0.823
2071.601	0.823
2074.363	0.822
2077.131	0.824
2079.869	0.823
2082.697	0.823
2085.468	0.823
2088.139	0.823
2090.935	0.824
2093.724	0.823
2096.46	0.824
2099.221	0.823
2101.894	0.822
2104.588	0.823
2107.402	0.823
2110.143	0.823
2112.905	0.823
2115.566	0.822
2118.369	0.823
2121.079	0.823
2123.841	0.822
2126.528	0.824
2129.23	0.823
2131.886	0.822
2134.644	0.823
2137.346	0.822
2140.039	0.823
2142.815	0.823
2145.651	0.823
2148.312	0.823
2151.116	0.824
2153.942	0.824
2156.716	0.824
2159.418	0.823
2162.087	0.823
2164.847	0.824
2167.665	0.823
2170.474	0.823
2173.222	0.822
2175.999	0.822
2178.804	0.823
2181.531	0.822
2184.255	0.823
2186.964	0.823
2189.658	0.822
2192.39	0.822
2195.195	0.823
2198.036	0.822
2200.812	0.823
2203.573	0.822
2206.408	0.824
2209.079	0.824
2211.79	0.824
2214.617	0.823
2217.32	0.823
2220.158	0.823
2222.969	0.823
2225.744	0.824
2228.612	0.823
2231.424	0.823
2234.2	0.823
2237.027	0.822
2239.732	0.822
2242.513	0.822
2245.199	0.822
2247.918	0.822
2250.709	0.822
2253.414	0.822
2256.312	0.823
2258.97	0.823
2261.702	0.823
2264.551	0.822
2267.278	0.822
2270.109	0.823
2272.807	0.823
2275.634	0.822
2278.438	0.822
2281.132	0.822
2283.899	0.823
2286.666	0.822
2289.409	0.822
2292.148	0.822
2294.861	0.823
2297.689	0.823
2300.388	0.822
2303.215	0.822
2305.968	0.822
2308.707	0.822
2311.504	0.822
2314.378	0.823
2317.17	0.822
2320.015	0.823
2322.791	0.822
2325.593	0.821
2328.351	0.823
2331.097	0.823
2333.819	0.823
2336.597	0.823
2339.449	0.822
2342.319	0.823
2345.112	0.823
2347.814	0.823
2350.599	0.824
2353.287	0.824
2356.007	0.824
2358.778	0.824
2361.497	0.823
2364.206	0.824
2366.876	0.823
2369.538	0.824
2372.369	0.823
2375.065	0.823
2377.76	0.823
2380.48	0.823
2383.186	0.824
2385.885	0.823
2388.627	0.822
2391.445	0.824
2394.158	0.823
2396.982	0.823
2399.73	0.823
2402.48	0.823
2405.245	0.824
2408.048	0.824
2410.693	0.823
2413.477	0.823
2416.29	0.823
2419.002	0.823
2421.794	0.823
2424.514	0.824
2427.185	0.824
2429.914	0.824
2432.604	0.823
2435.313	0.823
2438.092	0.824
2440.865	0.823
2443.695	0.824
2446.491	0.824
2449.277	0.824
2452.033	0.824
2454.84	0.823
2457.628	0.824
2460.327	0.824
2463.086	0.824
2465.883	0.824
2468.609	0.824
2471.439	0.824
2474.158	0.824
2476.898	0.824
2479.576	0.824
2482.389	0.824
2485.066	0.824
2487.881	0.824
2490.608	0.825
2493.347	0.824
2496.118	0.824
2498.79	0.824
2501.513	0.824
2504.214	0.823
2506.995	0.823
2509.694	0.824
2512.387	0.824
2515.175	0.824
2517.956	0.824
2520.681	0.824
2523.458	0.824
2526.153	0.824
2528.876	0.824
2531.523	0.824
2534.196	0.824
2536.913	0.824
2539.61	0.825
2542.503	0.823
2545.285	0.824
2548.124	0.824
2550.834	0.825
2553.545	0.825
2556.406	0.825
2559.183	0.825
2561.89	0.825
2564.677	0.824
2567.414	0.825
2570.194	0.825
2572.901	0.825
2575.556	0.825
2578.31	0.824
2581.063	0.825
2583.805	0.824
2586.594	0.825
2589.37	0.824
2592.21	0.824
2595.034	0.824
2597.762	0.824
2600.574	0.824
2603.358	0.824
2606.009	0.825
2608.756	0.825
2611.554	0.825
2614.238	0.825
2617.016	0.825
2619.686	0.825
2622.515	0.826
2625.317	0.826
2628.036	0.826
2630.738	0.826
2633.454	0.826
2636.311	0.825
2639.101	0.825
2641.906	0.825
2644.696	0.825
2647.56	0.825
2650.275	0.824
2653.084	0.825
2655.89	0.824
2658.629	0.825
2661.387	0.825
2664.197	0.825
2666.834	0.825
2669.566	0.824
2672.229	0.824
2674.991	0.825
2677.784	0.825
2680.578	0.825
2683.358	0.825
2686.08	0.825
2688.851	0.824
2691.589	0.824
2694.277	0.825
2696.988	0.825
2699.651	0.825
2702.419	0.825
2705.141	0.825
2707.8	0.825
2710.585	0.824
2713.34	0.825
2716.129	0.825
2718.808	0.825
2721.606	0.825
2724.288	0.825
2727.079	0.825
2729.811	0.825
2732.535	0.824
2735.312	0.825
2738.069	0.825
2740.769	0.825
2743.417	0.825
2746.111	0.825
2748.819	0.825
2751.536	0.825
2754.298	0.825
2757.046	0.824
2759.809	0.824
2762.497	0.824
2765.089	0.824
2767.825	0.825
2770.575	0.824
2773.253	0.825
2776.044	0.824
2778.84	0.824
2781.544	0.824
2784.254	0.825
2786.975	0.825
2789.702	0.825
2792.448	0.825
2795.262	0.825
2797.997	0.824
2800.833	0.824
2803.623	0.824
2806.307	0.825
2809.051	0.823
2811.721	0.824
2814.401	0.823
2817.1	0.824
2819.875	0.823
2822.643	0.823
2825.427	0.824
2828.14	0.825
2830.82	0.824
2833.53	0.824
2836.326	0.824
2839.049	0.824
2841.824	0.824
2844.651	0.824
2847.32	0.824
2850.144	0.823
2852.975	0.824
2855.708	0.824
2858.346	0.824
2861.009	0.824
2863.756	0.824
2866.446	0.824
2869.162	0.825
2871.942	0.824
2874.691	0.823
2877.359	0.824
2880.081	0.825
2882.838	0.824
2885.597	0.825
2888.417	0.824
2891.239	0.823
2894.091	0.825
2896.892	0.824
2899.627	0.824
2902.424	0.824
2905.085	0.824
2907.804	0.825
2910.479	0.824
2913.228	0.825
2916.01	0.824
2918.829	0.824
2921.605	0.824
2924.237	0.825
2926.953	0.824
2929.679	0.824
2932.417	0.825
2935.096	0.824
2937.864	0.824
2940.626	0.824
2943.294	0.823
2946.002	0.823
2948.75	0.823
2951.486	0.824
2954.21	0.824
2957.053	0.824
2959.864	0.825
2962.605	0.824
2965.397	0.824
2968.179	0.824
2971.002	0.825
2973.816	0.824
2976.643	0.824
2979.382	0.824
2982.173	0.824
2984.889	0.824
2987.675	0.824
2990.482	0.823
2993.202	0.824
2995.958	0.824
2998.651	0.824
3001.372	0.825
3004.133	0.825
3006.889	0.825
3009.692	0.824
3012.499	0.824
3015.364	0.825
3018.095	0.824
3020.848	0.825
3023.597	0.825
3026.377	0.824
3029.081	0.825
3031.785	0.824
3034.585	0.824
3037.322	0.824
3040.018	0.823
3042.826	0.824
3045.641	0.825
3048.408	0.824
3051.187	0.824
3053.931	0.824
3056.672	0.824
3059.508	0.824
3062.303	0.825
3064.964	0.824
3067.707	0.824
3070.538	0.824
3073.27	0.824
3076.08	0.825
3078.699	0.825
3081.442	0.825
3084.24	0.824
3086.933	0.825
3089.795	0.825
3092.523	0.824
3095.153	0.825
3097.894	0.824
3100.637	0.824
3103.395	0.824
3106.081	0.824
3108.852	0.825
3111.677	0.824
3114.503	0.825
3117.335	0.824
3120.057	0.824
3122.873	0.825
3125.634	0.824
3128.447	0.825
3131.259	0.825
3134.047	0.825
3136.746	0.824
3139.5	0.825
3142.265	0.825
3145.023	0.825
3147.751	0.826
3150.401	0.825
3153.117	0.825
3155.823	0.825
3158.598	0.824
3161.35	0.825
3164.034	0.825
3166.693	0.825
3169.408	0.824
3172.195	0.824
3174.843	0.824
3177.531	0.824
3180.224	0.825
3183.072	0.823
3185.889	0.824
3188.693	0.824
3191.365	0.823
3194.144	0.824
3196.941	0.824
3199.693	0.823
3202.409	0.823
3205.247	0.824
3207.985	0.823
3210.669	0.824
3213.473	0.823
3216.338	0.824
3219.028	0.824
3221.757	0.824
3224.55	0.824
3227.35	0.824
3230.197	0.824
3232.858	0.825
3235.655	0.824
3238.363	0.823
3241.046	0.824
3243.818	0.824
3246.549	0.824
3249.367	0.824
3252.029	0.825
3254.735	0.824
3257.477	0.825
3260.197	0.824
3262.92	0.825
3265.602	0.825
3268.379	0.824
3271.106	0.825
3273.804	0.825
3276.55	0.825
3279.266	0.825
3281.934	0.826
3284.672	0.824
3287.434	0.824
3290.105	0.824
3292.86	0.824
3295.579	0.825
3298.353	0.824
3301.182	0.824
3304.008	0.824
3306.751	0.824
3309.527	0.824
3312.224	0.824
3315.073	0.825
3317.852	0.829
3320.577	0.833
3323.326	0.835
3326.063	0.837
3328.793	0.836
3331.611	0.837
3334.347	0.838
3337.102	0.838
3339.863	0.839
3342.591	0.839
3345.24	0.839
3348.05	0.838
3350.735	0.839
3353.487	0.838
3356.194	0.839
3358.981	0.839
3361.754	0.84
3364.474	0.839
3367.241	0.84
3369.945	0.84
3372.71	0.84
3375.382	0.84
3378.04	0.841
3380.67	0.841
3383.447	0.841
3386.204	0.84
3388.957	0.841
3391.754	0.841
3394.484	0.841
3397.276	0.841
3400.019	0.841
3402.68	0.841
3405.483	0.841
3408.272	0.841
3411.039	0.841
3413.756	0.841
3416.547	0.841
3419.323	0.841
3422.057	0.841
3424.787	0.84
3427.545	0.84
3430.27	0.841
3433.025	0.84
3435.732	0.842
3438.467	0.841
3441.341	0.842
3444.074	0.842
3446.869	0.842
3449.672	0.841
3452.365	0.841
3455.112	0.842
3457.807	0.841
3460.563	0.841
3463.33	0.841
3466.119	0.841
3468.907	0.841
3471.65	0.841
3474.42	0.841
3477.188	0.841
3479.898	0.842
3482.656	0.842
3485.383	0.842
3488.209	0.842
3490.997	0.842
3493.76	0.842
3496.618	0.842
3499.427	0.842
3502.207	0.842
3505.005	0.842
3507.845	0.842
3510.592	0.842
3513.325	0.842
3516.083	0.842
3518.894	0.841
3521.639	0.843
3524.322	0.843
3527.08	0.841
3529.873	0.842
3532.637	0.842
3535.366	0.843
3538.17	0.843
3540.911	0.842
3543.629	0.843
3546.289	0.843
3549.068	0.842
3551.912	0.842
3554.601	0.843
3557.336	0.842
3560.112	0.842
3562.816	0.842
3565.478	0.842
3568.189	0.842
3571.037	0.842
3573.688	0.843
3576.465	0.842
3579.24	0.843
3582.061	0.842
3584.775	0.842
3587.628	0.843
3590.336	0.843
3593.12	0.843
3595.928	0.843
3598.639	0.843
3601.386	0.843
3604.135	0.843
3606.872	0.843
3609.664	0.844
3612.357	0.842
3615.093	0.843
3617.793	0.843
3620.603	0.843
3623.403	0.843
3626.149	0.843
3628.87	0.843
3631.557	0.844
3634.192	0.844
3636.917	0.845
3639.686	0.844
3642.514	0.843
3645.296	0.844
3647.972	0.845
3650.807	0.844
3653.525	0.844
3656.344	0.845
3659.031	0.844
3661.711	0.844
3664.471	0.845
3667.186	0.844
3669.91	0.844
3672.706	0.844
3675.428	0.844
3678.151	0.844
3680.954	0.844
3683.813	0.845
3686.689	0.845
3689.422	0.845
3692.153	0.844
3694.945	0.845
3697.765	0.845
3700.541	0.845
3703.272	0.844
3706.045	0.845
3708.783	0.845
3711.5	0.845
3714.227	0.845
3717.059	0.845
3719.811	0.845
3722.576	0.845
3725.352	0.846
3728.109	0.845
3730.919	0.845
3733.663	0.846
3736.387	0.845
3739.206	0.845
3741.995	0.845
3744.809	0.846
3747.542	0.845
3750.228	0.845
3752.999	0.845
3755.717	0.845
3758.444	0.845
3761.21	0.844
3763.971	0.845
3766.693	0.846
3769.436	0.845
3772.194	0.846
3774.984	0.845
3777.718	0.845
3780.441	0.845
3783.266	0.846
3786.003	0.846
3788.848	0.845
3791.592	0.846
3794.335	0.845
3797.098	0.844
3799.865	0.845
3802.658	0.845
3805.425	0.845
3808.2	0.845
3810.958	0.845
3813.648	0.845
3816.453	0.844
3819.302	0.845
3822.147	0.844
3824.899	0.844
3827.725	0.845
3830.451	0.846
3833.208	0.845
3835.946	0.845
3838.743	0.844
3841.597	0.845
3844.398	0.845
3847.161	0.845
3849.936	0.845
3852.639	0.844
3855.455	0.845
3858.223	0.845
3860.971	0.845
3863.748	0.845
3866.497	0.846
3869.333	0.845
3872.153	0.846
3874.917	0.846
3877.723	0.844
3880.427	0.844
3883.163	0.845
3885.979	0.845
3888.878	0.845
3891.596	0.846
3894.375	0.845
3897.14	0.845
3899.988	0.846
3902.727	0.846
3905.579	0.846
3908.26	0.846
3911.012	0.845
3913.701	0.847
3916.459	0.846
3919.226	0.847
3922.088	0.846
3924.874	0.846
3927.729	0.846
3930.556	0.846
3933.301	0.846
3936.063	0.846
3938.873	0.846
3941.705	0.846
3944.42	0.846
3947.149	0.847
3949.89	0.847
3952.662	0.847
3955.458	0.846
3958.286	0.846
3960.96	0.847
3963.662	0.846
3966.467	0.846
3969.246	0.846
3971.971	0.846
3974.728	0.846
3977.445	0.846
3980.194	0.847
3982.955	0.846
3985.72	0.846
3988.377	0.847
3991.21	0.846
3994.036	0.846
3996.818	0.846
3999.575	0.846
4002.356	0.846
4005.064	0.847
4007.853	0.846
4010.497	0.845
4013.226	0.846
4016.027	0.847
4018.763	0.846
4021.445	0.846
4024.16	0.847
4026.954	0.846
4029.667	0.846
4032.437	0.846
4035.221	0.846
4038.008	0.847
4040.812	0.847
4043.601	0.847
4046.435	0.848
4049.325	0.847
4052.093	0.847
4054.881	0.846
4057.603	0.847
4060.318	0.847
4063.061	0.847
4065.792	0.846
4068.543	0.847
4071.237	0.848
4074.008	0.847
4076.826	0.846
4079.586	0.846
4082.282	0.846
4085.029	0.846
4087.852	0.847
4090.695	0.847
4093.442	0.846
4096.221	0.846
4099.0	0.847
4101.753	0.846
4104.55	0.846
4107.302	0.846
4109.99	0.846
4112.731	0.846
4115.5	0.846
4118.271	0.846
4121.07	0.846
4123.794	0.847
4126.537	0.846
4129.217	0.847
4132.119	0.846
4134.79	0.846
4137.454	0.846
4140.093	0.847
4142.75	0.846
4145.543	0.846
4148.246	0.847
4151.063	0.846
4153.817	0.845
4156.498	0.847
4159.232	0.846
4161.955	0.847
4164.754	0.846
4167.494	0.847
4170.239	0.847
4173.043	0.847
4175.766	0.846
4178.549	0.847
4181.26	0.846
4183.98	0.846
4186.738	0.846
4189.554	0.846
4192.359	0.847
4195.238	0.847
4198.058	0.847
4200.877	0.846
4203.612	0.847
4206.304	0.847
4209.054	0.847
4211.889	0.847
4214.612	0.846
4217.266	0.847
4220.031	0.847
4222.889	0.847
4225.556	0.847
4228.269	0.847
4231.028	0.847
4233.8	0.847
4236.576	0.846
4239.292	0.846
4242.038	0.846
4244.754	0.846
4247.523	0.847
4250.209	0.846
4252.954	0.847
4255.641	0.846
4258.3	0.847
4260.996	0.847
4263.732	0.847
4266.529	0.847
4269.185	0.847
4271.899	0.847
4274.573	0.847
4277.299	0.847
4280.069	0.846
4282.864	0.847
4285.582	0.846
4288.327	0.846
4291.022	0.846
4293.793	0.846
4296.528	0.847
4299.2	0.847
4301.921	0.846
4304.771	0.847
4307.52	0.847
4310.319	0.846
4313.035	0.846
4315.759	0.846
4318.586	0.847
4321.349	0.847
4324.065	0.847
4326.769	0.847
4329.598	0.846
4332.371	0.847
4335.136	0.847
4337.959	0.846
4340.736	0.847
4343.506	0.847
4346.419	0.847
4349.236	0.846
4351.999	0.848
4354.796	0.846
4357.569	0.846
4360.354	0.847
4363.1	0.847
4365.939	0.847
4368.64	0.846
4371.376	0.847
4374.201	0.847
4377.001	0.847
4379.817	0.848
4382.559	0.847
4385.281	0.847
4388.066	0.847
4390.817	0.847
4393.503	0.847
4396.189	0.846
4399.005	0.846
4401.795	0.847
4404.586	0.847
4407.287	0.846
4410.021	0.847
4412.845	0.847
4415.507	0.847
4418.253	0.848
4421.032	0.847
4423.751	0.847
4426.459	0.846
4429.15	0.847
4431.893	0.847
4434.654	0.847
4437.439	0.847
4440.211	0.847
4442.942	0.847
4445.761	0.847
4448.455	0.848
4451.155	0.847
4453.826	0.847
4456.607	0.847
4459.317	0.847
4462.104	0.846
4464.841	0.847
4467.597	0.847
4470.366	0.847
4473.044	0.847
4475.833	0.847
4478.578	0.847
4481.291	0.847
4484.104	0.846
4486.917	0.847
4489.666	0.847
4492.431	0.847
4495.23	0.847
4497.979	0.847
4500.721	0.848
4503.42	0.848
4506.178	0.847
4508.969	0.848
4511.675	0.848
4514.525	0.848
4517.298	0.848
4519.922	0.848
4522.598	0.848
4525.409	0.848
4528.235	0.848
4530.978	0.848
4533.766	0.849
4536.54	0.848
4539.356	0.847
4542.076	0.848
4544.824	0.848
4547.649	0.848
4550.495	0.847
4553.302	0.847
4556.129	0.848
4558.817	0.848
4561.525	0.848
4564.281	0.847
4566.944	0.847
4569.783	0.848
4572.515	0.848
4575.254	0.847
4577.97	0.846
4580.788	0.847
4583.424	0.847
4586.261	0.847
4589.0	0.847
4591.806	0.847
4594.531	0.848
4597.291	0.847
4600.056	0.847
4602.767	0.848
4605.504	0.847
4608.284	0.848
4610.958	0.848
4613.742	0.847
4616.43	0.848
4619.208	0.847
4622.018	0.848
4624.648	0.848
4627.36	0.847
4630.134	0.848
4632.837	0.847
4635.588	0.847
4638.295	0.846
4640.997	0.847
4643.741	0.848
4646.47	0.847
4649.288	0.848
4651.989	0.848
4654.734	0.848
4657.433	0.848
4660.144	0.847
4662.94	0.847
4665.755	0.847
4668.417	0.849
4671.059	0.848
4673.807	0.848
4676.455	0.848
4679.202	0.848
4681.979	0.848
4684.729	0.848
4687.504	0.849
4690.298	0.848
4693.115	0.848
4695.905	0.848
4698.66	0.848
4701.416	0.848
4704.1	0.848
4706.828	0.848
4709.522	0.848
4712.219	0.848
4715.028	0.847
4717.787	0.847
4720.507	0.848
4723.247	0.848
4726.043	0.848
4728.812	0.848
4731.488	0.848
4734.14	0.847
4736.874	0.848
4739.731	0.848
4742.497	0.848
4745.211	0.848
4747.99	0.848
4750.767	0.849
4753.436	0.848
4756.147	0.847
4759.015	0.848
4761.812	0.848
4764.517	0.849
4767.333	0.849
4770.0	0.848
4772.719	0.848
4775.488	0.849
4778.269	0.849
4780.99	0.849
4783.773	0.848
4786.524	0.848
4789.262	0.849
4791.94	0.849
4794.619	0.849
4797.424	0.849
4800.207	0.848
4802.89	0.848
4805.52	0.848
4808.192	0.848
4810.936	0.848
4813.722	0.849
4816.563	0.848
4819.355	0.848
4822.107	0.847
4824.83	0.848
4827.587	0.849
4830.412	0.848
4833.129	0.848
4835.889	0.848
4838.587	0.848
4841.27	0.849
4844.007	0.848
4846.691	0.849
4849.403	0.849
4852.04	0.848
4854.858	0.848
4857.576	0.848
4860.299	0.849
4863.168	0.848
4866.06	0.848
4868.903	0.848
4871.686	0.849
4874.459	0.848
4877.283	0.849
4879.94	0.849
4882.76	0.848
4885.499	0.848
4888.261	0.848
4891.058	0.848
4893.755	0.848
4896.516	0.849
4899.301	0.848
4901.982	0.848
4904.756	0.849
4907.491	0.849
4910.327	0.849
4913.082	0.849
4915.874	0.85
4918.657	0.849
4921.483	0.849
4924.174	0.849
4926.997	0.85
4929.76	0.849
4932.52	0.849
4935.262	0.849
4938.115	0.849
4940.871	0.849
4943.603	0.849
4946.322	0.848
4949.082	0.849
4951.835	0.849
4954.534	0.849
4957.266	0.849
4960.042	0.848
4962.754	0.849
4965.468	0.849
4968.257	0.849
4971.024	0.849
4973.762	0.849
4976.508	0.848
4979.246	0.849
4982.08	0.85
4984.871	0.849
4987.65	0.849
4990.391	0.849
4993.123	0.849
4995.909	0.85
4998.614	0.85
5001.379	0.849
5004.181	0.85
5006.931	0.849
5009.656	0.849
5012.246	0.849
5015.075	0.849
5017.881	0.849
5020.577	0.849
5023.39	0.849
5026.144	0.849
5028.849	0.849
5031.606	0.849
5034.353	0.848
5037.044	0.849
5039.799	0.849
5042.477	0.849
5045.168	0.848
5047.86	0.849
5050.567	0.848
5053.286	0.848
5056.025	0.849
5058.664	0.848
5061.333	0.848
5064.04	0.849
5066.807	0.849
5069.602	0.848
5072.281	0.849
5075.007	0.849
5077.682	0.849
5080.454	0.849
5083.208	0.848
5086.009	0.849
5088.787	0.849
5091.55	0.849
5094.241	0.849
5096.995	0.849
5099.854	0.849
5102.582	0.849
5105.349	0.848
5108.036	0.849
5110.716	0.85
5113.382	0.849
5116.177	0.849
5118.899	0.849
5121.662	0.848
5124.362	0.849
5127.114	0.849
5129.936	0.848
5132.64	0.848
5135.473	0.85
5138.227	0.848
5140.992	0.849
5143.69	0.848
5146.391	0.848
5149.128	0.849
5151.86	0.848
5154.605	0.849
5157.354	0.849
5160.108	0.848
5162.943	0.848
5165.76	0.849
5168.491	0.849
5171.24	0.849
5173.911	0.849
5176.639	0.849
5179.365	0.849
5182.168	0.849
5184.811	0.848
5187.479	0.849
5190.285	0.849
5193.002	0.849
5195.754	0.849
5198.571	0.849
5201.169	0.849
5203.88	0.85
5206.632	0.849
5209.484	0.85
5212.287	0.85
5215.053	0.849
5217.715	0.85
5220.352	0.849
5223.138	0.849
5225.925	0.85
5228.672	0.849
5231.361	0.849
5234.138	0.849
5236.904	0.849
5239.748	0.849
5242.519	0.849
5245.302	0.849
5248.057	0.849
5250.844	0.849
5253.551	0.849
5256.242	0.849
5258.937	0.848
5261.626	0.848
5264.433	0.849
5267.216	0.848
5269.856	0.849
5272.691	0.849
5275.487	0.848
5278.226	0.848
5280.899	0.849
5283.64	0.849
5286.409	0.849
5289.185	0.848
5291.954	0.848
5294.663	0.85
5297.422	0.849
5300.23	0.849
5302.94	0.849
5305.719	0.848
5308.418	0.85
5311.12	0.849
5313.972	0.849
5316.694	0.849
5319.475	0.849
5322.332	0.849
5325.105	0.849
5327.812	0.849
5330.56	0.849
5333.303	0.849
5335.961	0.849
5338.682	0.849
5341.421	0.849
5344.186	0.849
5346.89	0.849
5349.692	0.85
5352.449	0.849
5355.151	0.849
5357.864	0.849
5360.664	0.849
5363.452	0.849
5366.157	0.849
5368.822	0.849
5371.578	0.848
5374.307	0.849
5377.05	0.849
5379.823	0.85
5382.54	0.85
5385.318	0.849
5388.039	0.849
5390.878	0.848
5393.571	0.849
5396.259	0.849
5399.006	0.849
5401.658	0.849
5404.467	0.849
5407.305	0.849
5410.012	0.849
5412.73	0.849
5415.445	0.849
5418.263	0.849
5420.986	0.849
5423.672	0.849
5426.405	0.85
5429.141	0.849
5431.903	0.849
5434.698	0.85
5437.372	0.849
5440.138	0.85
5442.876	0.849
5445.608	0.849
5448.285	0.849
5451.167	0.849
5453.901	0.85
5456.638	0.849
5459.335	0.849
5462.105	0.849
5464.956	0.849
5467.7	0.849
5470.436	0.849
5473.205	0.849
5475.974	0.848
5478.683	0.849
5481.456	0.849
5484.181	0.849
5486.927	0.848
5489.698	0.849
5492.493	0.849
5495.225	0.849
5497.95	0.849
5500.744	0.85
5503.518	0.849
5506.276	0.849
5509.076	0.849
5511.716	0.849
5514.561	0.848
5517.196	0.85
5519.946	0.849
5522.673	0.849
5525.501	0.849
5528.279	0.849
5531.072	0.849
5533.796	0.849
5536.472	0.849
5539.129	0.849
5541.759	0.85
5544.452	0.849
5547.165	0.85
5549.867	0.849
5552.534	0.85
5555.248	0.849
5558.027	0.849
5560.683	0.85
5563.455	0.849
5566.204	0.849
5568.962	0.849
5571.815	0.849
5574.58	0.85
5577.223	0.849
5580.021	0.849
5582.728	0.849
5585.516	0.849
5588.254	0.849
5590.971	0.849
5593.709	0.849
5596.425	0.849
5599.086	0.849
5601.804	0.849
5604.438	0.85
5607.188	0.85
5609.907	0.849
5612.709	0.85
5615.49	0.849
5618.213	0.85
5620.989	0.85
5623.773	0.85
5626.452	0.85
5629.271	0.85
5632.088	0.849
5634.902	0.849
5637.683	0.85
5640.435	0.85
5643.106	0.85
5645.812	0.849
5648.531	0.849
5651.304	0.85
5654.027	0.85
5656.754	0.849
5659.496	0.849
5662.283	0.848
5664.944	0.849
5667.611	0.849
5670.329	0.849
5673.129	0.849
5675.792	0.85
5678.597	0.849
5681.36	0.849
5684.128	0.848
5686.912	0.849
5689.651	0.849
5692.455	0.849
5695.312	0.849
5698.057	0.849
5700.752	0.849
5703.465	0.849
5706.17	0.849
5708.922	0.849
5711.669	0.849
5714.397	0.848
5717.201	0.848
5719.916	0.849
5722.711	0.848
5725.474	0.849
5728.206	0.849
5730.994	0.848
5733.719	0.849
5736.41	0.849
5739.169	0.849
5741.889	0.849
5744.636	0.849
5747.33	0.849
5750.073	0.849
5752.9	0.849
5755.621	0.848
5758.408	0.849
5761.127	0.849
5763.826	0.848
5766.648	0.849
5769.351	0.848
5772.078	0.849
5774.881	0.849
5777.647	0.849
5780.497	0.849
5783.206	0.849
5786.005	0.848
5788.794	0.848
5791.602	0.849
5794.244	0.849
5797.007	0.849
5799.782	0.849
5802.567	0.848
5805.223	0.849
5807.979	0.849
5810.844	0.848
5813.636	0.849
5816.382	0.849
5819.181	0.849
5821.979	0.849
5824.701	0.85
5827.425	0.849
5830.203	0.849
5832.898	0.85
5835.621	0.849
5838.338	0.849
5841.155	0.849
5843.871	0.849
5846.701	0.848
5849.399	0.848
5852.217	0.849
5854.925	0.849
5857.624	0.849
5860.405	0.849
5863.198	0.849
5865.881	0.848
5868.625	0.848
5871.389	0.849
5874.118	0.849
5876.89	0.849
5879.631	0.849
5882.407	0.849
5885.199	0.849
5887.893	0.849
5890.608	0.849
5893.407	0.849
5896.173	0.849
5898.998	0.849
5901.719	0.848
5904.464	0.849
5907.205	0.848
5909.867	0.848
5912.678	0.849
5915.457	0.848
5918.133	0.848
5920.81	0.848
5923.498	0.849
5926.198	0.849
5928.997	0.849
5931.658	0.848
5934.348	0.849
5937.188	0.848
5939.896	0.849
5942.695	0.848
5945.38	0.849
5948.062	0.848
5950.871	0.848
5953.567	0.848
5956.399	0.849
5959.115	0.849
5961.906	0.849
5964.643	0.849
5967.461	0.848
5970.154	0.848
5972.836	0.848
5975.562	0.849
5978.389	0.848
5981.158	0.848
5983.923	0.849
5986.752	0.849
5989.555	0.849
5992.377	0.848
5995.125	0.849
5997.954	0.849
6000.719	0.849
6003.502	0.849
6006.235	0.849
6008.975	0.849
6011.752	0.85
6014.44	0.849
6017.231	0.849
6019.95	0.849
6022.651	0.849
6025.335	0.848
6028.033	0.849
6030.902	0.849
6033.656	0.849
6036.302	0.849
6039.052	0.849
6041.831	0.849
6044.521	0.849
6047.29	0.849
6050.014	0.849
6052.677	0.849
6055.348	0.849
6058.089	0.85
6060.853	0.849
6063.598	0.849
6066.335	0.848
6069.017	0.849
6071.786	0.849
6074.451	0.849
6077.166	0.849
6079.919	0.849
6082.623	0.849
6085.353	0.848
6088.103	0.848
6090.929	0.849
6093.728	0.848
6096.486	0.85
6099.256	0.849
6101.964	0.849
6104.7	0.849
6107.421	0.849
6110.132	0.849
6112.928	0.849
6115.686	0.849
6118.391	0.848
6121.083	0.849
6123.845	0.849
6126.506	0.85
6129.183	0.849
6132.011	0.849
6134.676	0.849
6137.408	0.849
6140.262	0.849
6142.961	0.849
6145.778	0.849
6148.529	0.849
6151.346	0.849
6154.117	0.849
6156.83	0.849
6159.653	0.849
6162.327	0.848
6165.188	0.849
6167.914	0.849
6170.656	0.849
6173.507	0.849
6176.188	0.849
6178.964	0.849
6181.792	0.849
6184.478	0.849
6187.277	0.85
6190.041	0.849
6192.817	0.85
6195.602	0.85
6198.27	0.849
6201.051	0.849
6203.875	0.849
6206.651	0.849
6209.47	0.85
6212.281	0.849
6215.092	0.849
6217.893	0.849
6220.777	0.85
6223.559	0.849
6226.287	0.849
6229.012	0.849
6231.69	0.849
6234.479	0.849
6237.227	0.849
6239.94	0.849
6242.722	0.85
6245.526	0.849
6248.283	0.85
6251.013	0.849
6253.69	0.851
6256.411	0.85
6259.214	0.849
6261.962	0.85
6264.693	0.85
6267.385	0.85
6270.145	0.849
6272.868	0.849
6275.646	0.85
6278.376	0.849
6281.176	0.849
6283.907	0.849
6286.671	0.848
6289.444	0.849
6292.176	0.85
6294.825	0.849
6297.488	0.849
6300.214	0.849
6302.93	0.849
6305.681	0.85
6308.448	0.849
6311.214	0.849
6313.953	0.85
6316.634	0.849
6319.318	0.85
6321.997	0.85
6324.762	0.849
6327.475	0.849
6330.164	0.849
6332.803	0.849
6335.519	0.849
6338.251	0.849
6341.034	0.849
6343.864	0.849
6346.68	0.849
6349.439	0.849
6352.119	0.849
6354.902	0.849
6357.525	0.848
6360.291	0.85
6363.021	0.849
6365.767	0.849
6368.508	0.849
6371.286	0.849
6374.078	0.849
6376.806	0.849
6379.493	0.849
6382.164	0.849
6384.985	0.849
6387.618	0.848
6390.259	0.849
6392.949	0.849
6395.635	0.85
6398.315	0.849
6401.152	0.849
6403.973	0.849
6406.791	0.849
6409.513	0.85
6412.252	0.849
6415.023	0.849
6417.757	0.848
6420.502	0.849
6423.274	0.849
6426.037	0.849
6428.791	0.849
6431.559	0.849
6434.297	0.849
6437.08	0.848
6439.812	0.849
6442.539	0.848
6445.174	0.848
6447.901	0.848
6450.633	0.849
6453.404	0.85
6456.211	0.848
6459.032	0.849
6461.821	0.849
6464.668	0.85
6467.418	0.849
6470.17	0.849
6472.894	0.849
6475.615	0.849
6478.388	0.849
6481.179	0.849
6483.939	0.849
6486.671	0.849
6489.443	0.849
6492.11	0.85
6494.873	0.849
6497.581	0.849
6500.261	0.849
6503.081	0.849
6505.727	0.849
6508.516	0.849
6511.25	0.849
6513.996	0.849
6516.67	0.85
6519.344	0.849
6522.048	0.849
6524.858	0.85
6527.549	0.849
6530.332	0.849
6533.103	0.848
6535.917	0.849
6538.759	0.849
6541.495	0.849
6544.147	0.849
6546.853	0.849
6549.639	0.849
6552.392	0.849
6555.142	0.849
6557.865	0.85
6560.7	0.849
6563.518	0.85
6566.289	0.849
6569.085	0.85
6571.738	0.849
6574.441	0.849
6577.249	0.85
6580.058	0.849
6582.728	0.849
6585.449	0.849
6588.11	0.849
6590.913	0.849
6593.625	0.85
6596.307	0.849
6599.109	0.848
6601.922	0.849
6604.662	0.849
6607.246	0.849
6610.06	0.849
6612.716	0.849
6615.432	0.849
6618.183	0.851
6620.96	0.851
6623.763	0.852
6626.526	0.852
6629.342	0.853
6632.143	0.853
6634.85	0.852
6637.663	0.854
6640.443	0.853
6643.15	0.853
6645.802	0.854
6648.486	0.853
6651.273	0.854
6654.046	0.854
6656.796	0.854
6659.639	0.853
6662.362	0.853
6665.081	0.853
6667.907	0.853
6670.666	0.854
6673.445	0.854
6676.229	0.854
6678.975	0.853
6681.698	0.854
6684.438	0.854
6687.065	0.854
6689.824	0.854
6692.543	0.854
6695.245	0.855
6697.925	0.854
6700.669	0.854
6703.468	0.854
6706.208	0.854
6709.052	0.854
6711.823	0.855
6714.527	0.855
6717.28	0.855
6719.985	0.855
6722.744	0.854
6725.479	0.854
6728.17	0.855
6730.893	0.855
6733.741	0.855
6736.443	0.854
6739.222	0.855
6741.917	0.854
6744.619	0.855
6747.359	0.855
6750.086	0.853
6752.828	0.855
6755.592	0.855
6758.285	0.855
6761.019	0.855
6763.726	0.855
6766.469	0.855
6769.224	0.855
6771.924	0.855
6774.763	0.855
6777.517	0.855
6780.239	0.855
6783.037	0.855
6785.743	0.855
6788.48	0.855
6791.228	0.855
6794.033	0.855
6796.824	0.855
6799.555	0.855
6802.26	0.855
6804.921	0.855
6807.702	0.855
6810.509	0.855
6813.254	0.854
6816.079	0.855
6818.827	0.856
6821.615	0.856
6824.364	0.855
6827.258	0.855
6830.052	0.856
6832.879	0.856
6835.667	0.855
6838.354	0.855
6841.009	0.856
6843.773	0.855
6846.598	0.856
6849.298	0.856
6852.049	0.855
6854.773	0.856
6857.459	0.856
6860.199	0.857
6862.915	0.856
6865.7	0.856
6868.546	0.856
6871.271	0.856
6873.94	0.856
6876.73	0.856
6879.394	0.856
6882.219	0.856
6885.01	0.856
6887.759	0.856
6890.522	0.857
6893.244	0.856
6896.051	0.857
6898.756	0.856
6901.567	0.857
6904.358	0.857
6907.025	0.857
6909.71	0.856
6912.441	0.856
6915.258	0.857
6917.986	0.857
6920.805	0.857
6923.572	0.857
6926.418	0.858
6929.25	0.857
6931.9	0.857
6934.712	0.857
6937.479	0.856
6940.239	0.856
6942.992	0.857
6945.648	0.856
6948.405	0.856
6951.154	0.856
6953.912	0.857
6956.623	0.856
6959.425	0.857
6962.233	0.856
6965.025	0.857
6967.856	0.857
6970.533	0.856
6973.341	0.857
6976.136	0.856
6978.932	0.857
6981.639	0.856
6984.354	0.856
6987.11	0.857
6989.905	0.856
6992.646	0.857
6995.373	0.856
6998.105	0.857
7000.899	0.857
7003.554	0.856
7006.346	0.857
7009.051	0.857
7011.741	0.857
7014.415	0.857
7017.224	0.857
7019.941	0.857
7022.713	0.857
7025.574	0.857
7028.356	0.857
7031.065	0.856
7033.838	0.857
7036.559	0.857
7039.342	0.857
7042.088	0.857
7044.813	0.856
7047.558	0.857
7050.347	0.856
7053.07	0.858
7055.827	0.857
7058.601	0.856
7061.314	0.857
7064.046	0.857
7066.801	0.857
7069.54	0.857
7072.203	0.857
7074.934	0.857
7077.736	0.857
7080.537	0.857
7083.182	0.857
7085.938	0.857
7088.666	0.857
7091.439	0.857
7094.247	0.857
7096.942	0.858
7099.679	0.857
7102.389	0.856
7105.005	0.857
7107.867	0.856
7110.66	0.856
7113.461	0.857
7116.11	0.857
7118.905	0.857
7121.686	0.857
7124.432	0.856
7127.091	0.857
7129.87	0.857
7132.703	0.857
7135.506	0.857
7138.203	0.857
7140.905	0.856
7143.642	0.856
7146.437	0.856
7149.222	0.857
7151.89	0.857
7154.637	0.856
7157.412	0.858
7160.138	0.857
7162.798	0.856
7165.562	0.856
7168.297	0.857
7171.017	0.857
7173.881	0.857
7176.64	0.857
7179.474	0.857
7182.222	0.857
7184.963	0.856
7187.657	0.856
7190.408	0.857
7193.124	0.857
7195.906	0.856
7198.616	0.857
7201.289	0.857
7204.016	0.857
7206.763	0.857
7209.468	0.857
7212.165	0.857
7214.889	0.857
7217.596	0.857
7220.418	0.857
7223.123	0.857
7225.838	0.857
7228.619	0.857
7231.3	0.857
7234.069	0.857
7236.844	0.857
7239.573	0.856
7242.357	0.857
7245.094	0.857
7247.771	0.857
7250.584	0.857
7253.363	0.857
7256.033	0.857
7258.835	0.857
7261.626	0.857
7264.251	0.857
7266.947	0.857
7269.754	0.857
7272.512	0.857
7275.207	0.857
7278.066	0.857
7280.85	0.857
7283.635	0.857
7286.372	0.857
7289.061	0.857
7291.785	0.856
7294.477	0.857
7297.165	0.857
7299.863	0.857
7302.696	0.857
7305.524	0.857
7308.234	0.857
7310.943	0.857
7313.676	0.857
7316.384	0.856
7319.199	0.856
7321.948	0.857
7324.775	0.857
7327.564	0.857
7330.335	0.856
7333.134	0.856
7335.864	0.857
7338.729	0.857
7341.475	0.857
7344.167	0.856
7346.881	0.856
7349.584	0.856
7352.336	0.857
7355.061	0.856
7357.744	0.857
7360.448	0.857
7363.204	0.857
7365.867	0.857
7368.581	0.857
7371.364	0.857
7374.159	0.857
7376.858	0.856
7379.571	0.857
7382.336	0.856
7385.026	0.856
7387.826	0.857
7390.599	0.856
7393.312	0.857
7396.103	0.856
7398.794	0.856
7401.475	0.856
7404.129	0.856
7406.84	0.857
7409.557	0.856
7412.273	0.857
7415.018	0.856
7417.824	0.856
7420.639	0.856
7423.361	0.856
7426.121	0.856
7428.85	0.857
7431.583	0.857
7434.444	0.856
7437.202	0.857
7440.062	0.856
7442.806	0.858
7445.622	0.857
7448.334	0.857
7451.002	0.858
7453.709	0.857
7456.464	0.857
7459.221	0.857
7461.888	0.857
7464.654	0.857
7467.371	0.857
7470.16	0.857
7472.938	0.857
7475.696	0.857
7478.462	0.857
7481.244	0.857
7483.98	0.857
7486.778	0.857
7489.494	0.857
7492.064	0.857
7494.854	0.858
7497.601	0.857
7500.305	0.857
7503.019	0.857
7505.845	0.856
7508.556	0.857
7511.224	0.856
7513.993	0.856
7516.784	0.857
7519.491	0.857
7522.201	0.857
7525.001	0.857
7527.698	0.857
7530.468	0.857
7533.235	0.857
7535.914	0.857
7538.627	0.857
7541.251	0.857
7544.016	0.857
7546.724	0.856
7549.485	0.857
7552.177	0.857
7554.851	0.857
7557.583	0.857
7560.317	0.857
7563.0	0.857
7565.837	0.857
7568.701	0.857
7571.441	0.857
7574.229	0.856
7576.937	0.857
7579.626	0.856
7582.433	0.857
7585.164	0.857
7587.867	0.858
7590.62	0.857
7593.342	0.857
7596.184	0.857
7598.989	0.858
7601.72	0.857
7604.465	0.857
7607.211	0.856
7609.922	0.857
7612.761	0.856
7615.451	0.857
7618.169	0.857
7620.867	0.857
7623.592	0.857
7626.407	0.857
7629.237	0.857
7631.925	0.857
7634.631	0.857
7637.428	0.857
7640.241	0.857
7642.976	0.858
7645.739	0.857
7648.432	0.858
7651.149	0.857
7653.823	0.857
7656.622	0.857
7659.333	0.857
7662.092	0.858
7664.807	0.857
7667.613	0.857
7670.339	0.857
7673.171	0.857
7675.955	0.856
7678.739	0.857
7681.525	0.857
7684.289	0.857
7686.92	0.858
7689.693	0.857
7692.471	0.858
7695.145	0.857
7697.916	0.858
7700.649	0.857
7703.341	0.858
7706.048	0.858
7708.748	0.857
7711.467	0.857
7714.209	0.858
7716.889	0.857
7719.635	0.858
7722.44	0.857
7725.22	0.857
7727.934	0.858
7730.681	0.858
7733.385	0.859
7736.142	0.858
7738.959	0.858
7741.607	0.858
7744.481	0.858
7747.292	0.857
7750.06	0.857
7752.767	0.858
7755.456	0.857
7758.15	0.858
7760.813	0.858
7763.589	0.858
7766.33	0.858
7769.002	0.857
7771.8	0.857
7774.534	0.858
7777.363	0.857
7780.18	0.858
7782.939	0.858
7785.575	0.857
7788.262	0.858
7791.071	0.857
7793.917	0.857
7796.63	0.857
7799.34	0.857
7802.194	0.858
7804.98	0.857
7807.727	0.858
7810.56	0.858
7813.319	0.857
7816.129	0.858
7818.908	0.858
7821.671	0.857
7824.363	0.858
7827.097	0.857
7829.853	0.858
7832.627	0.858
7835.368	0.857
7838.143	0.858
7840.819	0.858
7843.465	0.858
7846.288	0.858
7849.002	0.858
7851.718	0.858
7854.498	0.858
7857.282	0.857
7859.981	0.858
7862.743	0.858
7865.561	0.858
7868.256	0.857
7870.995	0.858
7873.726	0.858
7876.516	0.858
7879.316	0.858
7882.109	0.858
7884.874	0.858
7887.653	0.858
7890.43	0.858
7893.137	0.857
7895.788	0.858
7898.601	0.857
7901.368	0.857
7904.098	0.857
7906.747	0.858
7909.509	0.858
7912.263	0.858
7915.024	0.857
7917.69	0.857
7920.461	0.858
7923.195	0.857
7925.974	0.857
7928.66	0.857
7931.335	0.858
7934.073	0.858
7936.798	0.857
7939.562	0.857
7942.429	0.857
7945.265	0.858
7948.069	0.857
7950.795	0.857
7953.487	0.857
7956.282	0.857
7959.014	0.857
7961.701	0.857
7964.471	0.857
7967.157	0.857
7969.907	0.857
7972.733	0.857
7975.429	0.857
7978.225	0.857
7980.999	0.857
7983.743	0.857
7986.403	0.857
7989.15	0.857
7991.812	0.857
7994.51	0.857
7997.282	0.857
8000.091	0.858
8002.854	0.857
8005.578	0.857
8008.361	0.857
8011.032	0.857
8013.822	0.857
8016.512	0.857
8019.289	0.857
8022.087	0.857
8024.874	0.857
8027.716	0.858
8030.424	0.858
8033.166	0.858
8035.894	0.858
8038.717	0.858
8041.444	0.858
8044.177	0.858
8046.881	0.858
8049.677	0.857
8052.427	0.858
8055.155	0.858
8057.937	0.857
8060.74	0.858
8063.551	0.858
8066.319	0.857
8069.051	0.857
8071.784	0.858
8074.629	0.858
8077.331	0.858
8080.137	0.857
8082.822	0.858
8085.602	0.858
8088.26	0.858
8090.99	0.857
8093.738	0.857
8096.475	0.856
8099.182	0.857
8101.92	0.858
8104.669	0.858
8107.368	0.857
8110.153	0.857
8112.917	0.857
8115.545	0.858
8118.36	0.857
8121.094	0.857
8123.866	0.858
8126.707	0.857
8129.575	0.857
8132.375	0.858
8135.071	0.857
8137.831	0.857
8140.705	0.857
8143.416	0.857
8146.182	0.857
8148.963	0.857
8151.654	0.857
8154.438	0.857
8157.197	0.857
8159.989	0.857
8162.827	0.857
8165.479	0.858
8168.248	0.857
8170.951	0.858
8173.743	0.857
8176.469	0.857
8179.313	0.857
8182.052	0.857
8184.794	0.857
8187.5	0.857
8190.258	0.857
8192.914	0.858
8195.734	0.858
8198.54	0.857
8201.353	0.858
8204.227	0.857
8207.015	0.858
8209.674	0.857
8212.339	0.858
8215.151	0.857
8217.819	0.857
8220.569	0.857
8223.359	0.857
8226.158	0.857
8228.856	0.858
8231.667	0.858
8234.512	0.857
8237.326	0.858
8240.067	0.858
8242.855	0.857
8245.576	0.858
8248.335	0.857
8251.114	0.858
8253.918	0.857
8256.676	0.857
8259.348	0.858
8262.131	0.857
8264.937	0.858
8267.793	0.857
8270.487	0.858
8273.293	0.857
8276.003	0.857
8278.77	0.857
8281.465	0.857
8284.151	0.857
8286.93	0.858
8289.673	0.857
8292.457	0.857
8295.23	0.857
8297.978	0.858
8300.639	0.858
8303.412	0.858
8306.21	0.857
8309.012	0.857
8311.74	0.858
8314.565	0.858
8317.455	0.858
8320.205	0.858
8322.887	0.857
8325.546	0.858
8328.264	0.858
8331.011	0.858
8333.699	0.857
8336.349	0.858
8339.093	0.858
8341.8	0.858
8344.58	0.858
8347.244	0.857
8349.994	0.858
8352.697	0.858
8355.438	0.857
8358.264	0.857
8361.053	0.858
8363.769	0.858
8366.562	0.858
8369.351	0.858
8372.015	0.858
8374.863	0.858
8377.703	0.858
8380.5	0.858
8383.25	0.858
8386.07	0.858
8388.917	0.857
8391.55	0.859
8394.347	0.858
8397.138	0.857
8399.861	0.858
8402.624	0.858
8405.357	0.857
8408.207	0.858
8410.917	0.857
8413.594	0.858
8416.395	0.857
8419.044	0.858
8421.815	0.857
8424.657	0.858
8427.428	0.858
8430.221	0.858
8432.947	0.858
8435.646	0.857
8438.335	0.858
8441.034	0.858
8443.698	0.858
8446.435	0.857
8449.122	0.858
8451.889	0.858
8454.563	0.858
8457.29	0.858
8459.965	0.857
8462.685	0.858
8465.41	0.858
8468.099	0.857
8470.833	0.858
8473.582	0.858
8476.297	0.858
8478.954	0.858
8481.729	0.858
8484.441	0.859
8487.236	0.859
8489.928	0.858
8492.595	0.859
8495.4	0.858
8498.116	0.859
8500.872	0.858
8503.618	0.858
8506.327	0.858
8509.06	0.858
8511.9	0.859
8514.71	0.857
8517.512	0.858
8520.246	0.858
8523.029	0.858
8525.66	0.858
8528.407	0.858
8531.164	0.859
8533.903	0.858
8536.791	0.858
8539.597	0.858
8542.393	0.858
8545.166	0.858
8547.95	0.858
8550.731	0.858
8553.427	0.858
8556.18	0.859
8558.853	0.858
8561.52	0.858
8564.193	0.859
8566.887	0.858
8569.678	0.859
8572.359	0.859
8575.19	0.858
8577.902	0.858
8580.621	0.859
8583.331	0.859
8586.028	0.858
8588.766	0.858
8591.558	0.859
8594.255	0.859
8596.982	0.858
8599.677	0.858
8602.43	0.859
8605.078	0.858
8607.829	0.858
8610.681	0.858
8613.472	0.859
8616.146	0.858
8618.989	0.859
8621.664	0.858
8624.404	0.858
8627.171	0.858
8629.865	0.859
8632.656	0.858
8635.353	0.858
8638.117	0.858
8640.944	0.859
8643.792	0.859
8646.534	0.858
8649.303	0.858
8652.0	0.858
8654.751	0.858
8657.596	0.858
8660.381	0.859
8663.124	0.858
8665.802	0.858
8668.462	0.857
8671.201	0.859
8674.013	0.858
8676.787	0.858
8679.525	0.858
8682.206	0.858
8684.981	0.858
8687.714	0.858
8690.369	0.858
8693.112	0.858
8695.815	0.859
8698.519	0.857
8701.36	0.858
8704.086	0.859
8706.935	0.858
8709.74	0.858
8712.568	0.859
8715.44	0.858
8718.193	0.858
8720.836	0.859
8723.552	0.858
8726.27	0.858
8729.019	0.858
8731.729	0.858
8734.498	0.858
8737.288	0.859
8739.985	0.859
8742.734	0.858
8745.479	0.859
8748.219	0.858
8750.913	0.858
8753.641	0.858
8756.343	0.858
8759.063	0.858
8761.728	0.858
8764.4	0.858
8767.172	0.858
8769.962	0.859
8772.808	0.858
8775.596	0.858
8778.387	0.859
8781.21	0.858
8784.003	0.858
8786.853	0.859
8789.666	0.859
8792.405	0.858
8795.184	0.858
8798.0	0.858
8800.75	0.858
8803.427	0.858
8806.184	0.858
8808.919	0.858
8811.583	0.859
8814.331	0.858
8817.169	0.858
8819.864	0.859
8822.621	0.858
8825.415	0.858
8828.171	0.858
8830.938	0.858
8833.646	0.859
8836.459	0.858
8839.236	0.858
8842.068	0.859
8844.739	0.858
8847.48	0.859
8850.193	0.859
8852.877	0.858
8855.623	0.858
8858.271	0.858
8861.007	0.858
8863.72	0.858
8866.337	0.859
8869.174	0.858
8871.907	0.858
8874.656	0.858
8877.342	0.858
8880.024	0.858
8882.755	0.858
8885.498	0.858
8888.344	0.858
8891.045	0.859
8893.79	0.858
8896.538	0.859
8899.19	0.858
8901.948	0.858
8904.752	0.858
8907.589	0.858
8910.351	0.858
8913.135	0.858
8915.82	0.858
8918.553	0.858
8921.305	0.858
8923.99	0.859
8926.761	0.858
8929.565	0.858
8932.215	0.858
8934.913	0.858
8937.729	0.858
8940.526	0.858
8943.343	0.859
8946.216	0.858
8949.005	0.858
8951.833	0.858
8954.654	0.858
8957.437	0.858
8960.192	0.858
8963.01	0.857
8965.841	0.857
8968.632	0.858
8971.413	0.858
8974.142	0.858
8976.905	0.858
8979.682	0.857
8982.435	0.858
8985.217	0.858
8988.044	0.858
8990.694	0.857
8993.542	0.858
8996.33	0.858
8998.97	0.858
9001.713	0.858
9004.443	0.859
9007.123	0.859
9009.843	0.858
9012.619	0.858
9015.303	0.858
9018.084	0.858
9020.848	0.858
9023.571	0.858
9026.383	0.858
9029.104	0.858
9031.777	0.858
9034.626	0.858
9037.321	0.858
9040.002	0.857
9042.73	0.858
9045.482	0.857
9048.334	0.858
9051.146	0.858
9053.798	0.859
9056.534	0.858
9059.252	0.858
9061.941	0.858
9064.784	0.858
9067.607	0.858
9070.352	0.858
9073.098	0.858
9075.853	0.858
9078.513	0.858
9081.208	0.858
9084.056	0.858
9086.877	0.858
9089.563	0.858
9092.255	0.858
9094.928	0.859
9097.723	0.858
9100.423	0.858
9103.203	0.858
9106.032	0.857
9108.679	0.858
9111.416	0.857
9114.17	0.857
9116.862	0.858
9119.597	0.857
9122.349	0.858
9125.069	0.858
9127.891	0.858
9130.532	0.858
9133.311	0.858
9136.104	0.858
9138.863	0.859
9141.524	0.858
9144.218	0.858
9146.963	0.857
9149.612	0.858
9152.369	0.858
9155.079	0.858
9157.859	0.857
9160.633	0.859
9163.509	0.859
9166.214	0.858
9168.998	0.858
9171.695	0.858
9174.369	0.858
9177.086	0.858
9179.887	0.858
9182.654	0.858
9185.37	0.859
9188.102	0.858
9190.83	0.859
9193.571	0.859
9196.343	0.859
9199.13	0.859
9201.844	0.858
9204.626	0.859
9207.46	0.858
9210.239	0.859
9212.999	0.858
9215.73	0.858
9218.532	0.858
9221.244	0.858
9223.878	0.858
9226.705	0.858
9229.478	0.858
9232.175	0.858
9234.963	0.858
9237.686	0.858
9240.475	0.858
9243.261	0.858
9245.951	0.858
9248.737	0.858
9251.425	0.858
9254.221	0.858
9257.007	0.858
9259.776	0.858
9262.495	0.858
9265.239	0.858
9267.92	0.858
9270.69	0.858
9273.482	0.858
9276.19	0.859
9278.973	0.858
9281.657	0.858
9284.451	0.858
9287.11	0.858
9289.788	0.858
9292.533	0.858
9295.149	0.858
9297.876	0.858
9300.689	0.858
9303.359	0.859
9306.101	0.858
9308.84	0.858
9311.48	0.858
9314.226	0.858
9316.909	0.859
9319.713	0.859
9322.382	0.859
9325.222	0.859
9327.86	0.858
9330.623	0.859
9333.305	0.859
9335.967	0.859
9338.687	0.858
9341.456	0.859
9344.151	0.858
9346.812	0.858
9349.542	0.858
9352.236	0.859
9354.94	0.859
9357.685	0.858
9360.431	0.859
9363.232	0.858
9366.059	0.859
9368.762	0.858
9371.6	0.858
9374.303	0.858
9377.114	0.859
9379.954	0.858
9382.707	0.859
9385.358	0.858
9388.146	0.859
9390.841	0.858
9393.577	0.859
9396.26	0.858
9399.026	0.858
9401.855	0.859
9404.607	0.858
9407.301	0.859
9410.054	0.858
9412.857	0.858
9415.551	0.858
9418.233	0.858
9421.073	0.859
9423.92	0.859
9426.671	0.859
9429.415	0.858
9432.17	0.859
9434.816	0.858
9437.533	0.858
9440.244	0.859
9442.976	0.858
9445.655	0.859
9448.311	0.858
9451.073	0.858
9453.806	0.858
9456.479	0.858
9459.338	0.858
9462.183	0.858
9464.969	0.858
9467.633	0.858
9470.404	0.858
9473.18	0.858
9475.918	0.858
9478.673	0.858
9481.445	0.858
9484.237	0.858
9486.938	0.858
9489.655	0.858
9492.469	0.858
9495.234	0.858
9497.966	0.858
9500.669	0.858
9503.343	0.857
9506.09	0.857
9508.857	0.857
9511.714	0.857
9514.42	0.857
9517.151	0.858
9519.905	0.857
9522.702	0.857
9525.44	0.857
9528.275	0.858
9530.991	0.858
9533.774	0.857
9536.506	0.857
9539.262	0.858
9542.05	0.857
9544.836	0.857
9547.495	0.858
9550.22	0.858
9552.982	0.857
9555.627	0.857
9558.39	0.858
9561.084	0.858
9563.828	0.857
9566.545	0.857
9569.374	0.858
9572.047	0.858
9574.729	0.857
9577.423	0.858
9580.136	0.857
9582.769	0.857
9585.455	0.857
9588.308	0.857
9591.009	0.857
9593.671	0.858
9596.31	0.857
9599.138	0.857
9601.925	0.857
9604.597	0.858
9607.324	0.858
9610.036	0.858
9612.854	0.858
9615.679	0.857
9618.497	0.857
9621.178	0.858
9623.918	0.857
9626.714	0.858
9629.481	0.858
9632.195	0.858
9635.014	0.857
9637.684	0.857
9640.388	0.857
9643.145	0.857
9645.835	0.857
9648.595	0.858
9651.422	0.857
9654.27	0.858
9657.11	0.858
9659.815	0.857
9662.506	0.858
9665.233	0.857
9667.974	0.857
9670.649	0.858
9673.409	0.857
9676.125	0.857
9678.821	0.857
9681.525	0.858
9684.236	0.857
9686.999	0.857
9689.77	0.857
9692.47	0.857
9695.235	0.858
9697.993	0.857
9700.736	0.858
9703.547	0.858
9706.315	0.857
9709.089	0.858
9711.855	0.858
9714.677	0.858
9717.39	0.858
9720.209	0.857
9722.955	0.857
9725.602	0.858
9728.302	0.858
9731.108	0.858
9733.956	0.858
9736.778	0.858
9739.524	0.858
9742.144	0.858
9744.882	0.858
9747.621	0.858
9750.297	0.858
9753.035	0.858
9755.762	0.857
9758.586	0.858
9761.26	0.858
9763.9	0.858
9766.694	0.857
9769.434	0.857
9772.154	0.858
9774.911	0.858
9777.618	0.857
9780.327	0.858
9783.046	0.858
9785.787	0.857
9788.467	0.858
9791.197	0.857
9793.857	0.857
9796.651	0.857
9799.493	0.857
9802.334	0.858
9805.042	0.857
9807.748	0.857
9810.478	0.857
9813.214	0.857
9816.044	0.857
9818.782	0.857
9821.554	0.858
9824.265	0.857
9827.005	0.857
9829.744	0.857
9832.449	0.858
9835.232	0.857
9837.979	0.858
9840.685	0.857
9843.528	0.858
9846.258	0.858
9848.942	0.858
9851.67	0.858
9854.433	0.858
9857.103	0.857
9859.797	0.857
9862.503	0.857
9865.283	0.858
9867.969	0.857
9870.762	0.858
9873.529	0.858
9876.285	0.858
9878.961	0.858
9881.637	0.857
9884.381	0.858
9887.124	0.858
9889.813	0.857
9892.613	0.858
9895.332	0.858
9897.993	0.857
9900.672	0.857
9903.451	0.858
9906.078	0.858
9908.784	0.857
9911.645	0.858
9914.427	0.859
9917.242	0.859
9919.982	0.858
9922.704	0.858
9925.444	0.859
9928.166	0.859
9930.787	0.859
9933.542	0.859
9936.233	0.859
9938.978	0.858
9941.697	0.858
9944.374	0.859
9947.1	0.858
9949.775	0.859
9952.5	0.858
9955.283	0.859
9958.014	0.858
9960.856	0.859
9963.616	0.858
9966.414	0.859
9969.203	0.859
9971.973	0.859
9974.695	0.859
9977.428	0.858
9980.171	0.86
9982.825	0.858
9985.597	0.858
9988.366	0.858
9991.17	0.859
9993.982	0.859
9996.728	0.859
9999.567	0.859
10002.326	0.859
10005.034	0.859
10007.85	0.859
10010.731	0.86
10013.448	0.859
10016.202	0.859
10018.916	0.859
10021.652	0.859
10024.405	0.858
10027.175	0.858
10029.938	0.858
10032.665	0.858
10035.35	0.858
10038.113	0.859
10040.889	0.859
10043.624	0.859
10046.415	0.858
10049.129	0.86
10051.801	0.859
10054.602	0.858
10057.283	0.859
10060.113	0.859
10062.968	0.859
10065.725	0.859
10068.446	0.859
10071.124	0.859
10073.937	0.859
10076.618	0.859
10079.318	0.859
10082.054	0.859
10084.737	0.86
10087.511	0.859
10090.206	0.859
10092.989	0.859
10095.678	0.859
10098.42	0.859
10101.106	0.859
10103.923	0.859
10106.617	0.859
10109.441	0.859
10112.278	0.859
10115.046	0.859
10117.829	0.859
10120.576	0.859
10123.362	0.859
10126.077	0.859
10128.855	0.86
10131.664	0.859
10134.431	0.859
10137.234	0.859
10139.983	0.86
10142.788	0.859
10145.505	0.86
10148.181	0.859
10150.955	0.859
10153.703	0.859
10156.312	0.86
10158.96	0.859
10161.612	0.86
10164.456	0.86
10167.313	0.859
10170.019	0.859
10172.703	0.859
10175.435	0.86
10178.22	0.859
10180.979	0.859
10183.729	0.859
10186.486	0.859
10189.298	0.859
10192.035	0.859
10194.76	0.859
10197.486	0.859
10200.348	0.859
10203.098	0.859
10205.819	0.86
10208.627	0.859
10211.303	0.86
10214.083	0.86
10216.775	0.859
10219.553	0.859
10222.272	0.86
10225.066	0.859
10227.805	0.86
10230.554	0.86
10233.288	0.859
10236.04	0.859
10238.791	0.859
10241.505	0.859
10244.277	0.859
10246.96	0.859
10249.812	0.86
10252.558	0.86
10255.302	0.86
10258.04	0.86
10260.721	0.86
10263.348	0.86
10266.157	0.86
10268.867	0.86
10271.653	0.86
10274.456	0.861
10277.228	0.859
10280.065	0.859
10282.867	0.859
10285.585	0.859
10288.391	0.859
10291.127	0.86
10293.932	0.859
10296.635	0.86
10299.329	0.86
10302.031	0.86
10304.836	0.859
10307.571	0.86
10310.335	0.859
10313.064	0.859
10315.783	0.86
10318.529	0.859
10321.272	0.86
10324.005	0.86
10326.743	0.86
10329.517	0.859
10332.231	0.86
10335.022	0.86
10337.771	0.859
10340.47	0.859
10343.241	0.86
10345.942	0.86
10348.78	0.86
10351.442	0.86
10354.273	0.86
10357.105	0.859
10359.881	0.859
10362.653	0.86
10365.404	0.859
10368.191	0.859
10370.992	0.86
10373.707	0.86
10376.378	0.859
10379.184	0.86
10381.964	0.859
10384.589	0.859
10387.327	0.86
10390.12	0.86
10392.927	0.86
10395.689	0.86
10398.45	0.859
10401.235	0.859
10403.946	0.86
10406.655	0.859
10409.387	0.86
10412.099	0.859
10414.805	0.859
10417.567	0.86
10420.388	0.859
10423.155	0.86
10425.928	0.859
10428.734	0.859
10431.461	0.859
10434.306	0.86
10437.002	0.861
10439.78	0.859
10442.457	0.86
10445.233	0.86
10448.028	0.859
10450.694	0.86
10453.579	0.859
10456.351	0.859
10459.148	0.859
10461.901	0.859
10464.67	0.859
10467.355	0.86
10470.21	0.859
10472.937	0.86
10475.688	0.859
10478.479	0.86
10481.297	0.86
10484.039	0.859
10486.817	0.86
10489.556	0.859
10492.322	0.86
10495.137	0.859
10497.857	0.86
10500.667	0.86
10503.455	0.86
10506.162	0.859
10508.976	0.86
10511.677	0.86
10514.513	0.86
10517.251	0.86
10519.977	0.859
10522.711	0.859
10525.479	0.86
10528.234	0.86
10530.944	0.859
10533.817	0.861
10536.657	0.86
10539.553	0.861
10542.311	0.86
10545.104	0.86
10547.991	0.86
10550.724	0.86
10553.371	0.86
10556.039	0.86
10558.815	0.859
10561.62	0.86
10564.346	0.86
10567.092	0.86
10569.823	0.86
10572.558	0.86
10575.377	0.861
10578.097	0.86
10580.783	0.861
10583.531	0.86
10586.332	0.861
10589.091	0.861
10591.902	0.861
10594.658	0.861
10597.389	0.861
10600.097	0.86
10602.878	0.861
10605.543	0.86
10608.355	0.86
10611.063	0.86
10613.881	0.86
10616.642	0.86
10619.487	0.861
10622.284	0.86
10625.007	0.861
10627.781	0.86
10630.473	0.86
10633.141	0.86
10635.844	0.86
10638.696	0.86
10641.41	0.86
10644.192	0.859
10646.949	0.861
10649.672	0.86
10652.365	0.86
10655.132	0.86
10657.843	0.86
10660.543	0.86
10663.225	0.86
10666.035	0.86
10668.729	0.86
10671.457	0.86
10674.254	0.86
10676.904	0.859
10679.7	0.86
10682.382	0.859
10685.093	0.86
10687.807	0.859
10690.527	0.86
10693.305	0.859
10696.028	0.859
10698.687	0.859
10701.495	0.859
10704.327	0.86
10707.179	0.859
10709.87	0.86
10712.621	0.859
10715.279	0.86
10717.975	0.859
10720.696	0.859
10723.263	0.86
10726.024	0.859
10728.754	0.859
10731.464	0.859
10734.241	0.858
10737.036	0.859
10739.753	0.859
10742.533	0.86
10745.311	0.859
10748.106	0.859
10750.867	0.859
10753.661	0.859
10756.404	0.859
10759.175	0.86
10761.904	0.86
10764.668	0.859
10767.445	0.859
10770.215	0.86
10773.032	0.86
10775.797	0.86
10778.494	0.86
10781.243	0.859
10783.994	0.86
10786.869	0.86
10789.569	0.86
10792.43	0.859
10795.229	0.859
10797.959	0.859
10800.637	0.859
10803.393	0.859
10806.178	0.859
10808.853	0.86
10811.661	0.859
10814.395	0.859
10817.175	0.859
10819.864	0.859
10822.643	0.859
10825.418	0.86
10828.249	0.86
10830.887	0.859
10833.665	0.86
10836.473	0.86
10839.159	0.86
10841.922	0.859
10844.755	0.86
10847.494	0.859
10850.299	0.859
10853.134	0.86
10855.859	0.859
10858.669	0.859
10861.369	0.86
10864.048	0.86
10866.877	0.86
10869.675	0.859
10872.418	0.86
10875.243	0.86
10877.969	0.86
10880.723	0.86
10883.554	0.86
10886.28	0.86
10889.039	0.859
10891.774	0.86
10894.464	0.86
10897.225	0.859
10900.018	0.86
10902.798	0.86
10905.54	0.859
10908.234	0.861
10910.977	0.86
10913.624	0.859
10916.446	0.86
10919.2	0.86
10922.064	0.859
10924.877	0.86
10927.624	0.86
10930.356	0.86
10933.093	0.859
10935.818	0.859
10938.611	0.86
10941.388	0.859
10944.136	0.859
10946.845	0.859
10949.554	0.859
10952.31	0.86
10955.014	0.86
10957.695	0.86
10960.339	0.86
10963.057	0.86
10965.785	0.859
10968.552	0.859
10971.299	0.859
10974.029	0.859
10976.763	0.86
10979.519	0.86
10982.327	0.86
10985.08	0.859
10987.764	0.86
10990.473	0.859
10993.272	0.859
10996.025	0.859
10998.754	0.859
11001.454	0.86
11004.15	0.859
11006.906	0.859
11009.653	0.86
11012.309	0.86
11015.043	0.86
11017.724	0.859
11020.525	0.859
11023.207	0.86
11025.962	0.86
11028.738	0.86
11031.478	0.86
11034.246	0.859
11036.85	0.86
11039.524	0.859
11042.321	0.859
11045.052	0.86
11047.811	0.86
11050.538	0.86
11053.31	0.86
11056.057	0.859
11058.832	0.86
11061.599	0.86
11064.42	0.86
11067.121	0.86
11069.813	0.86
11072.59	0.86
11075.238	0.86
11077.949	0.86
11080.805	0.86
11083.58	0.861
11086.352	0.859
11089.079	0.86
11091.844	0.86
11094.633	0.86
11097.514	0.86
11100.279	0.86
11102.909	0.86
11105.699	0.859
11108.504	0.861
11111.226	0.86
11113.948	0.86
11116.664	0.859
11119.436	0.859
11122.206	0.859
11125.028	0.86
11127.662	0.86
11130.365	0.859
11133.083	0.859
11135.694	0.86
11138.514	0.859
11141.157	0.859
11143.875	0.86
11146.478	0.86
11149.21	0.859
11151.93	0.86
11154.638	0.859
11157.31	0.86
11160.028	0.859
11162.877	0.86
11165.608	0.859
11168.389	0.859
11171.157	0.859
11173.96	0.859
11176.661	0.859
11179.413	0.859
11182.084	0.859
11184.833	0.859
11187.59	0.86
11190.339	0.859
11193.071	0.86
11195.885	0.86
11198.604	0.86
11201.212	0.859
11204.008	0.859
11206.857	0.86
11209.707	0.859
11212.388	0.86
11215.197	0.859
11218.011	0.859
11220.707	0.859
11223.35	0.859
11226.146	0.859
11228.837	0.859
11231.509	0.858
11234.212	0.86
11236.969	0.859
11239.711	0.859
11242.427	0.859
11245.292	0.859
11248.044	0.859
11250.93	0.859
11253.657	0.859
11256.509	0.859
11259.284	0.859
11262.032	0.86
11264.756	0.859
11267.557	0.859
11270.369	0.859
11273.079	0.859
11275.901	0.859
11278.748	0.86
11281.533	0.86
11284.303	0.86
11287.094	0.859
11289.918	0.859
11292.704	0.86
11295.455	0.859
11298.199	0.859
11301.001	0.859
11303.63	0.859
11306.384	0.86
11309.095	0.86
11311.836	0.859
11314.664	0.86
11317.372	0.859
11320.131	0.859
11322.937	0.859
11325.759	0.86
11328.548	0.86
11331.306	0.859
11334.14	0.86
11336.848	0.86
11339.65	0.86
11342.365	0.859
11345.108	0.859
11347.92	0.86
11350.677	0.859
11353.336	0.86
11356.081	0.86
11358.85	0.859
11361.579	0.86
11364.364	0.86
11367.149	0.86
11369.832	0.859
11372.515	0.859
11375.256	0.86
11378.105	0.859
11380.95	0.86
11383.603	0.86
11386.383	0.859
11389.073	0.859
11391.813	0.859
11394.692	0.859
11397.538	0.859
11400.319	0.859
11403.142	0.86
11405.917	0.859
11408.642	0.86
11411.35	0.859
11414.101	0.859
11416.788	0.859
11419.555	0.859
11422.348	0.859
11425.032	0.859
11427.744	0.86
11430.48	0.859
11433.317	0.859
11436.059	0.859
11438.804	0.859
11441.537	0.859
11444.218	0.86
11447.005	0.86
11449.667	0.86
11452.402	0.86
11455.148	0.86
11457.958	0.86
11460.651	0.86
11463.462	0.859
11466.283	0.859
11469.003	0.859
11471.861	0.859
11474.618	0.859
11477.306	0.86
11480.004	0.859
11482.776	0.859
11485.519	0.859
11488.254	0.859
11491.037	0.859
11493.718	0.859
11496.44	0.86
11499.163	0.859
11501.89	0.859
11504.679	0.86
11507.438	0.859
11510.255	0.859
11513.03	0.859
11515.791	0.859
11518.564	0.859
11521.353	0.859
11524.104	0.86
11526.846	0.86
11529.536	0.86
11532.283	0.86
11535.019	0.86
11537.663	0.859
11540.43	0.859
11543.201	0.859
11545.961	0.86
11548.784	0.859
11551.525	0.86
11554.319	0.859
11557.112	0.859
11559.933	0.859
11562.596	0.859
11565.383	0.859
11568.111	0.86
11570.907	0.86
11573.639	0.86
11576.466	0.859
11579.255	0.859
11581.965	0.859
11584.678	0.859
11587.435	0.859
11590.083	0.859
11592.836	0.859
11595.584	0.859
11598.308	0.859
11601.112	0.859
11603.916	0.859
11606.687	0.859
11609.405	0.859
11612.08	0.859
11614.856	0.86
11617.605	0.86
11620.454	0.858
11623.183	0.859
11625.881	0.859
11628.717	0.859
11631.469	0.859
11634.143	0.859
11636.885	0.859
11639.665	0.859
11642.381	0.859
11645.014	0.858
11647.797	0.859
11650.533	0.859
11653.335	0.859
11656.186	0.859
11659.018	0.859
11661.867	0.859
11664.688	0.859
11667.433	0.859
11670.245	0.86
11673.053	0.859
11675.769	0.859
11678.574	0.858
11681.409	0.858
11684.221	0.859
11686.952	0.858
11689.739	0.859
11692.435	0.858
11695.224	0.859
11697.965	0.858
11700.573	0.859
11703.369	0.858
11706.146	0.858
11708.97	0.859
11711.706	0.858
11714.456	0.858
11717.234	0.859
11719.959	0.859
11722.69	0.857
11725.445	0.859
11728.261	0.859
11731.028	0.859
11733.848	0.859
11736.558	0.858
11739.352	0.858
11742.085	0.858
11744.878	0.859
11747.682	0.859
11750.527	0.859
11753.338	0.859
11756.058	0.859
11758.853	0.859
11761.708	0.859
11764.549	0.859
11767.236	0.859
11769.977	0.859
11772.61	0.858
11775.318	0.858
11778.067	0.859
11780.796	0.858
11783.501	0.859
11786.297	0.859
11789.102	0.859
11791.929	0.858
11794.71	0.859
11797.403	0.859
11800.185	0.859
11802.912	0.859
11805.663	0.858
11808.454	0.859
11811.205	0.859
11814.013	0.859
11816.709	0.859
11819.411	0.859
11822.189	0.859
11824.929	0.86
11827.707	0.859
11830.499	0.859
11833.231	0.859
11836.05	0.859
11838.775	0.86
11841.52	0.859
11844.219	0.859
11846.971	0.86
11849.752	0.859
11852.488	0.86
11855.287	0.859
11857.987	0.859
11860.739	0.859
11863.505	0.859
11866.314	0.859
11869.104	0.859
11871.89	0.858
11874.655	0.859
11877.457	0.859
11880.219	0.859
11883.037	0.859
11885.793	0.859
11888.549	0.859
11891.293	0.859
11894.1	0.86
11896.824	0.859
11899.546	0.859
11902.288	0.859
11905.002	0.86
11907.64	0.86
11910.47	0.859
11913.304	0.859
11916.019	0.859
11918.7	0.859
11921.521	0.859
11924.217	0.86
11926.897	0.859
11929.652	0.859
11932.393	0.859
11935.214	0.859
11937.991	0.859
11940.801	0.86
11943.534	0.859
11946.188	0.859
11949.001	0.859
11951.743	0.859
11954.539	0.859
11957.243	0.859
11960.069	0.859
11962.882	0.859
11965.643	0.859
11968.427	0.859
11971.095	0.859
11973.892	0.859
11976.562	0.859
11979.361	0.859
11982.163	0.86
11984.958	0.859
11987.673	0.859
11990.452	0.859
11993.209	0.86
11996.064	0.86
11998.754	0.86
12001.463	0.859
12004.14	0.86
12006.94	0.859
12009.716	0.86
12012.402	0.859
12015.181	0.859
12017.842	0.859
12020.648	0.859
12023.393	0.86
12026.218	0.859
12028.899	0.859
12031.629	0.859
12034.466	0.859
12037.176	0.859
12039.975	0.859
12042.642	0.86
12045.35	0.86
12048.103	0.86
12050.834	0.86
12053.561	0.86
12056.311	0.86
12059.144	0.86
12061.863	0.859
12064.608	0.859
12067.394	0.859
12070.161	0.859
12072.973	0.859
12075.779	0.859
12078.574	0.86
12081.338	0.859
12084.157	0.859
12086.823	0.86
12089.668	0.859
12092.513	0.859
12095.293	0.859
12097.939	0.859
12100.698	0.859
12103.498	0.859
12106.291	0.859
12108.997	0.86
12111.699	0.859
12114.406	0.859
12117.186	0.859
12119.914	0.859
12122.758	0.859
12125.642	0.859
12128.395	0.859
12131.01	0.859
12133.691	0.859
12136.425	0.859
12139.206	0.858
12141.902	0.859
12144.662	0.859
12147.438	0.859
12150.176	0.858
12152.932	0.859
12155.69	0.859
12158.404	0.859
12161.083	0.859
12163.904	0.858
12166.66	0.859
12169.325	0.858
12172.046	0.859
12174.861	0.859
12177.647	0.859
12180.434	0.858
12183.105	0.859
12185.985	0.859
12188.766	0.859
12191.614	0.859
12194.371	0.859
12197.125	0.859
12199.876	0.859
12202.764	0.859
12205.641	0.859
12208.406	0.859
12211.114	0.859
12213.922	0.858
12216.641	0.858
12219.452	0.859
12222.082	0.859
12224.863	0.859
12227.626	0.859
12230.467	0.859
12233.243	0.859
12236.001	0.859
12238.75	0.858
12241.39	0.859
12244.186	0.859
12246.937	0.859
12249.731	0.858
12252.502	0.858
12255.297	0.858
12258.069	0.859
12260.797	0.859
12263.518	0.859
12266.286	0.859
12268.981	0.859
12271.666	0.859
12274.387	0.859
12277.142	0.859
12279.822	0.858
12282.6	0.858
12285.403	0.859
12288.152	0.859
12290.897	0.858
12293.67	0.859
12296.396	0.858
12299.197	0.858
12301.871	0.859
12304.662	0.858
12307.426	0.858
12310.238	0.859
12313.038	0.859
12315.845	0.858
12318.597	0.859
12321.286	0.858
12324.107	0.859
12326.818	0.859
12329.539	0.859
12332.242	0.859
12334.925	0.859
12337.63	0.858
12340.414	0.859
12343.033	0.859
12345.783	0.858
12348.489	0.859
12351.299	0.859
12354.008	0.858
12356.757	0.859
12359.487	0.86
12362.266	0.859
12364.955	0.859
12367.764	0.859
12370.42	0.859
12373.18	0.859
12375.997	0.859
12378.791	0.859
12381.592	0.859
12384.329	0.859
12387.054	0.859
12389.851	0.859
12392.588	0.86
12395.285	0.859
12397.897	0.86
12400.636	0.859
12403.458	0.859
12406.156	0.859
12408.957	0.859
12411.754	0.859
12414.523	0.859
12417.318	0.859
12420.083	0.858
12422.833	0.859
12425.705	0.859
12428.562	0.859
12431.277	0.859
12434.065	0.86
12436.823	0.859
12439.583	0.86
12442.286	0.859
12445.044	0.859
12447.751	0.859
12450.425	0.859
12453.205	0.859
12455.936	0.859
12458.714	0.858
12461.484	0.859
12464.161	0.86
12466.788	0.859
12469.492	0.859
12472.289	0.859
12475.051	0.859
12477.746	0.859
12480.452	0.859
12483.189	0.859
12486.02	0.859
12488.76	0.859
12491.481	0.859
12494.339	0.859
12497.102	0.859
12499.882	0.859
12502.59	0.86
12505.345	0.859
12508.047	0.858
12510.828	0.859
12513.449	0.859
12516.231	0.86
12519.047	0.859
12521.802	0.859
12524.522	0.86
12527.279	0.86
12530.108	0.859
12532.798	0.859
12535.598	0.859
12538.34	0.859
12541.146	0.859
12543.974	0.859
12546.701	0.859
12549.424	0.859
12552.26	0.859
12554.985	0.86
12557.788	0.859
12560.373	0.86
12563.032	0.86
12565.891	0.859
12568.624	0.859
12571.4	0.859
12574.176	0.859
12576.913	0.859
12579.744	0.859
12582.361	0.859
12585.065	0.859
12587.75	0.859
12590.484	0.859
12593.279	0.859
12596.137	0.859
12598.818	0.859
12601.549	0.859
12604.288	0.86
12607.021	0.859
12609.759	0.86
12612.601	0.859
12615.418	0.859
12618.228	0.86
12620.929	0.859
12623.628	0.86
12626.469	0.859
12629.23	0.859
12632.017	0.86
12634.795	0.859
12637.459	0.859
12640.193	0.859
12643.014	0.859
12645.841	0.86
12648.635	0.859
12651.385	0.859
12654.022	0.86
12656.8	0.86
12659.582	0.859
12662.348	0.86
12665.157	0.859
12667.955	0.859
12670.744	0.859
12673.461	0.859
12676.141	0.859
12678.893	0.859
12681.74	0.859
12684.432	0.859
12687.236	0.859
12689.983	0.859
12692.754	0.859
12695.528	0.859
12698.24	0.86
12701.017	0.859
12703.771	0.859
12706.563	0.859
12709.232	0.859
12711.925	0.86
12714.645	0.859
12717.451	0.859
12720.195	0.859
12722.943	0.859
12725.684	0.86
12728.431	0.859
12731.27	0.86
12734.052	0.859
12736.754	0.859
12739.513	0.859
12742.357	0.86
12745.177	0.859
12747.938	0.859
12750.727	0.859
12753.387	0.859
12756.173	0.859
12758.838	0.859
12761.527	0.859
12764.246	0.859
12767.022	0.859
12769.744	0.86
12772.59	0.859
12775.261	0.859
12778.039	0.859
12780.783	0.859
12783.603	0.859
12786.399	0.859
12789.135	0.859
12791.911	0.859
12794.571	0.859
12797.366	0.859
12800.088	0.859
12802.926	0.858
12805.773	0.859
12808.527	0.86
12811.318	0.858
12814.009	0.859
12816.653	0.859
12819.413	0.859
12822.187	0.859
12824.832	0.86
12827.453	0.859
12830.245	0.86
12833.077	0.859
12835.741	0.859
12838.497	0.86
12841.26	0.86
12843.949	0.859
12846.792	0.858
12849.526	0.859
12852.303	0.859
12855.019	0.859
12857.824	0.859
12860.547	0.859
12863.251	0.859
12865.961	0.859
12868.675	0.859
12871.478	0.858
12874.236	0.859
12877.121	0.859
12879.834	0.859
12882.527	0.859
12885.239	0.86
12888.036	0.858
12890.765	0.859
12893.541	0.859
12896.301	0.859
12899.144	0.859
12901.901	0.859
12904.567	0.859
12907.311	0.859
12909.978	0.859
12912.843	0.859
12915.641	0.859
12918.316	0.86
12921.077	0.859
12923.798	0.859
12926.534	0.858
12929.221	0.859
12931.878	0.859
12934.557	0.859
12937.294	0.859
12939.992	0.859
12942.849	0.859
12945.617	0.859
12948.317	0.859
12951.021	0.858
12953.749	0.859
12956.507	0.859
12959.264	0.858
12961.967	0.859
12964.787	0.858
12967.51	0.859
12970.263	0.859
12972.944	0.859
12975.802	0.858
12978.591	0.859
12981.301	0.859
12984.059	0.858
12986.832	0.858
12989.686	0.858
12992.478	0.858
12995.228	0.858
12998.015	0.858
13000.684	0.859
13003.271	0.859
13006.001	0.859
13008.807	0.858
13011.523	0.859
13014.231	0.859
13017.024	0.859
13019.769	0.858
13022.519	0.858
13025.277	0.859
13027.915	0.859
13030.577	0.858
13033.338	0.858
13036.161	0.859
13038.91	0.858
13041.663	0.858
13044.308	0.859
13047.108	0.858
13049.903	0.858
13052.587	0.858
13055.274	0.858
13058.038	0.858
13060.676	0.859
13063.354	0.859
13066.179	0.859
13068.987	0.859
13071.649	0.859
13074.405	0.858
13077.155	0.858
13079.922	0.859
13082.74	0.858
13085.53	0.858
13088.228	0.858
13090.919	0.859
13093.655	0.858
13096.318	0.859
13099.036	0.858
13101.74	0.858
13104.559	0.859
13107.309	0.859
13109.955	0.858
13112.73	0.859
13115.528	0.858
13118.295	0.858
13120.933	0.859
13123.636	0.858
13126.37	0.859
13129.015	0.858
13131.833	0.859
13134.635	0.858
13137.397	0.858
13140.188	0.858
13142.914	0.859
13145.673	0.859
13148.367	0.859
13151.036	0.859
13153.77	0.859
13156.511	0.859
13159.297	0.859
13162.085	0.859
13164.831	0.858
13167.479	0.859
13170.228	0.858
13172.979	0.858
13175.672	0.859
13178.429	0.859
13181.252	0.859
13183.972	0.859
13186.732	0.858
13189.424	0.858
13192.189	0.859
13194.995	0.858
13197.822	0.859
13200.634	0.858
13203.494	0.858
13206.247	0.859
13208.967	0.859
13211.675	0.859
13214.405	0.859
13217.198	0.859
13219.98	0.859
13222.678	0.859
13225.454	0.859
13228.18	0.86
13230.971	0.86
13233.754	0.86
13236.596	0.86
13239.449	0.86
13242.142	0.86
13244.958	0.86
13247.714	0.86
13250.388	0.86
13253.108	0.859
13255.923	0.86
13258.664	0.86
13261.398	0.859
13264.178	0.86
13266.988	0.859
13269.739	0.859
13272.565	0.859
13275.334	0.86
13278.002	0.86
13280.693	0.86
13283.402	0.859
13286.115	0.86
13288.898	0.86
13291.721	0.86
13294.393	0.859
13297.162	0.859
13299.874	0.86
13302.692	0.86
13305.495	0.859
13308.221	0.859
13310.977	0.86
13313.717	0.86
13316.436	0.86
13319.174	0.86
13321.921	0.859
13324.718	0.86
13327.481	0.859
13330.274	0.86
13333.049	0.86
13335.786	0.86
13338.549	0.86
13341.346	0.86
13344.077	0.86
13346.844	0.859
13349.548	0.86
13352.186	0.86
13354.971	0.86
13357.59	0.86
13360.344	0.86
13363.057	0.86
13365.81	0.86
13368.544	0.86
13371.297	0.86
13374.005	0.86
13376.694	0.859
13379.52	0.86
13382.216	0.859
13384.926	0.86
13387.676	0.859
13390.387	0.86
13393.2	0.86
13395.913	0.86
13398.716	0.859
13401.466	0.859
13404.333	0.86
13407.097	0.859
13409.83	0.859
13412.678	0.86
13415.43	0.86
13418.079	0.86
13420.825	0.86
13423.527	0.86
13426.183	0.86
13428.808	0.86
13431.554	0.86
13434.263	0.859
13437.005	0.86
13439.703	0.86
13442.384	0.86
13445.136	0.86
13447.811	0.86
13450.519	0.86
13453.204	0.86
13455.914	0.86
13458.66	0.86
13461.344	0.859
13464.183	0.859
13466.953	0.861
13469.696	0.859
13472.391	0.859
13475.177	0.86
13477.904	0.859
13480.603	0.859
13483.375	0.86
13486.145	0.86
13488.967	0.86
13491.76	0.86
13494.41	0.859
13497.168	0.86
13499.848	0.86
13502.65	0.86
13505.421	0.86
13508.185	0.859
13511.011	0.859
13513.756	0.86
13516.482	0.859
13519.156	0.86
13521.892	0.859
13524.635	0.859
13527.32	0.859
13530.029	0.86
13532.793	0.86
13535.431	0.86
13538.14	0.86
13540.84	0.86
13543.486	0.859
13546.249	0.859
13548.951	0.86
13551.698	0.86
13554.365	0.86
13557.011	0.86
13559.801	0.86
13562.565	0.859
13565.4	0.859
13568.202	0.86
13570.855	0.86
13573.491	0.86
13576.26	0.859
13578.983	0.86
13581.842	0.86
13584.531	0.86
13587.162	0.86
13589.96	0.86
13592.675	0.86
13595.385	0.86
13598.176	0.86
13600.948	0.86
13603.697	0.86
13606.485	0.86
13609.206	0.86
13611.899	0.86
13614.711	0.86
13617.44	0.86
13620.119	0.859
13622.871	0.859
13625.631	0.86
13628.419	0.859
13631.25	0.86
13633.892	0.86
13636.611	0.86
13639.324	0.859
13642.115	0.86
13644.929	0.86
13647.71	0.86
13650.493	0.861
13653.248	0.86
13655.907	0.859
13658.629	0.859
13661.331	0.86
13664.1	0.861
13666.891	0.86
13669.609	0.86
13672.32	0.859
13675.03	0.86
13677.669	0.86
13680.411	0.86
13683.093	0.859
13685.814	0.86
13688.579	0.861
13691.304	0.86
13694.064	0.86
13696.826	0.86
13699.499	0.859
13702.195	0.86
13704.953	0.859
13707.751	0.86
13710.521	0.86
13713.25	0.86
13715.934	0.86
13718.706	0.86
13721.368	0.86
13724.126	0.859
13726.907	0.859
13729.693	0.86
13732.426	0.86
13735.134	0.86
13737.837	0.86
13740.484	0.86
13743.261	0.86
13746.098	0.859
13748.833	0.859
13751.566	0.86
13754.39	0.86
13757.184	0.86
13759.918	0.86
13762.677	0.86
13765.422	0.86
13768.229	0.86
13770.902	0.86
13773.643	0.86
13776.435	0.86
13779.107	0.86
13781.767	0.86
13784.455	0.86
13787.136	0.859
13789.87	0.86
13792.513	0.86
13795.202	0.86
13797.983	0.86
13800.651	0.86
13803.397	0.861
13806.153	0.859
13808.955	0.859
13811.751	0.86
13814.525	0.86
13817.216	0.86
13819.989	0.859
13822.71	0.86
13825.45	0.86
13828.32	0.86
13831.078	0.86
13833.948	0.86
13836.755	0.859
13839.542	0.86
13842.306	0.86
13845.151	0.859
13847.997	0.859
13850.798	0.859
13853.507	0.86
13856.276	0.859
13859.054	0.859
13861.745	0.86
13864.509	0.86
13867.317	0.859
13870.026	0.86
13872.855	0.86
13875.613	0.859
13878.408	0.86
13881.136	0.859
13883.844	0.86
13886.527	0.86
13889.302	0.859
13892.063	0.86
13894.789	0.86
13897.481	0.859
13900.156	0.86
13902.762	0.861
13905.419	0.859
13908.221	0.86
13910.885	0.86
13913.632	0.86
13916.318	0.86
13919.062	0.86
13921.783	0.859
13924.487	0.86
13927.197	0.859
13929.911	0.859
13932.594	0.859
13935.294	0.86
13938.061	0.859
13940.884	0.86
13943.709	0.859
13946.459	0.86
13949.3	0.86
13951.995	0.859
13954.752	0.859
13957.628	0.86
13960.352	0.86
13963.072	0.86
13965.813	0.86
13968.612	0.86
13971.474	0.86
13974.293	0.86
13977.076	0.86
13979.773	0.859
13982.422	0.86
13985.137	0.86
13987.919	0.86
13990.668	0.86
13993.51	0.859
13996.189	0.86
13998.897	0.86
14001.605	0.86
14004.365	0.859
14007.147	0.859
14009.86	0.859
14012.609	0.859
14015.421	0.86
14018.254	0.859
14021.052	0.86
14023.78	0.86
14026.506	0.859
14029.336	0.86
14032.117	0.86
14034.83	0.859
14037.614	0.86
14040.291	0.86
14043.021	0.86
14045.763	0.86
14048.485	0.86
14051.211	0.86
14053.882	0.86
14056.608	0.86
14059.31	0.86
14062.037	0.86
14064.719	0.86
14067.48	0.86
14070.152	0.86
14072.936	0.86
14075.665	0.86
14078.449	0.86
14081.163	0.86
14083.972	0.86
14086.74	0.86
14089.427	0.86
14092.237	0.86
14094.921	0.86
14097.546	0.86
14100.259	0.86
14103.086	0.86
14105.766	0.86
14108.559	0.859
14111.357	0.86
14114.154	0.86
14117.009	0.86
14119.699	0.859
14122.375	0.859
14125.113	0.86
14127.8	0.859
14130.529	0.859
14133.293	0.86
14136.026	0.86
14138.718	0.859
14141.499	0.859
14144.269	0.86
14147.017	0.86
14149.798	0.86
14152.557	0.859
14155.34	0.859
14158.113	0.859
14160.886	0.859
14163.598	0.859
14166.375	0.859
14169.031	0.86
14171.851	0.859
14174.688	0.859
14177.35	0.859
14179.997	0.859
14182.697	0.859
14185.511	0.859
14188.177	0.86
14190.963	0.86
14193.734	0.86
14196.426	0.86
14199.196	0.86
14201.99	0.86
14204.797	0.86
14207.476	0.86
14210.297	0.86
14213.029	0.859
14215.734	0.86
14218.523	0.86
14221.275	0.86
14223.942	0.86
14226.749	0.86
14229.536	0.859
14232.332	0.86
14235.053	0.859
14237.852	0.86
14240.612	0.86
14243.39	0.86
14246.076	0.86
14248.835	0.86
14251.505	0.86
14254.242	0.86
14256.976	0.86
14259.711	0.859
14262.403	0.86
14265.194	0.86
14267.899	0.859
14270.756	0.86
14273.531	0.859
14276.293	0.86
14279.011	0.859
14281.736	0.86
14284.493	0.859
14287.21	0.86
14289.96	0.859
14292.656	0.859
14295.45	0.859
14298.255	0.859
14301.083	0.859
14303.846	0.86
14306.539	0.859
14309.241	0.859
14312.032	0.859
14314.85	0.86
14317.605	0.86
14320.344	0.859
14323.114	0.859
14325.926	0.859
14328.667	0.86
14331.384	0.86
14334.146	0.86
14336.88	0.859
14339.606	0.86
14342.407	0.859
14345.212	0.859
14347.955	0.86
14350.674	0.861
14353.47	0.86
14356.196	0.86
14358.833	0.86
14361.513	0.86
14364.275	0.86
14366.979	0.86
14369.698	0.86
14372.471	0.86
14375.183	0.86
14377.96	0.86
14380.685	0.861
14383.41	0.86
14386.196	0.86
14388.991	0.86
14391.738	0.859
14394.536	0.859
14397.269	0.86
14400.043	0.86
14402.844	0.86
14405.679	0.859
14408.313	0.859
14411.147	0.86
14413.96	0.86
14416.73	0.86
14419.491	0.86
14422.228	0.859
14425.028	0.859
14427.747	0.859
14430.412	0.86
14433.198	0.86
14435.974	0.859
14438.797	0.86
14441.664	0.859
14444.382	0.859
14447.176	0.859
14449.976	0.859
14452.697	0.86
14455.516	0.859
14458.228	0.86
14461.016	0.859
14463.819	0.859
14466.617	0.859
14469.306	0.859
14472.136	0.859
14474.951	0.859
14477.745	0.859
14480.465	0.859
14483.196	0.859
14485.948	0.86
14488.668	0.859
14491.314	0.86
14494.155	0.86
14496.882	0.86
14499.618	0.86
14502.379	0.86
14505.076	0.859
14507.786	0.86
14510.468	0.859
14513.237	0.86
14516.005	0.859
14518.846	0.86
14521.653	0.86
14524.324	0.86
14527.042	0.859
14529.76	0.86
14532.488	0.86
14535.229	0.859
14537.927	0.859
14540.692	0.859
14543.491	0.858
14546.285	0.859
14549.024	0.859
14551.721	0.859
14554.521	0.859
14557.239	0.859
14559.994	0.859
14562.741	0.86
14565.586	0.859
14568.274	0.859
14570.964	0.859
14573.725	0.859
14576.489	0.86
14579.35	0.859
14582.075	0.859
14584.751	0.858
14587.43	0.859
14590.19	0.859
14592.939	0.859
14595.738	0.859
14598.494	0.86
14601.224	0.859
14604.043	0.859
14606.708	0.859
14609.361	0.858
14612.133	0.859
14614.805	0.859
14617.518	0.859
14620.233	0.859
14622.969	0.859
14625.814	0.859
14628.567	0.86
14631.412	0.859
14634.268	0.859
14636.989	0.859
14639.763	0.859
14642.584	0.859
14645.339	0.859
14648.01	0.859
14650.818	0.86
14653.626	0.859
14656.426	0.859
14659.13	0.86
14661.844	0.859
14664.637	0.859
14667.381	0.86
14670.141	0.859
14672.93	0.86
14675.697	0.859
14678.332	0.86
14681.05	0.859
14683.717	0.859
14686.543	0.86
14689.232	0.86
14691.946	0.86
14694.647	0.86
14697.452	0.86
14700.17	0.86
14702.955	0.86
14705.697	0.859
14708.44	0.859
14711.209	0.86
14714.011	0.859
14716.765	0.86
14719.449	0.86
14722.152	0.859
14724.808	0.86
14727.559	0.86
14730.322	0.86
14733.129	0.86
14735.931	0.86
14738.733	0.86
14741.411	0.86
14744.084	0.86
14746.813	0.86
14749.492	0.86
14752.17	0.86
14754.871	0.86
14757.642	0.859
14760.445	0.86
14763.22	0.86
14765.993	0.86
14768.812	0.86
14771.638	0.86
14774.436	0.86
14777.206	0.859
14779.959	0.86
14782.696	0.86
14785.384	0.86
14788.244	0.86
14790.974	0.86
14793.736	0.86
14796.539	0.86
14799.416	0.86
14802.189	0.86
14804.887	0.86
14807.635	0.859
14810.408	0.86
14813.09	0.86
14815.877	0.86
14818.618	0.86
14821.451	0.86
14824.13	0.86
14826.953	0.86
14829.687	0.86
14832.378	0.86
14835.101	0.86
14837.832	0.859
14840.596	0.859
14843.333	0.859
14846.053	0.86
14848.828	0.86
14851.578	0.86
14854.363	0.859
14857.169	0.859
14859.914	0.86
14862.627	0.859
14865.451	0.86
14868.128	0.859
14870.867	0.859
14873.543	0.86
14876.339	0.859
14879.12	0.86
14881.875	0.859
14884.654	0.86
14887.42	0.859
14890.229	0.859
14892.991	0.86
14895.788	0.859
14898.555	0.859
14901.327	0.859
14904.092	0.859
14906.782	0.86
14909.602	0.86
14912.379	0.859
14915.114	0.859
14917.821	0.859
14920.652	0.859
14923.365	0.859
14926.076	0.86
14928.882	0.859
14931.671	0.859
14934.485	0.86
14937.272	0.859
14939.983	0.859
14942.829	0.859
14945.646	0.859
14948.391	0.859
14951.16	0.859
14953.887	0.859
14956.714	0.859
14959.474	0.858
14962.267	0.859
14965.04	0.859
14967.814	0.859
14970.685	0.859
14973.405	0.859
14976.072	0.859
14978.824	0.859
14981.619	0.859
14984.447	0.859
14987.256	0.858
14990.077	0.859
14992.724	0.86
14995.48	0.859
14998.195	0.859
15000.96	0.86
15003.644	0.859
15006.464	0.859
15009.276	0.859
15012.118	0.859
15014.811	0.859
15017.582	0.859
15020.4	0.859
15023.091	0.859
15025.799	0.859
15028.58	0.859
15031.44	0.859
15034.265	0.859
15037.076	0.859
15039.789	0.858
15042.517	0.859
15045.197	0.859
15047.975	0.859
15050.818	0.858
15053.658	0.859
15056.454	0.859
15059.254	0.859
15062.078	0.859
15064.877	0.859
15067.68	0.859
15070.416	0.859
15073.179	0.86
15075.961	0.859
15078.669	0.859
15081.49	0.859
15084.19	0.858
15086.814	0.859
15089.54	0.859
15092.292	0.859
15095.011	0.859
15097.773	0.859
15100.561	0.859
15103.292	0.859
15106.053	0.859
15108.815	0.859
15111.539	0.859
15114.263	0.859
15116.967	0.859
15119.623	0.86
15122.27	0.859
15124.985	0.859
15127.768	0.86
15130.545	0.86
15133.307	0.859
15136.041	0.859
15138.759	0.859
15141.452	0.86
15144.201	0.859
15146.981	0.859
15149.709	0.86
15152.451	0.86
15155.262	0.859
15158.05	0.86
15160.728	0.859
15163.451	0.86
15166.154	0.86
15168.988	0.86
15171.717	0.86
15174.609	0.86
15177.236	0.859
15179.972	0.859
15182.698	0.86
15185.456	0.86
15188.271	0.86
15191.07	0.86
15193.856	0.859
15196.567	0.859
15199.298	0.859
15202.139	0.86
15204.966	0.859
15207.723	0.86
15210.511	0.859
15213.229	0.859
15215.979	0.859
15218.672	0.859
15221.491	0.859
15224.333	0.859
15227.151	0.859
15229.938	0.859
15232.682	0.859
15235.422	0.859
15238.184	0.859
15240.936	0.86
15243.63	0.859
15246.432	0.859
15249.187	0.859
15252.064	0.859
15254.79	0.859
15257.567	0.859
15260.331	0.859
15263.047	0.859
15265.717	0.859
15268.542	0.859
15271.323	0.859
15274.001	0.859
15276.713	0.859
15279.504	0.86
15282.191	0.86
15284.91	0.859
15287.711	0.859
15290.407	0.859
15293.204	0.859
15295.975	0.859
15298.791	0.859
15301.539	0.859
15304.301	0.859
15307.126	0.859
15309.915	0.859
15312.544	0.859
15315.267	0.859
15317.996	0.859
15320.687	0.86
15323.443	0.859
15326.318	0.859
15329.045	0.859
15331.709	0.859
15334.416	0.859
15337.172	0.859
15340.038	0.86
15342.742	0.859
15345.473	0.86
15348.175	0.859
15350.878	0.859
15353.531	0.86
15356.255	0.86
15359.052	0.859
15361.752	0.86
15364.604	0.86
15367.451	0.86
15370.219	0.859
15373.059	0.859
15375.815	0.86
15378.631	0.859
15381.3	0.859
15384.073	0.859
15386.823	0.859
15389.499	0.859
15392.154	0.859
15394.89	0.859
15397.577	0.86
15400.294	0.86
15403.083	0.859
15405.846	0.86
15408.594	0.86
15411.286	0.859
15414.032	0.86
15416.779	0.859
15419.466	0.86
15422.31	0.859
15425.043	0.859
15427.671	0.859
15430.348	0.859
15433.03	0.859
15435.78	0.859
15438.497	0.859
15441.195	0.859
15443.914	0.86
15446.714	0.86
15449.49	0.859
15452.153	0.859
15454.858	0.859
15457.648	0.859
15460.492	0.859
15463.218	0.859
15465.909	0.86
15468.591	0.86
15471.37	0.86
15474.052	0.86
15476.857	0.859
15479.629	0.86
15482.468	0.859
15485.216	0.859
15487.981	0.859
15490.759	0.859
15493.495	0.859
15496.186	0.86
15498.943	0.86
15501.564	0.859
15504.244	0.86
15506.922	0.86
15509.581	0.86
15512.336	0.86
15515.082	0.859
15517.839	0.859
15520.528	0.859
15523.245	0.859
15526.031	0.86
15528.769	0.86
15531.466	0.86
15534.091	0.859
15536.808	0.86
15539.666	0.859
15542.37	0.859
15545.143	0.859
15547.97	0.859
15550.757	0.859
15553.558	0.859
15556.279	0.86
15558.956	0.86
15561.671	0.86
15564.4	0.859
15567.144	0.86
15569.868	0.86
15572.599	0.86
15575.425	0.86
15578.14	0.86
15580.967	0.86
15583.704	0.86
15586.513	0.859
15589.242	0.86
15591.903	0.86
15594.642	0.86
15597.334	0.859
15600.091	0.859
15602.907	0.86
15605.658	0.86
15608.429	0.86
15611.155	0.86
15613.859	0.86
15616.584	0.86
15619.302	0.86
15622.117	0.86
15624.787	0.859
15627.558	0.86
15630.299	0.86
15633.058	0.86
15635.812	0.86
15638.631	0.86
15641.464	0.86
15644.123	0.86
15646.793	0.859
15649.471	0.86
15652.115	0.86
15654.767	0.86
15657.548	0.86
15660.262	0.86
15662.957	0.861
15665.682	0.86
15668.472	0.86
15671.222	0.859
15674.026	0.86
15676.787	0.859
15679.597	0.86
15682.333	0.859
15685.137	0.859
15687.881	0.86
15690.552	0.86
15693.317	0.861
15696.092	0.861
15698.844	0.86
15701.613	0.859
15704.354	0.86
15707.027	0.86
15709.857	0.86
15712.544	0.859
15715.351	0.86
15718.136	0.86
15720.86	0.86
15723.607	0.86
15726.432	0.86
15729.24	0.86
15732.024	0.86
15734.85	0.86
15737.657	0.86
15740.496	0.86
15743.269	0.86
15746.021	0.86
15748.718	0.859
15751.482	0.86
15754.146	0.86
15756.847	0.859
15759.496	0.86
15762.329	0.86
15765.104	0.859
15767.92	0.859
15770.714	0.859
15773.515	0.859
15776.374	0.86
15779.113	0.86
15781.894	0.859
15784.66	0.859
15787.381	0.859
15790.062	0.86
15792.943	0.86
15795.691	0.86
15798.43	0.859
15801.338	0.86
15804.105	0.86
15806.876	0.859
15809.72	0.859
15812.517	0.86
15815.218	0.859
15818.018	0.859
15820.763	0.859
15823.584	0.859
15826.365	0.86
15829.134	0.86
15831.915	0.859
15834.572	0.859
15837.256	0.86
15839.978	0.859
15842.75	0.859
15845.471	0.86
15848.202	0.86
15851.001	0.86
15853.762	0.859
15856.537	0.859
15859.349	0.86
15861.998	0.859
15864.727	0.859
15867.485	0.86
15870.139	0.859
15872.76	0.86
15875.537	0.859
15878.184	0.859
15880.867	0.859
15883.65	0.859
15886.302	0.86
15889.096	0.859
15891.866	0.86
15894.67	0.859
15897.333	0.86
15900.123	0.86
15902.892	0.859
15905.563	0.859
15908.342	0.859
15911.115	0.859
15913.946	0.859
15916.671	0.859
15919.457	0.859
15922.205	0.86
15924.933	0.86
15927.644	0.86
15930.337	0.86
15933.039	0.86
15935.724	0.859
15938.48	0.86
15941.188	0.86
15943.998	0.86
15946.774	0.859
15949.538	0.86
15952.251	0.86
15954.976	0.86
15957.682	0.86
15960.496	0.86
15963.295	0.86
15966.149	0.86
15968.827	0.859
15971.513	0.859
15974.181	0.859
15976.902	0.859
15979.629	0.859
15982.292	0.859
15984.978	0.859
15987.628	0.859
15990.259	0.86
15992.992	0.859
15995.765	0.859
15998.606	0.859
16001.253	0.859
16003.932	0.859
16006.741	0.859
16009.518	0.859
16012.246	0.859
16015.013	0.859
16017.71	0.859
16020.447	0.859
16023.174	0.859
16025.901	0.859
16028.626	0.859
16031.428	0.859
16034.174	0.859
16036.924	0.859
16039.678	0.86
16042.52	0.859
16045.276	0.859
16048.091	0.859
16050.831	0.86
16053.634	0.859
16056.318	0.859
16059.069	0.859
16061.876	0.859
16064.663	0.859
16067.468	0.859
16070.158	0.859
16072.897	0.859
16075.591	0.859
16078.379	0.859
16081.012	0.859
16083.701	0.86
16086.4	0.859
16089.228	0.86
16091.915	0.86
16094.591	0.859
16097.3	0.86
16100.069	0.86
16102.886	0.859
16105.598	0.86
16108.294	0.859
16111.006	0.859
16113.812	0.86
16116.518	0.859
16119.26	0.859
16121.942	0.858
16124.69	0.859
16127.43	0.86
16130.189	0.86
16132.953	0.859
16135.668	0.859
16138.502	0.86
16141.254	0.86
16143.991	0.86
16146.745	0.86
16149.518	0.859
16152.309	0.859
16154.992	0.859
16157.706	0.859
16160.47	0.859
16163.105	0.859
16165.8	0.859
16168.542	0.859
16171.244	0.859
16174.01	0.859
16176.813	0.86
16179.487	0.859
16182.224	0.859
16184.923	0.859
16187.808	0.86
16190.617	0.859
16193.284	0.859
16195.968	0.859
16198.736	0.86
16201.448	0.86
16204.134	0.86
16206.925	0.86
16209.617	0.86
16212.323	0.86
16215.126	0.859
16217.79	0.86
16220.518	0.86
16223.215	0.86
16225.913	0.86
16228.798	0.859
16231.57	0.86
16234.361	0.86
16237.195	0.86
16239.791	0.86
16242.518	0.859
16245.339	0.859
16248.122	0.859
16250.837	0.86
16253.59	0.859
16256.298	0.859
16259.007	0.86
16261.668	0.86
16264.341	0.859
16267.045	0.86
16269.791	0.86
16272.627	0.86
16275.413	0.859
16278.215	0.861
16280.993	0.86
16283.719	0.86
16286.479	0.86
16289.302	0.859
16292.098	0.86
16294.84	0.86
16297.614	0.86
16300.412	0.86
16303.162	0.86
16305.976	0.86
16308.706	0.86
16311.436	0.859
16314.211	0.859
16317.053	0.86
16319.885	0.859
16322.592	0.86
16325.339	0.86
16327.992	0.86
16330.717	0.86
16333.381	0.86
16336.078	0.86
16338.856	0.86
16341.626	0.859
16344.29	0.86
16347.131	0.859
16349.962	0.859
16352.731	0.86
16355.423	0.859
16358.245	0.859
16361.046	0.86
16363.814	0.86
16366.504	0.86
16369.267	0.859
16372.013	0.86
16374.711	0.859
16377.512	0.86
16380.337	0.86
16383.022	0.86
16385.706	0.859
16388.503	0.86
16391.206	0.86
16393.873	0.859
16396.597	0.86
16399.41	0.859
16402.119	0.86
16404.932	0.86
16407.647	0.86
16410.409	0.86
16413.112	0.86
16415.843	0.86
16418.605	0.859
16421.38	0.859
16424.086	0.859
16426.894	0.86
16429.721	0.859
16432.531	0.859
16435.305	0.859
16438.089	0.859
16440.856	0.859
16443.564	0.859
16446.238	0.859
16449.07	0.859
16451.895	0.859
16454.712	0.859
16457.488	0.859
16460.308	0.859
16462.992	0.858
16465.681	0.858
16468.355	0.859
16471.034	0.859
16473.745	0.86
16476.473	0.859
16479.279	0.86
16481.978	0.859
16484.748	0.86
16487.503	0.859
16490.212	0.859
16493.01	0.859
16495.707	0.858
16498.501	0.859
16501.211	0.859
16503.989	0.859
16506.748	0.86
16509.539	0.859
16512.364	0.859
