4.445	0.215
7.203	0.456
10.002	0.555
12.889	0.622
15.61	0.648
18.438	0.666
21.341	0.679
24.107	0.69
26.871	0.698
29.777	0.704
32.646	0.712
35.423	0.718
38.139	0.722
40.931	0.727
43.827	0.73
46.643	0.735
49.469	0.739
52.225	0.743
55.047	0.746
57.763	0.749
60.539	0.751
63.289	0.754
66.032	0.756
68.755	0.757
71.539	0.759
74.39	0.761
77.176	0.761
79.967	0.763
82.78	0.763
85.607	0.766
88.501	0.767
91.243	0.77
93.976	0.77
96.721	0.771
99.586	0.772
102.294	0.775
105.066	0.775
107.798	0.776
110.54	0.776
113.334	0.778
116.194	0.779
119.006	0.78
121.852	0.78
124.65	0.781
127.399	0.782
130.105	0.783
132.947	0.784
135.789	0.785
138.574	0.785
141.312	0.786
144.066	0.787
146.926	0.788
149.675	0.787
152.42	0.788
155.136	0.788
157.885	0.79
160.617	0.789
163.392	0.791
166.171	0.791
168.938	0.791
171.764	0.791
174.539	0.792
177.32	0.793
180.084	0.793
182.77	0.794
185.581	0.794
188.383	0.794
191.083	0.795
193.852	0.794
196.568	0.795
199.42	0.796
202.161	0.796
204.889	0.797
207.607	0.795
210.29	0.795
213.088	0.797
215.903	0.798
218.729	0.798
221.511	0.798
224.302	0.798
226.986	0.8
229.668	0.8
232.456	0.801
235.233	0.8
238.065	0.802
240.79	0.802
243.671	0.801
246.475	0.801
249.301	0.802
252.101	0.802
254.802	0.802
257.579	0.802
260.393	0.803
263.177	0.803
265.954	0.803
268.756	0.803
271.507	0.803
274.291	0.804
276.993	0.804
279.76	0.803
282.561	0.804
285.231	0.803
288.02	0.805
290.795	0.805
293.562	0.806
296.317	0.804
299.1	0.805
301.913	0.804
304.658	0.804
307.451	0.804
310.258	0.803
313.021	0.805
315.821	0.806
318.566	0.807
321.324	0.807
324.031	0.806
326.774	0.807
329.633	0.806
332.499	0.807
335.233	0.806
338.009	0.806
340.826	0.806
343.574	0.807
346.332	0.806
349.099	0.803
351.821	0.806
354.496	0.808
357.294	0.807
360.046	0.806
362.737	0.807
365.528	0.809
368.313	0.808
371.096	0.809
373.861	0.809
376.698	0.809
379.521	0.809
382.36	0.809
385.13	0.807
387.891	0.806
390.614	0.808
393.396	0.807
396.223	0.809
398.958	0.809
401.794	0.809
404.526	0.81
407.303	0.81
410.018	0.809
412.803	0.81
415.534	0.809
418.325	0.81
421.077	0.81
423.872	0.81
426.632	0.81
429.402	0.81
432.089	0.809
434.734	0.81
437.516	0.81
440.329	0.81
443.076	0.81
445.917	0.81
448.702	0.811
451.522	0.811
454.185	0.81
456.947	0.81
459.773	0.811
462.552	0.811
465.304	0.811
468.072	0.812
470.926	0.811
473.598	0.81
476.369	0.81
479.047	0.811
481.887	0.812
484.661	0.81
487.467	0.81
490.253	0.811
492.935	0.81
495.772	0.811
498.558	0.812
501.35	0.811
504.089	0.813
506.837	0.813
509.533	0.813
512.279	0.813
515.089	0.813
517.911	0.812
520.754	0.81
523.479	0.812
526.235	0.813
528.959	0.812
531.64	0.813
534.411	0.813
537.178	0.814
539.955	0.814
542.671	0.814
545.363	0.814
548.083	0.815
550.816	0.814
553.665	0.811
556.4	0.811
559.159	0.811
561.928	0.812
564.725	0.811
567.458	0.812
570.226	0.812
573.098	0.813
575.896	0.812
578.669	0.813
581.523	0.814
584.357	0.812
587.141	0.812
589.918	0.812
592.665	0.813
595.492	0.813
598.236	0.812
600.934	0.812
603.744	0.813
606.458	0.813
609.317	0.814
612.058	0.814
614.732	0.813
617.525	0.813
620.268	0.813
622.973	0.813
625.736	0.813
628.549	0.814
631.366	0.814
634.261	0.814
637.065	0.814
639.836	0.814
642.545	0.814
645.264	0.814
647.999	0.815
650.798	0.814
653.594	0.815
656.296	0.815
659.069	0.815
661.792	0.816
664.584	0.814
667.323	0.815
670.163	0.815
672.873	0.815
675.603	0.815
678.339	0.815
681.062	0.815
683.836	0.815
686.628	0.814
689.418	0.815
692.153	0.815
694.908	0.815
697.808	0.814
700.552	0.816
703.388	0.816
706.255	0.816
708.942	0.817
711.623	0.817
714.308	0.817
717.086	0.817
719.869	0.816
722.66	0.817
725.37	0.816
728.071	0.816
730.84	0.816
733.602	0.817
736.412	0.817
739.262	0.817
742.036	0.816
744.738	0.817
747.587	0.818
750.364	0.816
753.12	0.816
755.891	0.815
758.708	0.817
761.439	0.816
764.192	0.817
766.953	0.815
769.635	0.815
772.349	0.817
775.165	0.816
777.999	0.816
780.844	0.817
783.621	0.817
786.453	0.817
789.154	0.816
791.888	0.817
794.581	0.817
797.262	0.816
799.965	0.818
802.761	0.816
805.495	0.816
808.335	0.817
811.193	0.817
814.015	0.817
816.822	0.817
819.496	0.817
822.247	0.816
825.0	0.817
827.878	0.817
830.774	0.817
833.663	0.816
836.404	0.817
839.236	0.817
842.153	0.817
844.893	0.818
847.677	0.817
850.465	0.816
853.251	0.817
856.043	0.818
858.821	0.817
861.67	0.817
864.404	0.817
867.2	0.817
870.012	0.817
872.705	0.818
875.466	0.818
878.216	0.818
880.968	0.818
883.661	0.817
886.469	0.818
889.193	0.817
891.885	0.818
894.768	0.818
897.598	0.816
900.391	0.816
903.203	0.817
906.016	0.816
908.795	0.817
911.545	0.815
914.316	0.816
917.078	0.816
919.816	0.816
922.478	0.816
925.178	0.817
927.925	0.817
930.543	0.818
933.303	0.817
936.131	0.818
938.9	0.817
941.622	0.816
944.363	0.816
947.177	0.818
949.948	0.818
952.677	0.818
955.474	0.819
958.243	0.818
960.954	0.818
963.723	0.817
966.579	0.817
969.363	0.818
972.093	0.818
974.889	0.818
977.715	0.818
980.55	0.819
983.271	0.818
986.067	0.819
988.808	0.818
991.571	0.819
994.316	0.818
997.089	0.818
999.814	0.818
1002.549	0.818
1005.345	0.818
1008.135	0.819
1010.95	0.819
1013.781	0.819
1016.542	0.819
1019.372	0.818
1022.19	0.818
1024.936	0.819
1027.814	0.818
1030.569	0.818
1033.413	0.818
1036.216	0.817
1038.918	0.817
1041.669	0.818
1044.463	0.818
1047.259	0.819
1050.015	0.819
1052.694	0.819
1055.469	0.819
1058.278	0.819
1061.043	0.818
1063.849	0.818
1066.577	0.819
1069.387	0.818
1072.22	0.819
1075.046	0.819
1077.765	0.819
1080.451	0.819
1083.262	0.818
1086.084	0.818
1088.914	0.819
1091.706	0.818
1094.397	0.819
1097.074	0.819
1099.847	0.821
1102.618	0.82
1105.493	0.82
1108.231	0.82
1110.976	0.82
1113.71	0.82
1116.434	0.82
1119.276	0.821
1122.008	0.821
1124.758	0.82
1127.535	0.821
1130.334	0.82
1133.078	0.821
1135.931	0.822
1138.745	0.821
1141.419	0.82
1144.243	0.821
1147.058	0.82
1149.787	0.82
1152.53	0.821
1155.297	0.821
1158.131	0.82
1160.863	0.821
1163.616	0.821
1166.261	0.82
1168.984	0.82
1171.757	0.82
1174.566	0.82
1177.306	0.82
1180.069	0.819
1182.863	0.819
1185.584	0.821
1188.371	0.819
1191.065	0.819
1193.809	0.819
1196.554	0.819
1199.256	0.819
1201.991	0.819
1204.836	0.821
1207.61	0.82
1210.327	0.819
1213.171	0.82
1216.038	0.819
1218.801	0.82
1221.63	0.82
1224.39	0.82
1227.082	0.819
1229.8	0.82
1232.576	0.82
1235.385	0.82
1238.122	0.819
1240.811	0.82
1243.48	0.82
1246.216	0.82
1248.933	0.821
1251.645	0.82
1254.405	0.82
1257.265	0.821
1260.026	0.82
1262.785	0.82
1265.601	0.82
1268.345	0.82
1271.084	0.819
1273.841	0.819
1276.665	0.819
1279.41	0.82
1282.131	0.821
1284.91	0.82
1287.683	0.82
1290.425	0.821
1293.241	0.82
1296.005	0.82
1298.748	0.819
1301.572	0.821
1304.3	0.821
1307.055	0.82
1309.738	0.821
1312.608	0.82
1315.402	0.821
1318.181	0.821
1320.942	0.821
1323.788	0.821
1326.508	0.821
1329.299	0.821
1332.035	0.821
1334.792	0.821
1337.583	0.821
1340.375	0.821
1343.109	0.82
1345.819	0.821
1348.601	0.821
1351.44	0.822
1354.159	0.821
1356.945	0.822
1359.711	0.822
1362.443	0.822
1365.233	0.82
1367.984	0.821
1370.828	0.821
1373.663	0.821
1376.497	0.822
1379.313	0.822
1382.052	0.821
1384.867	0.822
1387.607	0.822
1390.326	0.822
1393.065	0.821
1395.85	0.822
1398.577	0.821
1401.399	0.822
1404.186	0.821
1406.963	0.822
1409.763	0.822
1412.538	0.822
1415.287	0.822
1418.096	0.823
1420.85	0.823
1423.625	0.823
1426.506	0.822
1429.232	0.822
1432.097	0.822
1434.868	0.822
1437.541	0.822
1440.229	0.823
1442.955	0.823
1445.764	0.822
1448.572	0.821
1451.385	0.823
1454.092	0.822
1456.822	0.823
1459.604	0.822
1462.419	0.821
1465.177	0.822
1468.048	0.822
1470.845	0.82
1473.666	0.821
1476.428	0.822
1479.243	0.821
1482.005	0.822
1484.693	0.823
1487.428	0.823
1490.146	0.822
1492.97	0.821
1495.725	0.822
1498.467	0.822
1501.291	0.821
1504.039	0.821
1506.753	0.821
1509.448	0.822
1512.213	0.822
1515.013	0.822
1517.693	0.822
1520.477	0.821
1523.173	0.821
1525.942	0.822
1528.741	0.823
1531.631	0.822
1534.391	0.821
1537.156	0.822
1539.764	0.823
1542.432	0.822
1545.232	0.822
1548.04	0.823
1550.788	0.822
1553.584	0.823
1556.322	0.822
1559.084	0.823
1561.829	0.822
1564.557	0.822
1567.382	0.822
1570.122	0.822
1572.95	0.822
1575.618	0.823
1578.371	0.822
1581.076	0.822
1583.832	0.823
1586.567	0.823
1589.406	0.822
1592.125	0.822
1594.798	0.821
1597.525	0.822
1600.334	0.822
1603.159	0.823
1605.867	0.822
1608.68	0.822
1611.473	0.822
1614.249	0.822
1616.959	0.822
1619.79	0.822
1622.494	0.822
1625.171	0.821
1627.975	0.821
1630.704	0.822
1633.414	0.823
1636.193	0.823
1639.003	0.822
1641.74	0.823
1644.437	0.822
1647.152	0.822
1649.792	0.823
1652.6	0.823
1655.406	0.822
1658.195	0.822
1660.87	0.823
1663.564	0.822
1666.337	0.822
1669.031	0.823
1671.859	0.823
1674.684	0.822
1677.504	0.823
1680.243	0.823
1682.987	0.823
1685.715	0.822
1688.472	0.823
1691.229	0.823
1694.04	0.823
1696.796	0.824
1699.541	0.824
1702.233	0.823
1705.031	0.823
1707.817	0.823
1710.544	0.824
1713.309	0.824
1716.096	0.824
1718.784	0.823
1721.458	0.823
1724.174	0.823
1726.909	0.823
1729.601	0.823
1732.36	0.823
1735.018	0.822
1737.802	0.822
1740.643	0.824
1743.446	0.823
1746.14	0.823
1748.882	0.822
1751.699	0.822
1754.46	0.823
1757.271	0.822
1760.086	0.822
1762.782	0.822
1765.64	0.822
1768.501	0.822
1771.232	0.822
1774.015	0.822
1776.689	0.822
1779.411	0.821
1782.293	0.822
1784.999	0.822
1787.84	0.821
1790.648	0.822
1793.417	0.822
1796.243	0.822
1799.019	0.822
1801.737	0.822
1804.451	0.822
1807.169	0.822
1809.925	0.822
1812.708	0.821
1815.486	0.822
1818.186	0.822
1821.008	0.823
1823.737	0.822
1826.536	0.822
1829.275	0.823
1832.134	0.823
1834.822	0.823
1837.546	0.822
1840.254	0.823
1842.98	0.823
1845.828	0.823
1848.631	0.822
1851.376	0.821
1854.174	0.822
1856.975	0.823
1859.7	0.823
1862.473	0.824
1865.287	0.823
1868.058	0.823
1870.875	0.823
1873.618	0.823
1876.466	0.823
1879.255	0.823
1881.966	0.823
1884.674	0.822
1887.427	0.822
1890.213	0.823
1893.003	0.822
1895.757	0.822
1898.534	0.822
1901.274	0.822
1903.965	0.822
1906.684	0.823
1909.489	0.823
1912.183	0.822
1914.961	0.821
1917.707	0.821
1920.419	0.821
1923.181	0.822
1925.924	0.822
1928.741	0.822
1931.489	0.822
1934.148	0.823
1936.966	0.821
1939.744	0.822
1942.497	0.821
1945.21	0.822
1947.906	0.822
1950.593	0.822
1953.315	0.823
1956.132	0.823
1958.807	0.822
1961.553	0.823
1964.299	0.823
1966.977	0.823
1969.717	0.823
1972.417	0.822
1975.284	0.822
1977.998	0.823
1980.702	0.822
1983.483	0.822
1986.26	0.823
1989.079	0.823
1991.862	0.822
1994.704	0.823
1997.426	0.823
2000.122	0.823
2002.899	0.823
2005.68	0.823
2008.343	0.823
2011.012	0.823
2013.776	0.824
2016.547	0.823
2019.304	0.823
2022.102	0.824
2024.898	0.824
2027.669	0.823
2030.352	0.824
2033.141	0.824
2035.845	0.824
2038.547	0.823
2041.4	0.823
2044.11	0.824
2046.846	0.824
2049.557	0.824
2052.304	0.824
2055.096	0.823
2057.752	0.823
2060.457	0.823
2063.218	0.824
2066.077	0.824
2068.859	0.823
2071.601	0.823
2074.363	0.822
2077.131	0.824
2079.869	0.823
2082.697	0.823
2085.468	0.823
2088.139	0.823
2090.935	0.824
2093.724	0.823
2096.46	0.824
2099.221	0.823
2101.894	0.822
2104.588	0.823
2107.402	0.823
2110.143	0.823
2112.905	0.823
2115.566	0.822
2118.369	0.823
2121.079	0.823
2123.841	0.822
2126.528	0.824
2129.23	0.823
2131.886	0.822
2134.644	0.823
2137.346	0.822
2140.039	0.823
2142.815	0.823
2145.651	0.823
2148.312	0.823
2151.116	0.824
2153.942	0.824
2156.716	0.824
2159.418	0.823
2162.087	0.823
2164.847	0.824
2167.665	0.823
2170.474	0.823
2173.222	0.822
2175.999	0.822
2178.804	0.823
2181.531	0.822
2184.255	0.823
2186.964	0.823
2189.658	0.822
2192.39	0.822
2195.195	0.823
2198.036	0.822
2200.812	0.823
2203.573	0.822
2206.408	0.824
2209.079	0.824
2211.79	0.824
2214.617	0.823
2217.32	0.823
2220.158	0.823
2222.969	0.823
2225.744	0.824
2228.612	0.823
2231.424	0.823
2234.2	0.823
2237.027	0.822
2239.732	0.822
2242.513	0.822
2245.199	0.822
2247.918	0.822
2250.709	0.822
2253.414	0.822
2256.312	0.823
2258.97	0.823
2261.702	0.823
2264.551	0.822
2267.278	0.822
2270.109	0.823
2272.807	0.823
2275.634	0.822
2278.438	0.822
2281.132	0.822
2283.899	0.823
2286.666	0.822
2289.409	0.822
2292.148	0.822
2294.861	0.823
2297.689	0.823
2300.388	0.822
2303.215	0.822
2305.968	0.822
2308.707	0.822
2311.504	0.822
2314.378	0.823
2317.17	0.822
2320.015	0.823
2322.791	0.822
2325.593	0.821
2328.351	0.823
2331.097	0.823
2333.819	0.823
2336.597	0.823
2339.449	0.822
2342.319	0.823
2345.112	0.823
2347.814	0.823
2350.599	0.824
2353.287	0.824
2356.007	0.824
2358.778	0.824
2361.497	0.823
2364.206	0.824
2366.876	0.823
2369.538	0.824
2372.369	0.823
2375.065	0.823
2377.76	0.823
2380.48	0.823
2383.186	0.824
2385.885	0.823
2388.627	0.822
2391.445	0.824
2394.158	0.823
2396.982	0.823
2399.73	0.823
2402.48	0.823
2405.245	0.824
2408.048	0.824
2410.693	0.823
2413.477	0.823
2416.29	0.823
2419.002	0.823
2421.794	0.823
2424.514	0.824
2427.185	0.824
2429.914	0.824
2432.604	0.823
2435.313	0.823
2438.092	0.824
2440.865	0.823
2443.695	0.824
2446.491	0.824
2449.277	0.824
2452.033	0.824
2454.84	0.823
2457.628	0.824
2460.327	0.824
2463.086	0.824
2465.883	0.824
2468.609	0.824
2471.439	0.824
2474.158	0.824
2476.898	0.824
2479.576	0.824
2482.389	0.824
2485.066	0.824
2487.881	0.824
2490.608	0.825
2493.347	0.824
2496.118	0.824
2498.79	0.824
2501.513	0.824
2504.214	0.823
2506.995	0.823
2509.694	0.824
2512.387	0.824
2515.175	0.824
2517.956	0.824
2520.681	0.824
2523.458	0.824
2526.153	0.824
2528.876	0.824
2531.523	0.824
2534.196	0.824
2536.913	0.824
2539.61	0.825
2542.503	0.823
2545.285	0.824
2548.124	0.824
2550.834	0.825
2553.545	0.825
2556.406	0.825
2559.183	0.825
2561.89	0.825
2564.677	0.824
2567.414	0.825
2570.194	0.825
2572.901	0.825
2575.556	0.825
2578.31	0.824
2581.063	0.825
2583.805	0.824
2586.594	0.825
2589.37	0.824
2592.21	0.824
2595.034	0.824
2597.762	0.824
2600.574	0.824
2603.358	0.824
2606.009	0.825
2608.756	0.825
2611.554	0.825
2614.238	0.825
2617.016	0.825
2619.686	0.825
2622.515	0.826
2625.317	0.826
2628.036	0.826
2630.738	0.826
2633.454	0.826
2636.311	0.825
2639.101	0.825
2641.906	0.825
2644.696	0.825
2647.56	0.825
2650.275	0.824
2653.084	0.825
2655.89	0.824
2658.629	0.825
2661.387	0.825
2664.197	0.825
2666.834	0.825
2669.566	0.824
2672.229	0.824
2674.991	0.825
2677.784	0.825
2680.578	0.825
2683.358	0.825
2686.08	0.825
2688.851	0.824
2691.589	0.824
2694.277	0.825
2696.988	0.825
2699.651	0.825
2702.419	0.825
2705.141	0.825
2707.8	0.825
2710.585	0.824
2713.34	0.825
2716.129	0.825
2718.808	0.825
2721.606	0.825
2724.288	0.825
2727.079	0.825
2729.811	0.825
2732.535	0.824
2735.312	0.825
2738.069	0.825
2740.769	0.825
2743.417	0.825
2746.111	0.825
2748.819	0.825
2751.536	0.825
2754.298	0.825
2757.046	0.824
2759.809	0.824
2762.497	0.824
2765.089	0.824
2767.825	0.825
2770.575	0.824
2773.253	0.825
2776.044	0.824
2778.84	0.824
2781.544	0.824
2784.254	0.825
2786.975	0.825
2789.702	0.825
2792.448	0.825
2795.262	0.825
2797.997	0.824
2800.833	0.824
2803.623	0.824
2806.307	0.825
2809.051	0.823
2811.721	0.824
2814.401	0.823
2817.1	0.824
2819.875	0.823
2822.643	0.823
2825.427	0.824
2828.14	0.825
2830.82	0.824
2833.53	0.824
2836.326	0.824
2839.049	0.824
2841.824	0.824
2844.651	0.824
2847.32	0.824
2850.144	0.823
2852.975	0.824
2855.708	0.824
2858.346	0.824
2861.009	0.824
2863.756	0.824
2866.446	0.824
2869.162	0.825
2871.942	0.824
2874.691	0.823
2877.359	0.824
2880.081	0.825
2882.838	0.824
2885.597	0.825
2888.417	0.824
2891.239	0.823
2894.091	0.825
2896.892	0.824
2899.627	0.824
2902.424	0.824
2905.085	0.824
2907.804	0.825
2910.479	0.824
2913.228	0.825
2916.01	0.824
2918.829	0.824
2921.605	0.824
2924.237	0.825
2926.953	0.824
2929.679	0.824
2932.417	0.825
2935.096	0.824
2937.864	0.824
2940.626	0.824
2943.294	0.823
2946.002	0.823
2948.75	0.823
2951.486	0.824
2954.21	0.824
2957.053	0.824
2959.864	0.825
2962.605	0.824
2965.397	0.824
2968.179	0.824
2971.002	0.825
2973.816	0.824
2976.643	0.824
2979.382	0.824
2982.173	0.824
2984.889	0.824
2987.675	0.824
2990.482	0.823
2993.202	0.824
2995.958	0.824
2998.651	0.824
3001.372	0.825
3004.133	0.825
3006.889	0.825
3009.692	0.824
3012.499	0.824
3015.364	0.825
3018.095	0.824
3020.848	0.825
3023.597	0.825
3026.377	0.824
3029.081	0.825
3031.785	0.824
3034.585	0.824
3037.322	0.824
3040.018	0.823
3042.826	0.824
3045.641	0.825
3048.408	0.824
3051.187	0.824
3053.931	0.824
3056.672	0.824
3059.508	0.824
3062.303	0.825
3064.964	0.824
3067.707	0.824
3070.538	0.824
3073.27	0.824
3076.08	0.825
3078.699	0.825
3081.442	0.825
3084.24	0.824
3086.933	0.825
3089.795	0.825
3092.523	0.824
3095.153	0.825
3097.894	0.824
3100.637	0.824
3103.395	0.824
3106.081	0.824
3108.852	0.825
3111.677	0.824
3114.503	0.825
3117.335	0.824
3120.057	0.824
3122.873	0.825
3125.634	0.824
3128.447	0.825
3131.259	0.825
3134.047	0.825
3136.746	0.824
3139.5	0.825
3142.265	0.825
3145.023	0.825
3147.751	0.826
3150.401	0.825
3153.117	0.825
3155.823	0.825
3158.598	0.824
3161.35	0.825
3164.034	0.825
3166.693	0.825
3169.408	0.824
3172.195	0.824
3174.843	0.824
3177.531	0.824
3180.224	0.825
3183.072	0.823
3185.889	0.824
3188.693	0.824
3191.365	0.823
3194.144	0.824
3196.941	0.824
3199.693	0.823
3202.409	0.823
3205.247	0.824
3207.985	0.823
3210.669	0.824
3213.473	0.823
3216.338	0.824
3219.028	0.824
3221.757	0.824
3224.55	0.824
3227.35	0.824
3230.197	0.824
3232.858	0.825
3235.655	0.824
3238.363	0.823
3241.046	0.824
3243.818	0.824
3246.549	0.824
3249.367	0.824
3252.029	0.825
3254.735	0.824
3257.477	0.825
3260.197	0.824
3262.92	0.825
3265.602	0.825
3268.379	0.824
3271.106	0.825
3273.804	0.825
3276.55	0.825
3279.266	0.825
3281.934	0.826
3284.672	0.824
3287.434	0.824
3290.105	0.824
3292.86	0.824
3295.579	0.825
3298.353	0.824
3301.182	0.824
3304.008	0.824
3306.751	0.824
3309.527	0.824
3312.224	0.824
3315.073	0.825
