0	0	1
2	1	3
4	0	5
6	1	7
8	0	9
10	1	11
12	1	13
14	0	15
16	1	17
18	0	19
20	1	21
22	1	23
24	0	2
25	0	26
27	0	28
29	0	30
31	0	20
32	1	33
34	0	35
36	1	37
38	1	39
40	0	41
42	0	36
43	1	44
45	1	46
47	0	48
49	0	50
51	1	52
53	0	54
55	1	56
57	0	58
59	0	60
61	0	62
63	1	64
65	0	10
35	1	66
67	0	68
69	0	70
71	0	72
73	0	63
74	0	75
76	0	77
78	0	79
80	1	81
82	0	83
84	1	85
86	1	87
88	0	89
90	0	91
92	0	93
94	0	45
95	0	96
97	0	12
89	1	98
99	0	100
101	1	102
72	1	103
104	0	105
106	0	107
50	1	108
9	1	109
100	1	110
96	1	111
112	0	80
113	0	114
115	0	6
116	0	117
118	1	119
15	1	120
121	0	122
123	1	124
125	1	126
60	1	127
128	1	129
130	0	131
132	0	133
134	1	135
136	0	137
138	0	139
140	1	141
142	1	143
144	0	145
146	1	147
148	1	149
150	0	151
139	1	152
5	1	153
154	1	155
156	0	157
158	1	159
160	0	16
161	0	162
131	1	163
117	1	164
165	0	166
167	1	168
169	0	51
48	1	170
114	1	171
172	1	173
174	1	175
176	1	177
178	1	179
19	1	180
181	0	182
183	0	184
185	1	186
187	0	32
1	1	188
26	1	189
190	0	178
191	1	192
193	0	118
194	1	195
196	0	38
197	1	198
83	1	199
58	1	200
201	1	202
145	1	203
204	0	205
206	0	55
207	1	208
209	0	210
211	0	212
70	1	213
68	1	214
215	0	216
217	0	101
122	1	218
219	1	220
221	1	222
223	0	224
225	0	219
226	1	227
228	0	229
230	1	231
232	0	174
233	0	172
234	0	191
235	0	236
162	1	237
238	0	239
166	1	240
151	1	241
107	1	242
243	0	244
245	0	246
247	0	84
105	1	248
244	1	249
250	1	251
252	1	253
137	1	254
255	0	128
256	0	43
257	0	226
236	1	258
259	0	260
261	0	262
263	0	185
264	0	167
265	0	194
246	1	266
212	1	267
268	0	154
54	1	269
270	0	271
272	0	252
41	1	273
274	0	140
275	0	207
28	1	276
91	1	277
278	0	146
279	0	280
281	0	125
282	0	201
157	1	283
75	1	284
285	0	250
271	1	286
287	0	230
77	1	288
262	1	289
62	1	290
291	0	292
293	1	294
295	0	22
184	1	296
297	0	293
298	0	134
210	1	299
93	1	300
301	0	302
303	0	221
304	0	305
79	1	306
260	1	307
133	1	308
309	1	310
311	0	148
312	0	158
313	0	314
315	0	197
316	1	317
292	1	318
319	0	123
224	1	320
321	0	322
280	1	323
305	1	324
182	1	325
326	0	316
327	0	142
205	1	328
329	0	309
322	1	330
216	1	331
229	1	332
239	1	333
314	1	334
302	1	335
336	0	86
30	1	337
338	0	176
