339	2	340
341	2	342
343	3	344
345	2	346
347	3	348
349	2	350
351	2	352
353	2	354
355	2	356
357	3	358
359	2	360
361	3	362
363	2	364
365	2	366
367	2	368
369	2	370
371	2	372
373	2	374
375	3	376
377	2	378
379	2	380
381	2	382
383	3	384
385	3	386
387	2	388
389	3	390
391	3	392
393	3	394
395	3	396
397	2	398
399	2	400
401	2	402
403	2	404
405	2	406
407	2	408
409	2	410
411	3	412
413	2	414
415	3	416
417	2	418
419	2	420
421	3	422
423	3	424
425	3	426
427	3	428
429	2	430
431	3	432
433	3	434
435	2	436
437	2	438
439	2	440
441	2	442
443	3	444
445	2	446
447	2	448
449	2	450
451	2	452
453	3	454
455	2	456
457	2	458
459	3	460
461	2	462
463	3	464
465	3	466
467	2	468
469	2	470
471	2	472
473	2	474
475	2	476
477	3	478
479	2	480
481	2	482
483	2	484
485	3	486
487	2	488
489	2	490
491	2	492
493	3	494
495	2	496
497	2	498
375	2	499
500	3	501
502	3	503
504	3	505
506	2	507
508	2	509
510	2	511
512	3	513
514	3	515
419	3	516
517	3	518
417	3	519
520	2	521
522	2	523
524	2	525
526	2	527
528	3	529
530	2	531
510	3	532
533	3	534
535	2	536
537	2	538
539	3	540
541	2	542
543	3	544
545	2	546
459	2	547
548	2	549
550	3	551
552	2	553
554	2	555
556	2	557
558	3	559
560	3	561
562	2	563
564	2	565
566	3	567
568	3	569
570	3	571
572	3	573
574	2	575
576	2	577
578	3	579
580	3	581
582	2	583
584	2	585
586	3	587
588	3	589
590	2	591
359	3	592
429	3	593
594	2	595
596	2	597
598	2	599
600	3	601
602	2	603
463	2	604
605	3	606
607	2	608
609	2	610
611	3	612
613	3	614
615	3	616
617	2	618
619	2	620
621	3	622
623	2	624
625	2	626
627	2	628
629	3	630
631	2	632
633	2	634
533	2	635
636	2	637
638	3	639
640	3	641
642	3	643
644	2	645
646	2	647
648	3	649
650	3	651
652	3	653
654	3	655
656	3	657
475	3	658
659	2	660
661	2	662
663	3	664
665	3	666
667	2	668
669	3	670
671	2	672
673	3	674
387	3	675
676	3	677
678	3	679
680	2	681
682	3	683
684	2	685
686	2	687
688	3	689
690	3	691
692	2	693
694	3	695
696	2	697
698	3	699
700	3	701
702	2	703
704	2	705
706	3	707
708	2	709
710	3	711
712	3	713
714	2	715
716	2	717
718	3	719
568	2	720
721	2	722
723	3	724
725	2	726
727	3	728
729	2	730
731	2	732
733	2	734
735	3	736
737	3	738
739	2	740
741	3	742
743	2	744
745	3	746
747	2	748
749	2	750
751	2	752
745	2	753
754	2	755
756	3	757
758	2	759
760	2	761
762	2	763
764	3	765
766	3	767
768	2	769
770	3	771
772	2	773
774	2	775
776	2	777
778	3	779
780	3	781
782	3	783
784	2	785
786	2	787
788	2	789
790	3	791
792	3	793
578	2	794
795	3	796
797	2	798
799	3	800
801	3	802
803	3	804
805	2	806
807	2	808
809	3	810
811	2	812
813	3	814
815	3	816
512	2	817
818	3	819
820	2	821
822	3	823
824	3	825
826	3	827
629	2	828
829	3	830
831	2	832
833	2	834
835	2	836
837	3	838
837	2	839
477	2	840
841	2	842
843	3	844
845	3	846
847	2	848
849	3	850
851	3	852
853	3	854
491	3	855
856	3	857
858	2	859
860	3	861
862	2	863
864	2	865
866	3	867
868	3	869
870	3	871
667	3	872
873	2	874
875	2	876
877	3	878
879	3	880
881	2	882
883	3	884
885	2	886
887	2	888
764	2	889
890	2	891
892	2	893
894	3	895
896	2	897
898	3	899
900	2	901
902	2	903
904	2	905
906	2	907
393	2	908
909	2	910
607	3	911
912	3	913
914	2	915
916	2	917
918	3	919
920	3	921
922	2	923
733	3	924
925	2	926
927	2	928
929	2	930
590	3	931
914	3	932
933	3	934
935	2	936
937	2	938
939	2	940
941	2	942
943	2	944
945	2	946
947	2	948
949	2	950
688	2	951
952	2	953
954	2	955
956	2	957
431	2	958
959	3	960
961	2	962
963	3	964
965	3	966
967	2	968
969	2	970
971	2	972
729	3	973
974	3	975
976	3	977
727	2	978
979	2	980
981	3	982
983	3	984
985	2	986
987	2	988
989	3	990
465	2	991
841	3	992
993	2	994
570	2	995
996	2	997
998	2	999
1000	3	1001
1002	3	1003
1004	3	1005
1006	3	1007
1008	2	1009
1010	3	1011
1012	2	1013
1014	2	1015
1016	3	1017
1018	3	1019
1020	3	1021
1022	2	1023
1024	2	1025
1026	2	1027
879	2	1028
1029	2	1030
1031	2	1032
1033	3	1034
1035	2	1036
1037	2	1038
1039	3	1040
341	3	1041
784	3	1042
1043	2	1044
1029	3	1045
1046	2	1047
676	2	1048
766	2	1049
1050	2	1051
1052	2	1053
1054	3	1055
1000	2	1056
1057	2	1058
1059	3	1060
1061	2	1062
833	3	1063
580	2	1064
1065	3	1066
377	3	1067
1068	2	1069
1070	3	1071
1072	3	1073
1074	3	1075
1076	2	1077
1078	3	1079
1080	2	1081
1082	2	1083
1084	2	1085
735	2	1086
1082	3	1087
1088	3	1089
1090	2	1091
698	2	1092
663	2	1093
989	2	1094
751	3	1095
1096	2	1097
1098	3	1099
445	3	1100
1084	3	1101
1102	2	1103
1104	2	1105
1106	2	1107
815	2	1108
1109	2	1110
502	2	1111
1112	2	1113
1114	3	1115
1116	3	1117
1118	3	1119
1120	3	1121
1122	2	1123
1124	3	1125
1126	2	1127
1128	2	1129
1130	2	1131
1132	2	1133
1134	2	1135
1136	3	1137
485	2	1138
347	2	1139
1140	3	1141
1142	3	1143
1059	2	1144
1145	2	1146
1147	3	1148
1149	2	1150
1151	3	1152
912	2	1153
1154	3	1155
1156	3	1157
1158	2	1159
361	2	1160
881	3	1161
1162	2	1163
1164	2	1165
1166	2	1167
1168	3	1169
1170	2	1171
1172	2	1173
1174	3	1175
708	3	1176
731	3	1177
1178	2	1179
1180	3	1181
1182	2	1183
1184	2	1185
1186	3	1187
1188	3	1189
1190	3	1191
820	3	1192
621	2	1193
1194	3	1195
1196	3	1197
1198	2	1199
1200	2	1201
638	2	1202
875	3	1203
1170	3	1204
500	2	1205
885	3	1206
1207	3	1208
1209	2	1210
1211	3	1212
1016	2	1213
1145	3	1214
1215	3	1216
1217	2	1218
1219	2	1220
1221	2	1222
1223	3	1224
1225	2	1226
1227	2	1228
619	3	1229
1230	3	1231
1232	3	1233
856	2	1234
1096	3	1235
1236	2	1237
652	2	1238
690	2	1239
1240	2	1241
1242	2	1243
1244	3	1245
1246	3	1247
1248	3	1249
976	2	1250
1251	2	1252
1253	3	1254
1255	3	1256
1257	2	1258
1259	3	1260
1130	3	1261
1262	3	1263
1264	3	1265
1134	3	1266
1267	3	1268
704	3	1269
1270	2	1271
1272	2	1273
469	3	1274
1275	2	1276
1070	2	1277
1278	3	1279
743	3	1280
1281	2	1282
1283	2	1284
1285	2	1286
1287	3	1288
1289	2	1290
1184	3	1291
1292	3	1293
1294	3	1295
807	3	1296
774	3	1297
1298	2	1299
818	2	1300
1301	2	1302
996	3	1303
1304	3	1305
1306	3	1307
1308	3	1309
706	2	1310
1311	2	1312
1313	3	1314
1315	3	1316
1317	3	1318
1319	3	1320
1321	3	1322
1323	3	1324
1325	3	1326
654	2	1327
1328	2	1329
1186	2	1330
1331	3	1332
1057	3	1333
686	3	1334
1068	3	1335
1140	2	1336
1337	3	1338
1339	2	1340
1341	2	1342
1343	3	1344
1345	2	1346
1347	2	1348
1349	2	1350
1351	3	1352
1353	2	1354
1355	3	1356
1357	3	1358
1359	2	1360
1361	2	1362
1363	3	1364
1024	3	1365
1366	2	1367
576	3	1368
640	2	1369
1370	3	1371
1372	2	1373
1374	2	1375
1376	2	1377
1026	3	1378
1379	3	1380
1301	3	1381
1382	2	1383
1384	2	1385
782	2	1386
1387	2	1388
1389	2	1390
1158	3	1391
421	2	1392
1393	3	1394
1200	3	1395
1396	2	1397
1317	2	1398
1399	2	1400
678	2	1401
1402	3	1403
1404	2	1405
1406	3	1407
517	2	1408
1409	2	1410
1411	3	1412
1413	3	1414
1415	3	1416
1417	3	1418
1018	2	1419
1374	3	1420
1421	3	1422
1423	2	1424
1425	2	1426
1427	3	1428
1429	3	1430
1304	2	1431
1432	3	1433
1434	2	1435
792	2	1436
1437	3	1438
1439	3	1440
1441	2	1442
1443	3	1444
904	3	1445
824	2	1446
1447	2	1448
1449	3	1450
1008	3	1451
954	3	1452
1453	3	1454
1455	2	1456
1457	2	1458
1459	2	1460
1461	2	1462
1463	2	1464
1465	2	1466
1031	3	1467
1120	2	1468
1469	3	1470
1172	3	1471
684	3	1472
1473	2	1474
369	3	1475
526	3	1476
1477	3	1478
1479	3	1480
1283	3	1481
712	2	1482
1411	2	1483
1484	3	1485
939	3	1486
1487	2	1488
1353	3	1489
1490	2	1491
1492	3	1493
920	2	1494
1495	3	1496
776	3	1497
508	3	1498
1080	3	1499
1345	3	1500
1501	2	1502
1503	3	1504
1505	2	1506
642	2	1507
535	3	1508
543	2	1509
1510	3	1511
1512	3	1513
443	2	1514
1510	2	1515
1516	3	1517
545	3	1518
1519	3	1520
1521	2	1522
1244	2	1523
1524	2	1525
1526	2	1527
1528	2	1529
1530	3	1531
623	3	1532
537	3	1533
1166	3	1534
1122	3	1535
1536	2	1537
1538	3	1539
1540	2	1541
1542	2	1543
1544	2	1545
1546	2	1547
530	3	1548
609	3	1549
1550	2	1551
1552	2	1553
1404	3	1554
682	2	1555
965	2	1556
1557	2	1558
1559	3	1560
1561	3	1562
1563	3	1564
696	3	1565
1285	3	1566
1567	2	1568
1569	2	1570
1571	2	1572
349	3	1573
1574	3	1575
1576	2	1577
1379	2	1578
1579	3	1580
447	3	1581
415	2	1582
1449	2	1583
1584	2	1585
941	3	1586
826	2	1587
586	2	1588
1589	3	1590
411	2	1591
1592	3	1593
1530	2	1594
1595	3	1596
1597	2	1598
1599	2	1600
1601	3	1602
1178	3	1603
1604	3	1605
1606	2	1607
1608	3	1609
692	3	1610
1611	3	1612
1613	2	1614
1615	3	1616
1516	2	1617
1461	3	1618
1619	2	1620
1074	2	1621
1012	3	1622
1623	2	1624
1625	2	1626
1627	3	1628
1629	2	1630
1631	2	1632
1633	2	1634
1635	2	1636
1376	3	1637
1638	2	1639
1640	3	1641
1642	3	1643
522	3	1644
1625	3	1645
1646	3	1647
1521	3	1648
918	2	1649
1650	2	1651
1652	3	1653
900	3	1654
1037	3	1655
1656	3	1657
797	3	1658
1659	3	1660
1043	3	1661
1662	2	1663
860	2	1664
1665	2	1666
1667	2	1668
1076	3	1669
1432	2	1670
1671	3	1672
1673	2	1674
1384	3	1675
760	3	1676
1503	2	1677
1006	2	1678
1679	2	1680
1681	3	1682
648	2	1683
1684	2	1685
1686	3	1687
1688	3	1689
1690	2	1691
1692	3	1693
1694	2	1695
1696	3	1697
1671	2	1698
983	2	1699
433	2	1700
922	3	1701
1287	2	1702
935	3	1703
1704	2	1705
1706	2	1707
1708	2	1709
636	3	1710
656	2	1711
1281	3	1712
1713	3	1714
574	3	1715
1716	3	1717
1606	3	1718
437	3	1719
1459	3	1720
1351	2	1721
1415	2	1722
365	3	1723
1194	2	1724
1725	2	1726
1727	3	1728
1259	2	1729
803	2	1730
1328	3	1731
541	3	1732
1733	2	1734
1735	2	1736
1737	3	1738
1546	3	1739
613	2	1740
1741	2	1742
1743	3	1744
339	3	1745
864	3	1746
1088	2	1747
1417	2	1748
1749	2	1750
562	3	1751
1313	2	1752
1421	2	1753
1754	3	1755
1756	2	1757
1640	2	1758
1759	3	1760
353	3	1761
1762	2	1763
1764	3	1765
1361	3	1766
1767	2	1768
1215	2	1769
853	2	1770
665	2	1771
1772	2	1773
1774	2	1775
1109	3	1776
1777	2	1778
1779	2	1780
1781	2	1782
1783	2	1784
1540	3	1785
1688	2	1786
1787	3	1788
1227	3	1789
1154	2	1790
1791	3	1792
1793	3	1794
1795	2	1796
1797	2	1798
1799	2	1800
1319	2	1801
1246	2	1802
1550	3	1803
1804	2	1805
909	3	1806
1807	2	1808
1791	2	1809
564	3	1810
1811	2	1812
1813	2	1814
1783	3	1815
1816	2	1817
1818	3	1819
1820	3	1821
1240	3	1822
702	3	1823
1090	3	1824
1825	2	1826
1827	3	1828
1829	3	1830
1370	2	1831
1592	2	1832
1833	2	1834
1835	2	1836
1754	2	1837
1306	2	1838
381	3	1839
1829	2	1840
883	2	1841
1561	2	1842
467	3	1843
790	2	1844
894	2	1845
1190	2	1846
1635	3	1847
1848	3	1849
1010	2	1850
1128	3	1851
1852	2	1853
873	3	1854
741	2	1855
1168	2	1856
1857	2	1858
1859	2	1860
981	2	1861
1862	2	1863
1864	3	1865
1409	3	1866
1867	3	1868
1735	3	1869
1870	3	1871
1872	2	1873
1820	2	1874
1875	2	1876
1877	2	1878
1505	3	1879
1559	2	1880
1061	3	1881
1882	3	1883
646	3	1884
1571	3	1885
1156	2	1886
1253	2	1887
831	3	1888
367	3	1889
725	3	1890
1891	2	1892
762	3	1893
805	3	1894
1343	2	1895
1896	3	1897
1898	2	1899
1102	3	1900
493	2	1901
1126	3	1902
1903	2	1904
1905	3	1906
524	3	1907
1908	3	1909
1910	2	1911
1035	3	1912
1913	3	1914
1915	2	1916
1298	3	1917
355	3	1918
528	2	1919
1463	3	1920
671	3	1921
1804	3	1922
1708	3	1923
1924	2	1925
870	2	1926
1196	2	1927
495	3	1928
1704	3	1929
1629	3	1930
602	3	1931
1151	2	1932
383	2	1933
1406	2	1934
1393	2	1935
1848	2	1936
974	2	1937
473	3	1938
1939	2	1940
1941	2	1942
1608	2	1943
407	3	1944
1945	2	1946
461	3	1947
1948	3	1949
1164	3	1950
1852	3	1951
1112	3	1952
489	3	1953
1954	3	1955
1956	3	1957
1542	3	1958
1604	2	1959
1960	3	1961
851	2	1962
439	3	1963
1964	2	1965
737	2	1966
925	3	1967
1968	2	1969
1439	2	1970
596	3	1971
371	3	1972
1973	3	1974
1975	2	1976
1230	2	1977
1978	2	1979
1980	3	1981
1756	3	1982
1579	2	1983
425	2	1984
1749	3	1985
1519	2	1986
1363	2	1987
1872	3	1988
471	3	1989
1990	3	1991
449	3	1992
1993	3	1994
1054	2	1995
1996	3	1997
1357	2	1998
481	3	1999
739	3	2000
661	3	2001
2002	2	2003
680	3	2004
1857	3	2005
947	3	2006
479	3	2007
1382	3	2008
1264	2	2009
625	3	2010
1827	2	2011
2012	2	2013
389	2	2014
1039	2	2015
2016	3	2017
2018	2	2019
945	3	2020
1372	3	2021
1046	3	2022
1567	3	2023
2024	3	2025
2026	3	2027
2028	3	2029
1905	2	2030
2031	2	2032
385	2	2033
611	2	2034
2035	3	2036
1557	3	2037
453	2	2038
710	2	2039
2040	3	2041
2042	3	2043
2044	2	2045
1339	3	2046
1492	2	2047
1767	3	2048
1389	3	2049
2050	2	2051
1611	2	2052
2053	2	2054
2055	2	2056
2053	3	2057
1948	2	2058
799	2	2059
2060	2	2061
1978	3	2062
2063	3	2064
1355	2	2065
780	2	2066
2067	3	2068
2069	2	2070
2071	3	2072
1396	3	2073
401	3	2074
598	3	2075
588	2	2076
2077	3	2078
627	3	2079
1223	2	2080
2081	3	2082
694	2	2083
770	2	2084
2085	2	2086
1536	3	2087
1743	2	2088
943	3	2089
457	3	2090
1453	2	2091
2092	2	2093
1124	2	2094
2095	2	2096
2097	3	2098
813	2	2099
2100	2	2101
1619	3	2102
1696	2	2103
835	3	2104
1706	3	2105
866	2	2106
1576	3	2107
778	2	2108
1875	3	2109
1597	3	2110
1487	3	2111
1512	2	2112
714	3	2113
2114	3	2115
1209	3	2116
1399	3	2117
979	3	2118
2081	2	2119
2120	3	2121
2122	3	2123
716	3	2124
1321	2	2125
1182	3	2126
2127	3	2128
2129	2	2130
1425	3	2131
2132	3	2133
2134	3	2135
1996	2	2136
2132	2	2137
1913	2	2138
1078	2	2139
1811	3	2140
956	3	2141
1779	3	2142
1341	3	2143
1402	2	2144
1413	2	2145
566	2	2146
1652	2	2147
971	3	2148
1149	3	2149
1673	3	2150
1807	3	2151
451	3	2152
441	3	2153
435	3	2154
345	3	2155
1973	2	2156
2050	3	2157
1631	3	2158
1447	3	2159
1903	3	2160
1136	2	2161
2162	2	2163
1870	2	2164
1490	3	2165
916	3	2166
1716	2	2167
1278	2	2168
1423	3	2169
1975	3	2170
605	2	2171
2162	3	2172
1217	3	2173
1501	3	2174
2175	2	2176
2177	2	2178
1627	2	2179
1642	2	2180
497	3	2181
1774	3	2182
554	3	2183
633	3	2184
2185	3	2186
2092	3	2187
351	3	2188
1052	3	2189
1072	2	2190
2191	3	2192
1050	3	2193
2194	3	2195
2097	2	2196
1528	3	2197
2198	3	2199
2200	2	2201
2202	2	2203
1563	2	2204
822	2	2205
887	3	2206
754	3	2207
373	3	2208
756	2	2209
2210	3	2211
749	3	2212
405	3	2213
2031	3	2214
1993	2	2215
2216	2	2217
2218	3	2219
1727	2	2220
1065	2	2221
1427	2	2222
1891	3	2223
1733	3	2224
1267	2	2225
2226	2	2227
1014	3	2228
2028	2	2229
2230	2	2231
959	2	2232
2233	3	2234
2235	2	2236
721	3	2237
2100	3	2238
1477	2	2239
993	3	2240
673	2	2241
1114	2	2242
403	3	2243
594	3	2244
2245	3	2246
929	3	2247
998	3	2248
1665	3	2249
1387	3	2250
2114	2	2251
1104	3	2252
1311	3	2253
1638	3	2254
1595	2	2255
898	2	2256
1764	2	2257
1524	3	2258
552	3	2259
849	2	2260
2044	3	2261
985	3	2262
504	2	2263
584	3	2264
455	3	2265
2266	3	2267
2268	3	2269
801	2	2270
1022	3	2271
1910	3	2272
2235	3	2273
2233	2	2274
2275	2	2276
868	2	2277
2278	2	2279
2280	2	2281
379	3	2282
927	3	2283
600	2	2284
2035	2	2285
987	3	2286
1825	3	2287
2042	2	2288
1219	3	2289
615	2	2290
795	2	2291
2292	3	2293
550	2	2294
1713	2	2295
1862	3	2296
2297	2	2298
2245	2	2299
1667	3	2300
2301	2	2302
788	3	2303
949	3	2304
506	3	2305
2002	3	2306
1198	3	2307
1132	3	2308
1552	3	2309
1225	3	2310
1292	2	2311
2120	2	2312
1331	2	2313
847	3	2314
617	3	2315
2316	2	2317
1473	3	2318
1990	2	2319
1434	3	2320
2297	3	2321
2230	3	2322
2323	2	2324
1945	3	2325
1939	3	2326
1599	3	2327
1646	2	2328
2329	3	2330
2331	3	2332
1289	3	2333
582	3	2334
1692	2	2335
1980	2	2336
669	2	2337
413	3	2338
2339	3	2340
1613	3	2341
2077	2	2342
2343	3	2344
2175	3	2345
1106	3	2346
2347	2	2348
896	3	2349
1781	3	2350
1690	3	2351
2352	3	2353
811	3	2354
862	3	2355
2202	3	2356
2060	3	2357
1859	3	2358
2359	2	2360
1098	2	2361
2362	3	2363
1584	3	2364
2362	2	2365
2200	3	2366
1795	3	2367
718	2	2368
1272	3	2369
1437	2	2370
700	2	2371
1118	2	2372
1211	2	2373
1574	2	2374
558	2	2375
2339	2	2376
1762	3	2377
2352	2	2378
2266	2	2379
2191	2	2380
2331	2	2381
2268	2	2382
644	3	2383
2384	3	2385
1772	3	2386
961	3	2387
2388	3	2389
2026	2	2390
1835	3	2391
1116	2	2392
1898	3	2393
1033	2	2394
1262	2	2395
483	3	2396
1020	2	2397
2012	3	2398
572	2	2399
1308	2	2400
2401	3	2402
2024	2	2403
1180	2	2404
2405	2	2406
2226	3	2407
1337	2	2408
906	3	2409
1004	2	2410
1255	2	2411
2071	2	2412
2413	2	2414
1248	2	2415
2416	3	2417
892	3	2418
1615	2	2419
1725	3	2420
809	2	2421
2063	2	2422
2359	3	2423
2129	3	2424
902	3	2425
548	3	2426
1188	2	2427
1941	3	2428
391	2	2429
1162	3	2430
2185	2	2431
1544	3	2432
2433	3	2434
1924	3	2435
560	2	2436
843	2	2437
2122	2	2438
2292	2	2439
933	2	2440
963	2	2441
1956	2	2442
395	2	2443
2218	2	2444
2095	3	2445
1813	3	2446
1954	2	2447
1479	2	2448
1882	2	2449
1864	2	2450
858	3	2451
2194	2	2452
2453	3	2454
2455	3	2456
659	3	2457
2433	2	2458
723	2	2459
1484	2	2460
2055	3	2461
409	3	2462
1275	3	2463
1455	3	2464
1741	3	2465
1251	3	2466
427	2	2467
1694	3	2468
2198	2	2469
1257	3	2470
1242	3	2471
2472	2	2473
1818	2	2474
877	2	2475
1686	2	2476
2477	3	2478
2479	3	2480
1759	2	2481
2134	2	2482
1221	3	2483
1270	3	2484
1867	2	2485
937	3	2486
2405	3	2487
2488	2	2489
2479	2	2490
1207	2	2491
1359	3	2492
2455	2	2493
2488	3	2494
2347	3	2495
890	3	2496
397	3	2497
487	3	2498
1816	3	2499
2323	3	2500
399	3	2501
2280	3	2502
2329	2	2503
556	3	2504
1526	3	2505
1232	2	2506
2067	2	2507
2416	2	2508
2384	2	2509
1349	3	2510
1236	3	2511
2040	2	2512
1633	3	2513
2016	2	2514
1662	3	2515
1793	2	2516
2018	3	2517
1650	3	2518
1968	3	2519
2401	2	2520
520	3	2521
2301	3	2522
2177	3	2523
1896	2	2524
2477	2	2525
1465	3	2526
343	2	2527
1147	2	2528
967	3	2529
1441	3	2530
2275	3	2531
1787	2	2532
2472	3	2533
969	3	2534
1737	2	2535
1429	2	2536
1797	3	2537
786	3	2538
2316	3	2539
1495	2	2540
1601	2	2541
747	3	2542
1347	3	2543
1589	2	2544
845	2	2545
1294	2	2546
768	3	2547
631	3	2548
772	3	2549
758	3	2550
1915	3	2551
1681	2	2552
1656	2	2553
1833	3	2554
1964	3	2555
1469	2	2556
1684	3	2557
539	2	2558
2216	3	2559
1538	2	2560
2343	2	2561
1366	3	2562
514	2	2563
1174	2	2564
2210	2	2565
2453	2	2566
1569	3	2567
2413	3	2568
1142	2	2569
357	2	2570
363	3	2571
1659	2	2572
1877	3	2573
650	2	2574
1443	2	2575
1908	2	2576
1323	2	2577
2069	3	2578
2085	3	2579
1457	3	2580
2388	2	2581
1623	3	2582
952	3	2583
1315	2	2584
829	2	2585
1777	3	2586
1679	3	2587
1325	2	2588
2278	3	2589
423	2	2590
2127	2	2591
1799	3	2592
1002	2	2593
1960	2	2594
