58.5126	0.00083
61.5575	0.001274
64.6599	0.001654
67.6644	0.002143
70.7347	0.003703
73.7162	0.004091
76.8085	0.005525
79.8733	0.007241
82.944	0.009711
85.9926	0.012756
89.0801	0.01711
92.1396	0.021011
95.2094	0.025843
98.3045	0.031859
101.4242	0.039065
104.423	0.044298
107.466	0.052291
110.3531	0.059754
113.3599	0.070466
116.42	0.081611
119.4851	0.092001
122.5077	0.10175
125.551	0.115829
128.5755	0.130602
131.6335	0.146121
134.701	0.164581
137.8395	0.187027
140.9551	0.20302
143.9928	0.223655
147.0111	0.243138
150.0885	0.264876
153.1527	0.28565
156.2388	0.308565
159.2088	0.327089
162.3331	0.34842
165.3938	0.362114
168.4451	0.386518
171.5751	0.403361
174.752	0.424132
177.834	0.445379
180.8107	0.464074
183.9008	0.476966
186.8546	0.499506
189.8426	0.516589
192.8718	0.53105
195.9668	0.541637
199.0896	0.559114
202.1757	0.566912
205.2199	0.57861
208.2918	0.593857
211.3566	0.602861
214.4354	0.611529
217.5008	0.62119
220.5116	0.630919
223.581	0.639378
226.655	0.644491
229.7281	0.648304
232.8219	0.653961
235.8472	0.660217
238.8186	0.666925
241.8904	0.671513
245.0552	0.674928
248.1098	0.681046
251.1305	0.683222
254.2501	0.685859
257.3457	0.690047
260.4132	0.691692
263.4922	0.695823
266.5819	0.697945
269.6552	0.702389
272.7217	0.702763
275.7266	0.70618
278.7483	0.709473
281.7742	0.713773
284.7973	0.715722
287.7876	0.716776
290.851	0.719679
293.8536	0.721617
296.8983	0.724226
299.828	0.725791
302.8706	0.727664
305.9126	0.72756
308.91	0.729995
311.8902	0.73068
314.9276	0.73411
317.8644	0.734968
320.8208	0.73802
323.8517	0.739074
326.9302	0.739782
329.9274	0.74268
332.9253	0.741707
335.9443	0.746437
338.8813	0.74778
341.8794	0.749544
344.8051	0.749668
347.8647	0.749343
350.9409	0.753382
353.9644	0.753941
356.9529	0.756159
359.9692	0.758395
363.0386	0.760139
366.0719	0.760771
369.0903	0.762751
372.0779	0.76352
375.0726	0.765491
378.2238	0.766062
381.3552	0.768283
384.4766	0.770364
387.4578	0.77097
390.5554	0.772142
393.6464	0.771719
396.6732	0.772553
399.7615	0.775534
402.8995	0.778056
406.0009	0.778783
409.0094	0.781099
412.0269	0.78146
415.1593	0.782128
418.2615	0.786055
421.4062	0.785448
424.506	0.786732
427.6136	0.788357
430.734	0.788618
433.8604	0.788898
436.8991	0.791484
439.8848	0.78991
442.816	0.791202
445.8255	0.794154
448.8326	0.794292
451.8672	0.794934
454.8756	0.795959
457.8513	0.796144
461.0102	0.798286
464.1863	0.799786
467.2008	0.79983
470.2724	0.79969
473.4484	0.801155
476.6109	0.802196
479.61	0.804309
482.5973	0.804942
485.6286	0.804892
488.7386	0.80704
491.759	0.807132
494.7587	0.807295
497.7201	0.807943
500.7294	0.809908
503.8247	0.81148
506.8619	0.811156
509.9854	0.814713
513.0479	0.813262
516.0376	0.812536
519.0783	0.816382
522.0558	0.816811
525.0361	0.818071
528.0839	0.819138
531.2126	0.820272
534.3179	0.820814
537.4162	0.820953
540.3319	0.823143
543.3387	0.823375
546.3315	0.82338
549.3808	0.826059
552.3527	0.824701
555.3858	0.827863
558.4658	0.828264
561.5432	0.827278
564.5672	0.828757
567.557	0.829286
570.5042	0.829724
573.5284	0.830637
576.4151	0.829519
579.4372	0.830684
582.4892	0.830747
585.5557	0.832027
588.5425	0.834915
591.5282	0.833658
594.4627	0.834424
597.4655	0.835096
600.4726	0.836801
603.5814	0.838682
606.5994	0.837407
609.7033	0.83955
612.8229	0.840276
615.9139	0.840079
619.0279	0.84214
622.178	0.840115
625.2197	0.84288
628.2641	0.841593
631.3025	0.84244
634.289	0.844339
637.3062	0.844089
640.2587	0.844133
643.3105	0.84406
646.3905	0.845983
649.3159	0.846476
652.3485	0.845725
655.3541	0.846007
658.256	0.847629
661.2368	0.847703
664.2331	0.848726
667.169	0.849813
670.1235	0.849617
673.2736	0.848422
676.4094	0.850904
679.5809	0.848354
682.7266	0.850756
685.8145	0.850444
688.9767	0.853481
692.0153	0.854208
695.0683	0.854022
698.091	0.855287
701.2216	0.855264
704.3163	0.855577
707.3862	0.855015
710.4171	0.857208
713.4776	0.857322
716.4458	0.85856
719.4088	0.859306
722.5039	0.859633
725.5001	0.861299
728.5124	0.861907
731.5757	0.862026
734.665	0.862423
737.7596	0.861762
740.9064	0.862986
744.0388	0.862731
747.164	0.863777
750.2822	0.864801
753.3668	0.86481
756.4042	0.864281
759.4718	0.865463
762.6372	0.864797
765.6408	0.866219
768.709	0.866519
771.7848	0.866408
774.8209	0.866202
777.936	0.868693
781.0202	0.866806
784.0773	0.869308
787.1489	0.870592
790.1597	0.869726
793.1809	0.872998
796.1852	0.871052
799.1433	0.871761
802.1302	0.872236
805.1268	0.871137
808.1069	0.873316
811.1077	0.874545
814.1401	0.873377
817.0946	0.874457
820.2059	0.874221
823.2927	0.875493
826.3636	0.873815
829.3342	0.874585
832.4142	0.876999
835.4	0.878762
838.4332	0.877263
841.4584	0.87677
844.5516	0.878278
847.5324	0.87905
850.5345	0.878283
853.5506	0.878241
856.5579	0.879638
859.5634	0.880814
862.635	0.87858
865.5563	0.879976
868.5841	0.881112
871.6957	0.881123
874.7213	0.880734
877.7317	0.882235
880.7219	0.881364
883.7409	0.882315
886.7119	0.881868
889.695	0.882938
892.6719	0.884404
895.7573	0.883747
898.8671	0.883443
901.9349	0.885134
905.0545	0.88469
908.0691	0.886498
911.1306	0.886322
914.2457	0.885072
917.4285	0.886982
920.5034	0.887357
923.6326	0.886383
926.6864	0.886416
929.7086	0.886082
932.8042	0.887504
935.9321	0.88849
938.9429	0.888868
942.0595	0.887639
945.174	0.888818
948.3613	0.886791
951.4796	0.888082
954.5511	0.888464
957.6892	0.890483
960.6755	0.891131
963.7848	0.891351
966.9278	0.890281
969.9993	0.891228
972.9767	0.892061
976.0174	0.891991
979.0255	0.890741
982.0265	0.892526
985.0338	0.892915
1007.3698	0.892438
1010.8844	0.892258
1014.0345	0.891208
1017.3132	0.891208
1020.3719	0.893673
1023.3593	0.892573
1026.4522	0.891167
1029.5147	0.89126
1032.5236	0.895095
1035.5399	0.892741
1038.6096	0.894548
1041.6025	0.896191
1044.5856	0.894658
1047.5435	0.89403
1050.6207	0.895025
1053.6936	0.895748
1056.7102	0.895674
1059.7015	0.895473
1062.7625	0.893934
1065.812	0.895533
1068.8769	0.895658
1071.9424	0.89497
1075.001	0.895101
1078.0943	0.89498
1081.148	0.895037
1084.1705	0.895655
1087.1386	0.896044
1090.1344	0.897162
1093.0552	0.894962
1096.0865	0.894861
1099.1218	0.894992
1102.0762	0.895903
1105.0521	0.897188
1108.0961	0.896177
1111.0848	0.896843
1114.1121	0.895525
1117.0884	0.897942
1120.1504	0.897354
1123.1033	0.897146
1126.0864	0.89877
1129.1402	0.898457
1132.214	0.89795
1135.2071	0.89869
1138.2093	0.899055
1141.2833	0.900459
1144.3128	0.897634
1147.3333	0.898261
1150.3175	0.898546
1153.3744	0.897434
1156.3855	0.898045
1159.4216	0.899317
1162.5054	0.900326
1165.5423	0.899149
1168.5835	0.897959
1171.7063	0.899766
1174.7217	0.900309
1177.8455	0.901511
1181.0083	0.901052
1184.171	0.900432
1187.2932	0.899772
1190.3542	0.901308
1193.3756	0.901169
1196.3538	0.901994
1199.3794	0.900753
1202.5047	0.902744
1205.6127	0.901843
1208.72	0.902778
1211.8847	0.902665
1215.0429	0.904355
1218.2132	0.90345
1221.3178	0.903816
1224.3061	0.904018
1227.3169	0.901191
1230.4331	0.902907
1233.5828	0.902327
1236.7496	0.903489
1239.7848	0.902742
1242.8727	0.904137
1245.9726	0.903931
1249.0232	0.905778
1252.1005	0.903793
1255.2234	0.905631
1258.2751	0.903873
1261.4602	0.904733
1264.4882	0.902575
1267.5632	0.903957
1270.7126	0.902987
1273.8967	0.904961
1277.0069	0.904062
1280.0681	0.903046
1283.1291	0.90517
1286.2051	0.903616
1289.3195	0.904865
1292.4505	0.905444
1295.5247	0.903388
1298.5584	0.904345
1301.6462	0.90481
1304.6832	0.90427
1307.8101	0.904829
1310.8582	0.904882
1313.8084	0.904807
1316.8093	0.905384
1319.8959	0.904695
1322.8912	0.904995
1325.8964	0.904367
1329.1104	0.905297
1332.3004	0.906086
1335.3732	0.905794
1338.3493	0.905502
1341.4003	0.905504
1344.4676	0.905044
1347.4472	0.906306
1350.4242	0.906289
1353.5011	0.905949
1356.4808	0.903915
1359.5029	0.90536
1362.5256	0.907115
1365.5313	0.906282
1368.5499	0.906095
1371.5958	0.906829
1374.6431	0.907365
1377.575	0.907101
1380.6255	0.907753
1383.6266	0.906578
1386.7998	0.907367
1389.9723	0.905905
1393.1332	0.907074
1396.111	0.907124
1399.1153	0.906331
1402.118	0.907326
1405.1567	0.906785
1408.2436	0.907914
1411.316	0.907328
1414.4593	0.906962
1417.5173	0.908902
1420.5884	0.905924
1423.6507	0.908753
1426.6957	0.908161
1429.6994	0.906619
1432.6775	0.907722
1435.7221	0.907554
1438.7987	0.908459
1441.8804	0.908932
1444.9864	0.909665
1448.0958	0.908655
1451.1853	0.908096
1454.2944	0.908669
1457.3632	0.909017
1460.5059	0.908404
1463.5646	0.908598
1466.7272	0.908918
1469.8202	0.908555
1472.9631	0.908113
1476.0576	0.908247
1479.1244	0.908808
1482.2442	0.910497
1485.2978	0.908355
1488.3498	0.910101
1491.3572	0.908764
1494.5033	0.908779
1497.5038	0.909495
1500.4597	0.910043
1503.4134	0.907841
1506.4425	0.908985
1509.427	0.908531
1839.3126	0.910188
1842.3699	0.910651
1845.5561	0.911178
1848.7119	0.911279
1851.7936	0.912994
1854.8095	0.911907
1857.7921	0.91186
1860.807	0.912428
1863.9676	0.914279
1867.074	0.913863
1870.1859	0.913129
1873.3153	0.914481
1876.4189	0.914806
1879.6035	0.914357
1882.7787	0.911978
1885.8587	0.912677
1888.9752	0.913607
1892.0881	0.915729
1895.1921	0.914329
1898.2831	0.912359
1901.4289	0.912758
1904.5501	0.913016
1907.6969	0.913695
1910.8427	0.914776
1913.9334	0.913163
1917.097	0.912952
1920.2221	0.91366
1923.3783	0.913565
1926.5043	0.913023
1929.6732	0.914739
1932.7999	0.91386
1935.8802	0.913873
1939.0669	0.915082
1942.2434	0.914362
1945.3908	0.913826
1948.5792	0.915765
1951.7143	0.914552
1954.7377	0.914094
1957.8689	0.913998
1960.875	0.913913
1963.893	0.915334
1966.9459	0.911883
1969.9861	0.914245
1973.0808	0.915156
1976.1644	0.91553
1979.2312	0.915078
1982.3386	0.914384
1985.4316	0.914908
1988.575	0.91544
1991.6407	0.916811
1994.9864	0.917189
1998.2105	0.917112
2001.2204	0.918847
2004.239	0.914722
2007.2678	0.916156
2010.334	0.916174
2013.5229	0.915086
2016.7133	0.918306
2019.7507	0.916195
2022.8609	0.916882
2025.8906	0.917988
2029.0074	0.915587
2032.0649	0.917913
2035.1417	0.916554
2038.3234	0.915988
2041.5436	0.915992
2044.5907	0.915289
2047.691	0.915776
2050.7874	0.915934
2053.857	0.916357
2056.8984	0.914406
2060.025	0.913646
2063.0533	0.914686
2066.204	0.915907
2069.342	0.916701
2072.4629	0.913734
2075.5065	0.915167
2078.7283	0.915514
2081.8368	0.913971
2084.9938	0.915635
2378.0721	0.915905
2381.1512	0.91395
2384.1316	0.914518
2387.2157	0.911459
2390.2914	0.912706
2393.423	0.911436
2396.5277	0.911856
2399.6171	0.912119
2402.7569	0.911551
2405.8968	0.911791
2409.0455	0.911193
2412.1207	0.912132
2415.1615	0.911841
2418.2558	0.910447
2421.3281	0.910756
2424.3846	0.908028
2427.4956	0.909565
2430.4919	0.908487
2433.5233	0.907938
2436.6147	0.908064
2439.7132	0.905601
2442.752	0.907508
2445.7985	0.908133
2448.8709	0.905652
2451.8891	0.906023
2454.9702	0.904006
2457.9501	0.906316
2460.9823	0.906389
2463.9764	0.903861
2466.8948	0.907408
3277.861	0.906602
3280.916	0.905636
3284.388	0.904617
3287.4571	0.904235
3290.4654	0.905168
3293.4873	0.904255
3296.4596	0.902889
3299.3988	0.904647
3302.4566	0.903419
3305.5699	0.902752
3308.6946	0.903244
3311.8361	0.903887
3314.8738	0.904928
3317.8891	0.902056
3320.9666	0.903772
3324.0401	0.904297
3327.0808	0.903635
3330.2586	0.903472
3333.3429	0.903364
3336.4265	0.902899
3339.5261	0.901724
3342.4869	0.902394
3345.5589	0.902189
3348.637	0.902749
3351.6365	0.900669
3354.6508	0.899549
3357.7508	0.9006
3360.8769	0.899337
3363.9574	0.899181
3367.0251	0.899187
4388.0639	0.898414
4391.1205	0.900041
4394.2066	0.90047
4397.2691	0.898951
4400.3624	0.900312
4403.4328	0.899263
4406.4969	0.897253
4409.5242	0.896643
4412.4848	0.897013
4415.5052	0.895078
4418.565	0.896459
4421.6392	0.896324
4424.7206	0.895292
4427.9076	0.895365
4431.09	0.895524
4434.2051	0.896889
4437.3764	0.895678
4440.5047	0.895935
4443.6501	0.895438
4446.8156	0.896479
4450.0059	0.895297
4453.0143	0.895236
4456.1341	0.89601
4459.2116	0.895347
4462.331	0.897197
4465.4142	0.897001
4468.4655	0.894794
4471.4197	0.893459
4474.4395	0.895766
4477.5075	0.894118
