1.6907	0.000644
3.2979	0.001342
4.9087	0.001678
6.4842	0.001886
8.0792	0.002338
9.648	0.002923
11.2219	0.003077
12.8029	0.003365
14.3573	0.003689
15.8931	0.004915
17.453	0.005594
19.0054	0.006567
20.563	0.006538
22.1101	0.007924
23.642	0.008431
25.1414	0.009277
26.6666	0.010451
28.1776	0.010943
29.7578	0.011247
31.3008	0.011851
32.8546	0.012952
34.3308	0.014865
35.8456	0.016066
37.4012	0.017445
38.9669	0.020313
40.5328	0.021212
42.0399	0.023472
43.5415	0.024765
45.109	0.026684
46.6307	0.02986
48.1341	0.033099
49.6468	0.035919
51.1622	0.038941
52.6791	0.042226
54.2562	0.046257
55.788	0.050184
57.3069	0.05536
58.8436	0.058791
60.3501	0.062883
61.9265	0.067205
63.5025	0.07221
65.092	0.075018
66.6821	0.07957
68.2515	0.084705
69.8735	0.085838
71.4385	0.092367
72.9773	0.095864
74.5391	0.100152
76.0862	0.106477
77.6201	0.113261
79.2041	0.116492
80.7901	0.123294
82.3968	0.130519
84.0194	0.136865
85.5886	0.14276
87.1358	0.147986
88.6829	0.15391
90.2183	0.16063
91.779	0.167193
93.3407	0.174592
94.8894	0.180558
96.4581	0.186627
98.036	0.192635
99.6017	0.198568
101.1917	0.202229
102.7374	0.207799
104.3522	0.214679
105.9316	0.219665
107.4663	0.22507
108.962	0.230949
110.5035	0.236162
112.0968	0.242324
113.6207	0.244748
115.1586	0.25159
116.7285	0.254355
118.2844	0.26049
119.8242	0.266703
121.3372	0.269249
122.8758	0.274199
124.471	0.276364
126.0092	0.285202
127.5374	0.287447
129.1086	0.290436
130.6831	0.293438
132.2355	0.298284
133.8279	0.300581
135.3981	0.305711
136.8911	0.309104
138.4716	0.314738
140.0768	0.318249
141.6519	0.320865
143.2566	0.324126
144.8671	0.325081
146.4839	0.329226
148.0573	0.332974
149.6368	0.334351
151.2428	0.340091
152.882	0.341687
154.4529	0.345292
156.039	0.350313
157.6328	0.351391
159.1907	0.354116
160.7474	0.355855
162.3069	0.35729
163.8419	0.359815
165.4143	0.361987
166.9871	0.367643
168.5066	0.369185
170.0655	0.373247
171.553	0.374296
173.1146	0.375548
174.6654	0.377728
176.227	0.378064
177.7876	0.381094
179.3412	0.386139
180.9601	0.388363
182.5361	0.390334
184.0846	0.391558
185.6725	0.396682
187.2633	0.394254
188.8807	0.397277
190.4476	0.398282
192.0236	0.40071
193.5885	0.401844
195.1179	0.403042
196.6798	0.406518
198.2434	0.408332
199.797	0.409566
201.3611	0.410698
202.8885	0.415217
204.4454	0.415826
206.057	0.417244
207.6984	0.422251
209.2611	0.422191
210.8128	0.427012
212.3145	0.426559
213.8743	0.425976
215.4263	0.426952
217.0203	0.430361
218.5801	0.429347
220.1492	0.430371
221.7089	0.430596
223.2683	0.431625
224.8357	0.43316
226.391	0.434464
228.482	0.434823
230.0857	0.43758
231.6652	0.439537
233.2215	0.441575
234.7938	0.443055
236.3726	0.447998
237.9352	0.446734
239.4526	0.450799
240.9579	0.451972
242.4933	0.454705
243.9887	0.45519
245.5204	0.455925
247.0222	0.458031
248.523	0.461641
250.0934	0.462665
251.5999	0.463829
253.1628	0.464016
254.6998	0.465113
256.2462	0.467311
257.8851	0.46729
259.4875	0.468077
261.0624	0.471192
262.6491	0.470659
264.2075	0.474887
265.7634	0.473319
267.3	0.475507
268.8114	0.476636
270.3465	0.480169
271.8974	0.484376
273.405	0.482764
274.9628	0.485702
276.5041	0.488041
278.0909	0.490953
279.6465	0.489403
281.2023	0.492907
282.7737	0.493964
284.303	0.495182
285.8787	0.496531
287.4374	0.497583
288.9785	0.49907
290.5186	0.501258
292.0644	0.499584
293.6337	0.502179
295.2226	0.50367
296.7925	0.50607
298.3497	0.506856
299.9475	0.508743
301.5275	0.509259
303.1307	0.509364
304.7247	0.511933
306.3004	0.512234
307.8633	0.512286
309.4691	0.513248
311.0904	0.511734
312.6666	0.514074
314.2145	0.515854
315.7671	0.515065
317.3445	0.514873
318.871	0.514934
320.439	0.517975
321.9997	0.517647
323.5646	0.517465
325.114	0.516687
326.6986	0.517133
328.3023	0.518349
329.8824	0.517481
331.4717	0.51849
333.0306	0.520663
334.5846	0.519531
336.1623	0.522395
337.6918	0.520606
339.2309	0.524389
340.7914	0.523096
342.3751	0.523769
343.978	0.524509
345.5782	0.525161
347.1179	0.527326
348.6587	0.527625
350.2078	0.530687
351.7715	0.530114
353.3372	0.527647
354.888	0.532964
356.4276	0.534426
357.9025	0.533451
359.3914	0.536146
360.9519	0.53105
362.5106	0.533627
364.092	0.533152
365.6283	0.535182
367.2424	0.534608
368.8226	0.532269
370.4006	0.534808
371.9596	0.535255
373.5314	0.533853
375.1219	0.533677
376.7237	0.533103
378.2938	0.534865
379.8408	0.534447
381.3801	0.533782
382.994	0.533644
384.5629	0.537689
386.1324	0.536752
387.6646	0.537729
389.2339	0.538486
390.7996	0.538843
392.3654	0.539575
393.9509	0.53869
395.5213	0.539218
397.0766	0.53893
398.6386	0.539966
400.1822	0.537665
401.7253	0.540996
403.2904	0.54048
404.8855	0.541696
406.4328	0.541271
408.0323	0.543063
409.6164	0.542012
411.1919	0.542405
412.7734	0.540713
414.3307	0.543852
415.8933	0.542727
417.3996	0.543421
418.9139	0.543845
420.4632	0.542976
422.0006	0.544663
423.6052	0.543327
425.131	0.545418
426.7372	0.545118
428.3129	0.545796
429.8868	0.545855
431.4341	0.544234
433.0254	0.546047
434.6684	0.54547
436.2561	0.546417
437.8048	0.546064
439.3978	0.545996
440.9974	0.547419
442.5797	0.545912
444.1298	0.546678
445.6969	0.548118
447.2749	0.546457
448.902	0.546361
450.5327	0.545735
452.098	0.546245
453.6545	0.546633
455.2398	0.543847
456.7777	0.548176
458.3761	0.545413
459.9625	0.543912
461.5333	0.544976
463.0661	0.543279
464.6115	0.543928
466.2318	0.544253
467.8183	0.54508
469.3828	0.544154
470.9539	0.543924
472.5186	0.543146
474.0667	0.544072
475.6402	0.541431
477.2133	0.541903
478.8027	0.542598
480.3641	0.542153
481.9807	0.541385
483.5158	0.543021
485.0941	0.542892
