16.3651	0.056013
30.7244	0.210693
45.2248	0.450241
59.5753	0.619863
73.8794	0.729335
88.502	0.78402
103.1107	0.810298
117.4796	0.826128
131.9465	0.842335
146.4078	0.849968
160.9977	0.850316
175.5537	0.854718
190.1722	0.854136
204.6906	0.864064
219.0742	0.865142
233.7426	0.864555
248.1667	0.864597
262.532	0.867823
277.0296	0.864815
291.6471	0.86989
306.3224	0.873159
321.0077	0.871593
335.6196	0.871378
349.9714	0.870458
364.481	0.870354
379.0509	0.86928
393.4209	0.869942
407.9314	0.871335
422.6479	0.877632
437.1841	0.871353
451.8561	0.869476
466.5714	0.875622
481.241	0.876155
495.8388	0.873542
510.2609	0.872024
524.8943	0.876056
539.1396	0.876834
553.356	0.87359
567.8221	0.873821
582.1742	0.876407
596.7239	0.876199
611.2181	0.875049
625.6001	0.876005
640.1508	0.877903
654.6378	0.875215
669.0188	0.87617
683.602	0.875401
698.0895	0.876636
712.5462	0.878247
726.8485	0.876901
741.419	0.880187
755.8393	0.8794
770.1474	0.879153
784.5202	0.876536
799.1305	0.876802
813.527	0.876778
828.1222	0.875804
842.6227	0.878013
857.1714	0.877929
871.6743	0.876545
886.3352	0.877498
900.9272	0.877798
915.3005	0.875011
929.8006	0.876954
944.3248	0.874432
958.8264	0.876628
973.2437	0.879488
987.9217	0.879783
1002.5774	0.873902
1017.02	0.874373
