64.3283	0.641748
68.9074	0.699135
72.9645	0.754097
77.1334	0.801371
81.4287	0.834917
85.3392	0.85716
89.5342	0.87266
93.402	0.889646
97.3254	0.897402
101.4327	0.90412
169.3816	0.90836
173.2853	0.909819
177.2487	0.912748
181.4334	0.914981
185.576	0.91731
189.458	0.918922
193.5187	0.920327
197.4093	0.92166
201.3107	0.921703
205.4389	0.92208
267.2989	0.922925
271.1208	0.923477
274.9027	0.923335
278.6719	0.924692
282.5659	0.925323
286.5214	0.925234
290.4514	0.926231
294.332	0.926133
298.499	0.926168
302.6032	0.926812
358.8161	0.930437
362.6723	0.928744
366.3952	0.929803
370.3493	0.929717
374.542	0.930815
378.697	0.93047
382.6731	0.930846
386.7765	0.931963
390.7035	0.930818
394.7739	0.931493
465.7784	0.932282
469.8026	0.932554
473.7408	0.932669
477.5287	0.933056
481.3372	0.933794
485.5075	0.93513
489.6808	0.934011
493.7091	0.934441
497.6688	0.934875
501.5512	0.936161
557.3326	0.935594
561.2567	0.935197
565.3791	0.936067
569.328	0.93641
573.1888	0.936708
577.2667	0.93837
581.2896	0.937673
585.2032	0.938798
589.1833	0.938809
592.9115	0.939242
666.0489	0.939699
669.9063	0.940074
673.808	0.939746
677.7625	0.940321
681.5504	0.94037
685.5389	0.940744
689.5793	0.941143
693.4043	0.942093
697.4628	0.942541
701.3399	0.942371
771.9753	0.942743
775.7677	0.941782
779.8602	0.943454
783.6556	0.943712
787.5756	0.943836
791.602	0.943935
795.349	0.943451
799.1121	0.943504
802.944	0.944064
806.7413	0.943437
879.2672	0.944091
883.1413	0.943811
886.9714	0.944473
890.6835	0.944236
894.3514	0.943844
898.1042	0.944551
901.8257	0.944943
905.9291	0.944941
909.7818	0.945584
913.7207	0.945387
969.7953	0.946671
973.7533	0.946883
977.5337	0.946429
981.4483	0.946931
985.5499	0.94581
989.5972	0.947376
993.6648	0.947301
997.405	0.946731
1001.3422	0.946632
1005.3398	0.947189
1073.6896	0.946905
1077.4811	0.947009
1081.164	0.948676
1084.9949	0.947421
1088.9054	0.947981
1092.6319	0.947732
1096.6531	0.94827
1100.6564	0.948191
1104.7758	0.948882
1108.48	0.948062
1173.5128	0.948579
1177.4385	0.948046
1181.5621	0.948922
1185.3698	0.9494
1189.1243	0.948617
1193.1013	0.948571
1197.0126	0.948014
1200.9556	0.949455
1204.782	0.949289
1208.5865	0.948446
1272.0681	0.947774
1276.0403	0.94846
1280.1533	0.948084
1284.2315	0.948519
1288.1105	0.948161
1291.8126	0.948543
1295.6686	0.948685
1299.3939	0.948201
1303.0927	0.948743
1306.8722	0.948847
1376.65	0.949151
1380.6984	0.949252
1384.6789	0.949065
1388.3853	0.949813
1392.5297	0.9502
1396.3725	0.950659
1400.4361	0.950284
1404.3481	0.950317
1408.1783	0.950281
1412.0768	0.950367
1475.1623	0.949724
1479.1627	0.949944
1483.1187	0.950438
1486.9068	0.950401
1490.7047	0.949777
1494.7879	0.949775
1498.5072	0.950465
1502.2955	0.949777
1506.1845	0.949445
1510.1851	0.949811
1583.0386	0.949744
1586.9357	0.950041
1590.8635	0.949766
1594.6052	0.950232
1598.6987	0.950251
1602.3958	0.9494
1606.2031	0.950248
1610.1522	0.94992
1613.9793	0.95028
1617.6821	0.949915
