17.4807	0.003479
34.2738	0.009873
51.3165	0.014361
68.4549	0.027894
85.7839	0.042582
103.2452	0.068085
120.3717	0.086671
137.3169	0.116872
154.21	0.136519
171.3039	0.161198
188.3664	0.179876
205.2119	0.204136
222.098	0.22387
238.8527	0.245134
255.6694	0.26218
272.5334	0.280348
289.2824	0.302892
306.097	0.323901
322.6903	0.346317
339.2764	0.365874
356.1161	0.385694
372.9518	0.406188
389.5983	0.423836
406.1776	0.440613
422.9751	0.456257
439.6917	0.474344
456.5358	0.490473
473.3057	0.501903
490.1975	0.518111
506.893	0.536054
523.7784	0.546062
540.3978	0.55891
557.2108	0.574167
573.8722	0.587059
590.6719	0.592971
607.3841	0.612175
624.0243	0.61483
640.7733	0.627885
657.5129	0.641782
674.3002	0.649652
691.0537	0.66288
707.7408	0.666787
724.6273	0.679852
741.3746	0.689999
758.2168	0.697259
775.053	0.705967
791.9044	0.702504
808.6657	0.712774
825.6316	0.724503
842.2566	0.726022
858.9623	0.73578
875.6563	0.742626
892.393	0.748047
909.1969	0.752933
926.0987	0.755922
942.7493	0.76612
959.3493	0.772194
976.1781	0.770689
992.7195	0.779959
1009.4564	0.785257
1026.095	0.788568
1042.7988	0.788949
1059.4295	0.79561
1076.2417	0.798072
1092.9206	0.80182
1109.7641	0.8104
1126.6203	0.811806
1143.3793	0.815015
1160.0655	0.818303
1176.8425	0.82506
1193.4633	0.822623
1210.362	0.828127
1227.1396	0.829157
1244.0246	0.836618
1260.7699	0.837024
1277.7189	0.838451
1294.6603	0.844536
1311.4227	0.845605
1328.3767	0.846243
1345.1152	0.84846
1361.7933	0.849673
1378.4837	0.851493
1395.1398	0.854663
1411.7183	0.860832
1428.5968	0.863323
1445.2417	0.865204
1461.991	0.866578
1478.5367	0.867954
1495.3767	0.872585
1512.1158	0.873361
1528.9587	0.874214
1545.7791	0.873538
1562.6927	0.87746
1579.5014	0.877005
1596.4809	0.876895
1613.1915	0.877616
1629.8392	0.877274
1646.6469	0.878968
1663.3925	0.885243
1680.2451	0.887982
1697.1596	0.888217
1713.7759	0.890676
1730.4874	0.892227
1747.2513	0.890406
1764.0942	0.890982
1780.8732	0.890987
1797.5576	0.8899
1814.3659	0.893008
1831.1763	0.893564
1848.1052	0.893833
1864.932	0.893409
1881.8025	0.893371
1898.5358	0.897645
1915.4379	0.897101
1932.4171	0.898596
1949.223	0.899641
1966.1813	0.899252
1983.003	0.90019
1999.7057	0.905068
2016.5459	0.902975
2033.2357	0.905048
2050.4475	0.905233
2067.1018	0.907098
2083.8133	0.904125
2100.6284	0.907856
2117.4243	0.909249
2134.2311	0.908017
2150.9399	0.911749
2167.7941	0.909025
2184.7171	0.912553
2201.6179	0.914965
2218.3841	0.912684
2235.2063	0.914115
2252.0299	0.914187
2268.6913	0.915694
2285.3767	0.918783
2302.0262	0.920991
2318.9384	0.917443
2335.5778	0.920584
2352.2463	0.92139
2369.1741	0.921605
2385.963	0.923597
2402.7739	0.922728
2419.5359	0.922398
2436.1135	0.920363
2453.0374	0.924159
2469.7769	0.925027
2486.695	0.923324
2503.3831	0.924957
2520.3167	0.924846
2536.9866	0.926261
2553.7878	0.92322
2570.6817	0.927797
2587.4387	0.927003
2604.1814	0.927688
2620.9975	0.927949
2637.943	0.92908
2654.4727	0.928377
2671.3691	0.927192
2688.0895	0.92642
2704.7862	0.927195
2721.4188	0.928895
2738.046	0.926106
2754.9327	0.926845
2771.6482	0.926895
2788.5173	0.926853
2805.4362	0.928592
2822.1219	0.924862
2838.6328	0.926182
2855.4982	0.927429
2872.1457	0.931354
2889.0865	0.932034
2905.8711	0.929022
2922.8646	0.932397
2939.6593	0.931718
2956.4731	0.929788
2973.2336	0.929419
2989.7871	0.92866
3006.5313	0.9315
3023.4064	0.931683
3040.1378	0.932251
3056.9266	0.931297
3073.7902	0.930907
3090.4991	0.931676
3107.2722	0.933147
3124.0726	0.934267
3140.8327	0.936499
3157.7889	0.934367
3174.589	0.933391
3191.3084	0.933575
3208.0498	0.934954
3224.7791	0.935787
3241.536	0.93653
3258.4514	0.936628
3275.5054	0.93976
3292.1941	0.935162
3309.127	0.938396
3325.9983	0.937643
3342.8464	0.935721
3359.8865	0.937092
3376.7313	0.936415
3393.6116	0.936716
3410.443	0.939178
3427.247	0.938243
3444.1582	0.937393
3460.865	0.938437
3477.7169	0.940386
3494.3625	0.936965
3511.14	0.935829
3528.0122	0.936361
3544.8607	0.937985
3561.4566	0.940317
3578.465	0.941291
3595.1882	0.937972
3612.1263	0.939341
3628.9027	0.939715
3645.841	0.938321
3662.7065	0.936975
3679.4157	0.939366
3696.2545	0.9374
