6.786	0.136
11.911	0.445
16.954	0.614
22.022	0.757
27.023999999999997	0.811
31.999999999999996	0.858
36.937	0.873
42.004999999999995	0.892
47.07299999999999	0.901
52.120999999999995	0.911
57.196999999999996	0.915
62.321	0.922
67.328	0.925
72.33500000000001	0.929
77.44500000000001	0.933
82.44200000000001	0.936
87.566	0.938
92.49000000000001	0.94
97.49700000000001	0.942
102.37400000000001	0.943
107.43700000000001	0.946
112.42200000000001	0.946
117.47900000000001	0.948
122.50300000000001	0.948
127.53700000000002	0.95
132.72700000000003	0.95
137.63500000000002	0.951
142.651	0.952
147.775	0.952
152.744	0.953
157.707	0.953
162.755	0.953
167.787	0.954
172.76000000000002	0.955
177.84600000000003	0.955
182.82100000000003	0.956
187.88500000000002	0.955
192.972	0.956
197.985	0.957
203.108	0.956
208.065	0.957
213.038	0.958
218.10000000000002	0.959
223.086	0.958
228.145	0.959
233.199	0.959
238.114	0.959
243.076	0.961
248.206	0.96
253.171	0.961
258.17	0.961
263.274	0.962
268.258	0.961
273.28799999999995	0.962
278.30699999999996	0.962
283.22499999999997	0.963
288.16299999999995	0.962
293.08299999999997	0.963
298.128	0.963
303.20599999999996	0.964
308.29999999999995	0.963
313.381	0.964
318.294	0.963
323.263	0.964
328.33799999999997	0.964
333.402	0.964
338.538	0.964
343.661	0.964
348.716	0.963
353.74	0.964
358.803	0.963
363.649	0.964
368.71	0.963
373.69899999999996	0.965
378.734	0.963
383.85699999999997	0.964
388.86299999999994	0.964
393.91099999999994	0.964
398.88899999999995	0.964
403.7579999999999	0.965
408.82699999999994	0.965
413.80699999999996	0.965
418.823	0.965
423.96599999999995	0.966
429.02899999999994	0.965
433.91299999999995	0.967
438.92799999999994	0.965
444.0299999999999	0.966
449.1739999999999	0.966
454.1699999999999	0.965
459.0739999999999	0.964
464.19299999999987	0.964
469.1709999999999	0.959
474.0989999999999	0.961
479.1149999999999	0.958
484.1659999999999	0.958
489.1239999999999	0.959
494.1619999999999	0.959
499.2289999999999	0.959
504.2439999999999	0.96
509.19499999999994	0.959
514.218	0.959
519.005	0.96
523.966	0.96
529.04	0.96
533.966	0.961
539.022	0.961
544.086	0.961
549.072	0.961
553.954	0.961
558.9029999999999	0.961
563.8709999999999	0.961
568.9579999999999	0.962
573.9099999999999	0.961
578.8499999999999	0.962
583.9429999999999	0.962
588.9849999999999	0.962
593.9289999999999	0.963
598.8939999999999	0.963
603.9629999999999	0.963
608.8289999999998	0.963
613.9309999999998	0.963
619.0779999999999	0.963
624.0359999999998	0.964
629.0819999999999	0.964
634.0429999999999	0.964
638.9809999999999	0.965
643.9789999999999	0.965
649.0429999999999	0.965
654.1579999999999	0.965
659.1249999999999	0.965
664.0489999999999	0.965
669.0939999999998	0.966
674.0669999999998	0.965
679.0999999999998	0.965
684.2949999999998	0.965
689.3479999999998	0.965
694.2909999999998	0.965
699.1889999999999	0.965
704.2899999999998	0.966
709.3469999999999	0.966
714.2699999999999	0.965
719.2359999999999	0.967
724.1219999999998	0.966
729.1319999999998	0.966
734.0109999999999	0.966
739.0279999999999	0.966
743.858	0.965
748.843	0.962
753.982	0.961
758.953	0.962
763.933	0.962
769.062	0.962
773.985	0.963
778.8870000000001	0.963
783.8770000000001	0.964
788.98	0.964
793.98	0.964
798.976	0.964
804.038	0.965
809.004	0.965
814.023	0.965
819.12	0.965
824.063	0.965
829.086	0.965
834.038	0.965
839.021	0.965
844.2139999999999	0.966
849.175	0.966
854.2869999999999	0.965
859.3299999999999	0.966
864.2489999999999	0.966
869.2739999999999	0.966
874.3029999999999	0.966
879.2469999999998	0.966
884.2779999999998	0.965
889.4019999999998	0.966
894.3249999999998	0.966
899.3499999999998	0.966
904.2779999999998	0.967
909.3069999999998	0.966
914.3509999999998	0.967
919.2569999999997	0.967
924.2259999999998	0.967
929.2999999999997	0.966
934.5069999999997	0.966
939.5009999999997	0.967
944.5079999999997	0.968
949.5259999999997	0.968
954.5909999999998	0.967
959.5019999999997	0.965
964.6459999999997	0.965
969.7049999999997	0.965
974.6839999999997	0.966
979.7029999999997	0.966
984.7129999999997	0.964
989.7649999999998	0.967
994.6939999999997	0.966
999.7079999999997	0.966
1004.7809999999997	0.967
1009.8979999999997	0.966
1014.8789999999997	0.966
1019.8509999999997	0.966
1024.8849999999998	0.967
1029.9679999999998	0.967
1035.12	0.967
1040.176	0.967
1045.0739999999998	0.968
1050.06	0.967
1054.95	0.967
1059.9170000000001	0.966
1064.804	0.965
1069.933	0.965
1075.0	0.965
1080.001	0.965
1085.117	0.965
1090.175	0.965
1095.203	0.965
1100.181	0.965
1105.0720000000001	0.965
1110.239	0.965
1115.116	0.965
1120.181	0.965
1125.207	0.966
1130.229	0.966
1135.287	0.966
1140.201	0.966
1145.169	0.966
1150.1770000000001	0.966
1155.159	0.967
1160.202	0.967
1165.087	0.968
1170.118	0.967
1175.106	0.968
1180.09	0.967
1185.0559999999998	0.967
1190.264	0.968
1195.1589999999999	0.968
1200.263	0.968
1205.32	0.968
1210.369	0.968
1215.454	0.968
1220.3239999999998	0.968
1225.3919999999998	0.968
1230.4539999999997	0.969
1235.3539999999998	0.968
1240.2939999999999	0.969
1245.3529999999998	0.969
1250.3949999999998	0.968
1255.4369999999997	0.968
1260.4519999999998	0.969
1265.4359999999997	0.969
1270.4459999999997	0.968
1275.4019999999996	0.969
1280.3199999999995	0.968
1285.2829999999994	0.969
1290.2659999999994	0.969
1295.3639999999994	0.969
1300.4329999999993	0.968
1305.3219999999992	0.967
1310.3039999999992	0.967
1315.4279999999992	0.966
1320.3079999999993	0.965
1325.2589999999993	0.965
1330.1429999999993	0.965
1335.0539999999994	0.966
1340.0409999999995	0.966
1345.2589999999996	0.966
1350.3859999999995	0.966
1355.4849999999994	0.966
1360.5089999999993	0.966
1365.4539999999993	0.967
1370.4139999999993	0.966
1375.4879999999994	0.966
1380.5419999999995	0.967
1385.6889999999994	0.966
1390.7309999999993	0.967
1395.8359999999993	0.967
1400.8899999999994	0.967
1405.8819999999994	0.968
1410.8059999999994	0.967
1415.8759999999993	0.968
1420.8599999999992	0.968
1425.7959999999991	0.968
1430.9079999999992	0.969
1436.1099999999992	0.968
1441.2389999999991	0.968
1446.316999999999	0.969
1451.2189999999991	0.968
1456.2049999999992	0.968
1461.1229999999991	0.969
1466.192999999999	0.97
1471.1309999999992	0.969
1476.0539999999992	0.969
1481.1719999999991	0.97
1486.1809999999991	0.97
1491.124999999999	0.969
1496.060999999999	0.969
1501.080999999999	0.969
1506.004999999999	0.969
1510.966999999999	0.969
1515.905999999999	0.967
1520.909999999999	0.968
1525.791999999999	0.967
1530.909999999999	0.968
1536.055999999999	0.966
1541.064999999999	0.968
1546.033999999999	0.968
1551.048999999999	0.967
1556.133999999999	0.968
1561.066999999999	0.969
1565.9209999999991	0.969
1570.923999999999	0.969
1575.943999999999	0.969
1580.9309999999991	0.969
1585.9389999999992	0.969
1590.912999999999	0.969
1595.9309999999991	0.969
1600.932999999999	0.969
1606.059999999999	0.969
1610.957999999999	0.97
1616.004999999999	0.97
1620.983999999999	0.969
1625.8929999999991	0.97
1631.028999999999	0.97
1636.077999999999	0.97
1641.057999999999	0.97
1646.010999999999	0.971
1651.0449999999992	0.971
1655.962999999999	0.971
1661.021999999999	0.969
1666.0749999999991	0.969
1670.8989999999992	0.968
1675.9169999999992	0.968
1680.8879999999992	0.968
1685.9699999999993	0.968
1691.0389999999993	0.968
1696.1669999999992	0.97
1701.1319999999992	0.969
1706.1699999999992	0.969
1711.1679999999992	0.969
1716.0699999999993	0.969
1721.1449999999993	0.969
1726.1089999999992	0.97
1731.2119999999993	0.969
1736.1459999999993	0.97
1741.0959999999993	0.97
1746.1309999999994	0.97
1751.2619999999995	0.97
1756.3159999999996	0.97
1761.3689999999997	0.97
1766.4379999999996	0.97
1771.3849999999995	0.97
1776.3729999999996	0.971
1781.3119999999997	0.971
1786.3399999999997	0.972
1791.3799999999997	0.972
1796.2719999999997	0.971
1801.1379999999997	0.972
1806.1999999999996	0.971
1811.1779999999997	0.97
1816.1039999999996	0.969
1821.2279999999996	0.971
1826.1799999999996	0.97
1831.2679999999996	0.969
1836.1419999999996	0.97
1841.1169999999995	0.97
1846.2449999999994	0.97
1851.2229999999995	0.97
1856.2719999999995	0.97
1861.2339999999995	0.971
1866.1589999999994	0.971
1871.0539999999994	0.97
1875.9529999999993	0.971
1881.0039999999992	0.97
1885.9419999999993	0.97
1891.0309999999993	0.97
1895.9949999999992	0.97
1900.9769999999992	0.97
1905.8719999999992	0.97
1910.8779999999992	0.971
1915.8469999999993	0.97
1920.8289999999993	0.97
1925.7799999999993	0.97
1930.7029999999993	0.971
1935.8069999999993	0.971
1940.8879999999992	0.971
1945.8619999999992	0.971
1950.9569999999992	0.971
1956.0749999999991	0.971
1961.0339999999992	0.971
1965.932999999999	0.971
1970.855999999999	0.971
1975.903999999999	0.971
1980.869999999999	0.971
1985.818999999999	0.971
1990.830999999999	0.971
1995.714999999999	0.971
2000.710999999999	0.971
2005.7189999999991	0.972
2010.835999999999	0.971
2015.8029999999992	0.971
2020.8469999999993	0.97
2025.9289999999994	0.97
2030.8929999999993	0.97
2035.8919999999994	0.97
2040.7429999999995	0.971
2045.7429999999995	0.971
2050.8359999999993	0.97
2055.9069999999992	0.971
2060.870999999999	0.97
2065.8629999999994	0.971
2070.9319999999993	0.971
2075.9339999999993	0.971
2080.827999999999	0.971
2085.858999999999	0.971
2090.895999999999	0.972
2095.882999999999	0.972
2101.001999999999	0.972
2105.955999999999	0.971
2110.8669999999993	0.97
2115.801999999999	0.97
2120.8849999999993	0.97
2126.0569999999993	0.97
2131.0019999999995	0.97
2135.8129999999996	0.97
2140.9219999999996	0.971
2145.8309999999997	0.971
2150.756	0.971
2155.7039999999997	0.971
2160.7319999999995	0.971
2165.9099999999994	0.97
2170.879999999999	0.971
2175.823999999999	0.971
2180.821999999999	0.972
2185.8669999999993	0.971
2190.955999999999	0.972
2196.0259999999994	0.972
2201.1029999999996	0.973
2206.0199999999995	0.973
2210.9609999999993	0.972
2216.0129999999995	0.973
2221.1379999999995	0.973
2226.1429999999996	0.971
2231.0169999999994	0.971
2236.0889999999995	0.971
2241.0079999999994	0.971
2245.9589999999994	0.971
2250.8929999999996	0.971
2255.8529999999996	0.97
2260.8809999999994	0.971
2265.7999999999993	0.972
2270.814999999999	0.972
2275.7619999999993	0.971
2280.642999999999	0.971
2285.729999999999	0.972
2290.774999999999	0.972
2295.811999999999	0.971
2301.004999999999	0.972
2305.885999999999	0.972
2310.695999999999	0.972
2315.694999999999	0.972
2320.6049999999987	0.972
2325.6709999999985	0.972
2330.7739999999985	0.971
2335.8249999999985	0.972
2340.6939999999986	0.971
2345.6769999999988	0.971
2350.6669999999986	0.972
2355.7679999999987	0.972
2360.701999999999	0.972
2365.824999999999	0.972
2370.807999999999	0.972
2375.702999999999	0.971
2380.532999999999	0.971
2385.538999999999	0.973
2390.661999999999	0.973
2395.594999999999	0.973
2400.578999999999	0.973
2405.607999999999	0.973
2410.570999999999	0.973
2415.568999999999	0.972
2420.466999999999	0.972
2425.445999999999	0.973
2430.450999999999	0.973
2435.492999999999	0.972
2440.664999999999	0.973
2445.735999999999	0.973
2450.779999999999	0.972
2455.779999999999	0.973
2460.713999999999	0.973
2465.597999999999	0.973
2470.517999999999	0.973
2475.5499999999993	0.973
2480.4209999999994	0.973
2485.5209999999993	0.974
2490.562999999999	0.974
2495.472999999999	0.974
2500.5119999999993	0.973
2505.4899999999993	0.972
2510.5169999999994	0.972
2515.5619999999994	0.972
2520.5579999999995	0.972
2525.5389999999998	0.972
2530.5669999999996	0.972
2535.5669999999996	0.972
2540.5099999999998	0.973
2545.5519999999997	0.973
2550.5719999999997	0.974
2555.758	0.973
2560.846	0.973
2565.769	0.973
2570.734	0.973
2575.687	0.973
2580.696	0.973
2585.595	0.973
2590.573	0.973
2595.624	0.972
2600.604	0.973
2605.6589999999997	0.973
2610.691	0.973
2615.7439999999997	0.973
2620.8929999999996	0.973
2625.8319999999994	0.974
2630.7449999999994	0.973
2635.8409999999994	0.973
2640.9579999999996	0.974
2645.8999999999996	0.973
2650.778	0.973
2655.8219999999997	0.973
2660.7949999999996	0.973
2665.7839999999997	0.972
2670.8479999999995	0.972
2675.8979999999997	0.973
2680.9629999999997	0.973
2686.008	0.973
2690.9249999999997	0.973
2696.0809999999997	0.973
2701.1879999999996	0.973
2706.2729999999997	0.974
2711.316	0.973
2716.366	0.973
2721.498	0.973
2726.589	0.973
2731.612	0.973
2736.634	0.973
2741.577	0.973
2746.5840000000003	0.973
2751.581	0.974
2756.6580000000004	0.973
2761.6200000000003	0.974
2766.7770000000005	0.974
2771.7890000000007	0.974
2776.7860000000005	0.973
2781.7410000000004	0.973
2786.7340000000004	0.974
2791.7270000000003	0.973
2796.827	0.973
2801.652	0.973
2806.568	0.972
2811.5190000000002	0.973
2816.4880000000003	0.973
2821.6070000000004	0.973
2826.6030000000005	0.973
2831.6450000000004	0.973
2836.6650000000004	0.974
2841.6420000000003	0.974
2846.5960000000005	0.973
2851.5520000000006	0.974
2856.5870000000004	0.974
2861.6490000000003	0.973
2866.5540000000005	0.974
2871.5250000000005	0.974
2876.4880000000007	0.974
2881.4540000000006	0.974
2886.5500000000006	0.974
2891.5410000000006	0.974
2896.580000000001	0.974
2901.5410000000006	0.974
2906.4130000000005	0.974
2911.3070000000002	0.973
2916.2690000000002	0.974
2921.4150000000004	0.973
2926.3570000000004	0.974
2931.4850000000006	0.973
2936.4740000000006	0.974
2941.5520000000006	0.974
2946.582000000001	0.974
2951.6170000000006	0.974
2956.542000000001	0.974
2961.5570000000007	0.975
2966.674000000001	0.975
2971.6330000000007	0.975
2976.558000000001	0.975
2981.5570000000007	0.975
2986.625000000001	0.974
2991.626000000001	0.974
2996.606000000001	0.974
3001.535000000001	0.974
3006.4800000000014	0.974
3011.4470000000015	0.974
3016.4580000000014	0.974
3021.4040000000014	0.974
3026.3120000000013	0.974
3031.253000000001	0.975
3036.268000000001	0.975
3041.213000000001	0.974
3046.257000000001	0.974
3051.208000000001	0.975
3056.309000000001	0.974
3061.324000000001	0.974
3066.231000000001	0.973
3071.260000000001	0.974
3076.3900000000012	0.974
3081.4220000000014	0.973
3086.3820000000014	0.974
3091.4780000000014	0.973
3096.3450000000016	0.974
3101.3960000000015	0.974
3106.5270000000014	0.974
3111.517000000001	0.974
3116.4570000000012	0.974
3121.436000000001	0.974
3126.483000000001	0.975
3131.421000000001	0.975
3136.4350000000013	0.975
3141.3220000000015	0.975
3146.2220000000016	0.974
3151.223000000002	0.975
3156.248000000002	0.975
3161.1850000000018	0.975
3166.237000000002	0.975
3171.316000000002	0.974
3176.298000000002	0.975
3181.378000000002	0.975
3186.244000000002	0.974
3191.225000000002	0.975
3196.175000000002	0.975
3201.414000000002	0.975
3206.360000000002	0.975
3211.422000000002	0.975
3216.519000000002	0.975
3221.631000000002	0.975
3226.659000000002	0.975
3231.778000000002	0.976
3236.826000000002	0.975
3241.8050000000017	0.975
3246.904000000002	0.975
3251.954000000002	0.975
3257.028000000002	0.975
3262.013000000002	0.976
3267.0200000000023	0.975
3272.120000000002	0.975
3277.1520000000023	0.975
3282.055000000002	0.975
3287.060000000002	0.975
3292.126000000002	0.976
3297.057000000002	0.976
3302.138000000002	0.975
3307.086000000002	0.976
3312.094000000002	0.976
3317.079000000002	0.976
3322.066000000002	0.976
3326.938000000002	0.976
3331.987000000002	0.975
3337.0240000000017	0.975
3341.9630000000016	0.974
3346.9390000000017	0.975
3351.9460000000017	0.975
3356.9630000000016	0.975
3361.9300000000017	0.976
3367.0310000000018	0.975
3372.2000000000016	0.975
3377.2020000000016	0.975
3382.2200000000016	0.975
3387.308000000002	0.975
3392.3250000000016	0.976
3397.2860000000014	0.975
3402.3090000000016	0.975
3407.3960000000015	0.975
3412.3710000000015	0.975
3417.5320000000015	0.975
3422.4300000000017	0.976
3427.442000000002	0.975
3432.6130000000016	0.975
3437.5710000000017	0.976
3442.6130000000016	0.975
3447.7740000000017	0.976
3452.806000000002	0.975
3457.7720000000018	0.976
3462.7180000000017	0.975
3467.9410000000016	0.976
3473.0530000000017	0.976
3478.163000000002	0.976
3483.1400000000017	0.975
3488.0430000000015	0.976
3493.0500000000015	0.976
3498.0390000000016	0.975
3502.9540000000015	0.975
3508.0970000000016	0.976
3513.1910000000016	0.976
3518.0890000000018	0.976
3523.0220000000018	0.976
3527.9390000000017	0.976
3532.815000000002	0.976
3537.903000000002	0.976
3542.864000000002	0.975
3547.902000000002	0.975
3552.945000000002	0.975
3557.982000000002	0.975
3562.936000000002	0.975
3567.966000000002	0.976
3572.917000000002	0.975
3577.9270000000024	0.975
3583.0300000000025	0.975
3588.1390000000024	0.975
3593.2160000000026	0.975
3598.3310000000024	0.976
3603.2760000000026	0.975
3608.2710000000025	0.975
3613.2890000000025	0.975
3618.3910000000024	0.975
3623.2460000000024	0.975
3628.2100000000023	0.975
3633.1610000000023	0.975
3638.196000000002	0.975
3643.1140000000023	0.975
3648.0740000000023	0.975
3652.9070000000024	0.975
3657.9510000000023	0.974
3662.877000000002	0.975
3667.8840000000023	0.975
3672.892000000002	0.975
3677.782000000002	0.975
3682.917000000002	0.975
3687.9960000000024	0.975
3693.0210000000025	0.975
3697.9500000000025	0.975
3702.8660000000027	0.975
3707.7810000000027	0.975
3712.8900000000026	0.975
3718.0630000000024	0.975
3723.0590000000025	0.976
3727.9780000000023	0.976
3732.9380000000024	0.976
3737.9320000000025	0.975
3742.9630000000025	0.974
3747.9000000000024	0.975
3752.9940000000024	0.975
3758.0710000000026	0.975
3762.9640000000027	0.975
3768.141000000003	0.975
3773.226000000003	0.975
3778.231000000003	0.975
3783.2210000000027	0.975
3788.1980000000026	0.975
3793.1710000000026	0.975
3798.1050000000027	0.975
3803.0800000000027	0.975
3808.0780000000027	0.975
3813.0200000000027	0.975
3818.0530000000026	0.975
3823.0060000000026	0.975
3828.094000000003	0.975
3833.219000000003	0.976
3838.2590000000027	0.975
3843.2500000000027	0.975
3848.315000000003	0.976
3853.4970000000026	0.975
3858.6500000000024	0.975
3863.7170000000024	0.976
3868.6610000000023	0.975
3873.6810000000023	0.976
3878.7200000000025	0.975
3883.6310000000026	0.976
3888.5690000000027	0.976
3893.601000000003	0.976
3898.671000000003	0.976
3903.514000000003	0.976
3908.447000000003	0.976
3913.349000000003	0.976
3918.342000000003	0.976
3923.3500000000026	0.976
3928.3250000000025	0.976
3933.4410000000025	0.976
3938.3090000000025	0.976
3943.4180000000024	0.976
3948.3820000000023	0.976
3953.379000000002	0.976
3958.3460000000023	0.975
3963.258000000002	0.976
3968.282000000002	0.976
3973.291000000002	0.976
3978.299000000002	0.976
3983.239000000002	0.976
3988.278000000002	0.976
3993.342000000002	0.975
3998.364000000002	0.975
4003.291000000002	0.976
4008.155000000002	0.975
4013.217000000002	0.976
4018.328000000002	0.976
4023.378000000002	0.975
4028.513000000002	0.976
4033.579000000002	0.976
4038.622000000002	0.976
4043.5470000000023	0.976
4048.4320000000025	0.976
4053.4250000000025	0.976
4058.3990000000026	0.976
4063.3940000000025	0.976
4068.6120000000024	0.976
4073.649000000002	0.976
4078.7190000000023	0.976
4083.6640000000025	0.976
4088.6060000000025	0.977
4093.7510000000025	0.976
4098.637000000002	0.976
4103.702000000002	0.976
4108.804000000002	0.976
4113.706000000002	0.976
4118.674000000002	0.975
4123.832000000002	0.976
4128.9720000000025	0.976
4133.899000000002	0.976
4138.7310000000025	0.975
4143.681000000002	0.975
4148.5210000000025	0.976
4153.461000000002	0.976
4158.449000000002	0.976
4163.469000000003	0.975
4168.4230000000025	0.976
4173.420000000003	0.976
4178.336000000003	0.975
4183.313000000003	0.975
4188.278000000003	0.976
4193.270000000003	0.976
4198.316000000003	0.976
4203.125000000004	0.976
4208.050000000004	0.976
4213.063000000004	0.976
4218.076000000004	0.976
4223.065000000003	0.976
4228.052000000003	0.976
4233.041000000003	0.976
4238.064000000003	0.976
4242.956000000003	0.976
4248.023000000003	0.976
4252.950000000003	0.977
4257.974000000003	0.977
4263.018000000003	0.976
4267.978000000003	0.977
4272.9900000000025	0.977
4278.058000000003	0.976
4282.948000000003	0.977
4287.944000000003	0.977
4292.929000000003	0.976
4297.806000000003	0.977
4302.675000000003	0.976
4307.778000000003	0.976
4312.769000000003	0.976
4317.718000000003	0.976
4322.666000000003	0.977
4327.717000000003	0.976
4332.6870000000035	0.976
4337.6290000000035	0.976
4342.601000000003	0.976
4347.471000000003	0.976
4352.385000000003	0.977
4357.327000000003	0.976
4362.475000000003	0.976
4367.483000000003	0.976
4372.542000000003	0.977
4377.650000000003	0.976
4382.599000000003	0.976
4387.616000000003	0.976
4392.692000000003	0.977
4397.714000000003	0.977
4402.657000000003	0.977
4407.686000000003	0.976
4412.624000000003	0.976
4417.5040000000035	0.976
4422.481000000003	0.976
4427.507000000003	0.977
4432.427000000003	0.976
4437.493000000003	0.977
4442.381000000003	0.976
4447.310000000003	0.976
4452.313000000003	0.976
4457.317000000003	0.976
4462.214000000003	0.976
4467.279000000002	0.977
4472.214000000003	0.977
4477.283000000003	0.977
4482.368000000003	0.977
4487.300000000003	0.977
4492.3650000000025	0.977
4497.366000000003	0.977
4502.344000000003	0.977
4507.437000000003	0.977
4512.522000000003	0.977
4517.440000000002	0.977
4522.3960000000025	0.977
4527.520000000002	0.976
4532.5660000000025	0.977
4537.394000000003	0.977
4542.327000000003	0.976
4547.231000000003	0.976
4552.234000000003	0.976
4557.182000000003	0.976
4562.305000000003	0.976
4567.229000000003	0.976
4572.210000000003	0.977
4577.079000000002	0.977
4582.006000000002	0.977
4586.887000000002	0.976
4591.842000000002	0.976
4596.854000000002	0.976
4601.6910000000025	0.976
4606.704000000002	0.976
4611.799000000003	0.977
4616.776000000003	0.977
4621.871000000003	0.977
4626.870000000003	0.977
4631.830000000003	0.976
4636.8470000000025	0.977
4641.792000000002	0.976
4646.814000000002	0.976
4651.8960000000025	0.977
4656.845000000002	0.977
4661.875000000002	0.977
4666.857000000002	0.977
4671.810000000002	0.977
4676.792000000002	0.977
4681.800000000002	0.978
4686.793000000002	0.977
4691.976000000002	0.977
4697.0660000000025	0.977
4702.086000000003	0.976
4707.089000000003	0.976
4711.935000000002	0.976
4716.892000000003	0.976
4722.018000000003	0.976
4726.929000000003	0.976
4731.916000000003	0.976
4737.037000000003	0.976
4742.081000000003	0.977
4746.975000000003	0.976
4752.032000000003	0.977
4756.9230000000025	0.976
4761.8380000000025	0.977
4766.830000000003	0.976
4771.800000000003	0.977
4776.809000000003	0.977
4781.818000000003	0.977
4786.832000000003	0.977
4791.906000000003	0.977
4797.0080000000025	0.977
4801.938000000003	0.976
4807.006000000003	0.977
4811.954000000003	0.977
4816.894000000003	0.977
4821.940000000003	0.977
4827.000000000004	0.977
4832.199000000003	0.977
4837.1600000000035	0.977
4842.118000000003	0.977
4847.146000000003	0.977
4852.165000000004	0.977
4857.1510000000035	0.977
4862.216000000003	0.977
4867.263000000003	0.976
4872.205000000003	0.977
4877.357000000003	0.977
4882.541000000003	0.977
4887.479000000003	0.977
4892.504000000003	0.977
4897.501000000003	0.976
4902.436000000003	0.977
4907.512000000003	0.977
4912.519000000003	0.977
4917.468000000003	0.977
4922.381000000002	0.977
4927.416000000002	0.976
4932.458000000002	0.977
4937.466000000002	0.977
4942.480000000002	0.977
4947.659000000002	0.977
4952.6460000000025	0.977
4957.681000000002	0.976
4962.661000000002	0.977
4967.608000000002	0.977
4972.735000000002	0.977
4977.736000000003	0.977
4982.717000000002	0.977
4987.860000000002	0.977
4992.8070000000025	0.977
4997.968000000003	0.977
5003.001000000003	0.977
5008.018000000003	0.977
5012.969000000003	0.977
5017.887000000002	0.977
5022.9810000000025	0.977
5027.924000000003	0.977
5033.002000000003	0.977
5038.011000000003	0.977
5042.9100000000035	0.977
5047.952000000004	0.977
5053.078000000004	0.977
5058.060000000004	0.977
5063.018000000004	0.977
5068.043000000003	0.977
5072.999000000003	0.977
5077.878000000003	0.977
5082.846000000003	0.977
5087.818000000003	0.977
5092.767000000003	0.977
5097.739000000002	0.977
5102.7580000000025	0.977
5107.939000000002	0.977
5112.958000000002	0.977
5117.960000000003	0.976
5123.056000000002	0.977
5128.010000000002	0.977
5133.098000000002	0.976
5138.220000000002	0.977
5143.156000000002	0.977
5148.194000000001	0.977
5153.198000000001	0.977
5158.192000000001	0.977
5163.262000000001	0.977
5168.1320000000005	0.977
5173.173000000001	0.977
5178.111000000001	0.977
5183.174000000001	0.977
5188.267000000001	0.977
5193.293000000001	0.978
5198.396000000001	0.978
5203.352000000001	0.977
5208.387000000001	0.978
5213.316000000001	0.977
5218.296	0.977
5223.299	0.976
5228.28	0.977
5233.357	0.976
5238.275	0.977
5243.106	0.977
5248.183	0.977
5253.094	0.977
5258.087	0.977
5263.001	0.977
5268.101000000001	0.977
5272.978000000001	0.977
5278.110000000001	0.977
5283.159000000001	0.977
5288.275000000001	0.977
5293.433000000001	0.977
5298.446000000001	0.977
5303.526000000001	0.977
5308.368	0.977
5313.335	0.977
5318.35	0.977
5323.504000000001	0.977
5328.414000000001	0.977
5333.361000000001	0.977
5338.365000000001	0.977
5343.374000000001	0.977
5348.371000000001	0.978
5353.433000000001	0.977
5358.384000000001	0.977
5363.372000000001	0.977
5368.357000000001	0.977
5373.276000000001	0.977
5378.275000000001	0.977
5383.2660000000005	0.977
5388.177000000001	0.977
5393.241000000001	0.977
5398.228000000001	0.977
5403.342000000001	0.977
5408.3	0.978
5413.262000000001	0.977
5418.343000000001	0.978
5423.2880000000005	0.977
5428.349	0.977
5433.175	0.977
5438.268	0.977
5443.399	0.977
5448.462	0.977
5453.476000000001	0.976
5458.585000000001	0.977
5463.695000000001	0.977
5468.729	0.977
5473.6720000000005	0.977
5478.7210000000005	0.977
5483.695000000001	0.976
5488.602000000001	0.977
5493.544000000001	0.977
5498.683000000001	0.977
5503.720000000001	0.977
5508.682000000002	0.976
5513.738000000001	0.976
5518.773000000001	0.977
5523.826000000001	0.977
5528.729000000001	0.977
5533.521000000002	0.977
5538.634000000002	0.977
5543.689000000002	0.977
5548.648000000002	0.977
5553.639000000002	0.976
5558.613000000002	0.977
5563.546000000002	0.977
5568.741000000002	0.977
5573.627000000002	0.977
5578.769000000002	0.977
5583.743000000002	0.977
5588.704000000002	0.977
5593.726000000002	0.977
5598.604000000002	0.977
5603.502000000002	0.977
5608.591000000002	0.977
5613.546000000002	0.977
5618.436000000002	0.977
5623.369000000002	0.978
5628.359000000002	0.977
5633.317000000002	0.977
5638.372000000002	0.977
5643.380000000002	0.977
5648.371000000002	0.977
5653.380000000002	0.977
5658.376000000002	0.977
5663.403000000002	0.977
5668.522000000002	0.977
5673.703000000001	0.977
5678.661000000001	0.977
5683.658000000001	0.977
5688.807000000002	0.977
5693.848000000002	0.977
5698.809000000002	0.977
5703.8380000000025	0.977
5708.8160000000025	0.977
5713.832000000002	0.977
5718.817000000002	0.977
5723.799000000002	0.977
5728.713000000002	0.977
5733.836000000001	0.977
5738.722000000002	0.977
5743.724000000002	0.977
5748.818000000002	0.977
5753.903000000002	0.977
5758.995000000002	0.977
5764.039000000002	0.977
5769.066000000002	0.977
5774.027000000002	0.977
5778.941000000002	0.977
5783.890000000001	0.977
5788.993000000001	0.977
5793.942000000001	0.977
5799.067000000001	0.977
5804.201000000001	0.977
5809.081000000001	0.977
5814.153000000001	0.977
5819.111000000001	0.977
5824.014000000001	0.977
5829.061000000001	0.977
5834.0740000000005	0.977
5839.076000000001	0.977
5844.112000000001	0.977
5849.064000000001	0.977
5854.0340000000015	0.977
5858.943000000001	0.977
5864.141000000001	0.977
5869.2350000000015	0.977
5874.1590000000015	0.977
5879.241000000002	0.977
5884.251000000002	0.977
5889.381000000002	0.977
5894.254000000002	0.977
5899.228000000002	0.977
5904.200000000002	0.977
5909.273000000002	0.977
5914.263000000002	0.977
5919.250000000002	0.977
5924.179000000002	0.977
5929.154000000002	0.977
5934.120000000003	0.977
5939.200000000003	0.977
5944.166000000003	0.977
5949.215000000003	0.977
5954.228000000003	0.977
5959.246000000003	0.977
5964.166000000003	0.977
5969.175000000003	0.977
5974.199000000003	0.977
5979.225000000003	0.977
5984.2850000000035	0.977
5989.2540000000035	0.977
5994.253000000003	0.977
5999.242000000003	0.977
6004.142000000003	0.977
6009.201000000003	0.977
